0.2003818670232392	-0.10714738032274533	0.8661504102289456	0.4451404420163184	0.10912806288561194	-0.025488501789328512	1.016531288450264	2.0010159726225636	0.5287410175024504	-1.0047616999377167	0.6769328300583447	-0.5049571166757121
0.19978748664619136	-0.10196345768235965	0.8755943742640316	0.42781176378663843	0.13049763858965807	0.008821467554740203	1.017870071988022	1.9993242472879997	0.480437214882925	-0.9821324429061692	0.5623615428647654	-0.4797678019280307
0.21954785808819605	-0.11399800875667851	0.8720173193703997	0.4223612040972276	0.09568981542223383	0.002865934450643296	1.0008670251997316	2.006832016188772	0.4920658016180362	-0.9945356132736703	0.6722413322324371	-0.490973666737256
0.22729411846628755	-0.10013175231071102	0.8692038722050414	0.4275460728782124	0.062419884535905995	0.0018680174063251404	0.9761841000491549	1.9878994630763154	0.45722213571664666	-0.9829310226610428	0.6495492191522053	-0.48820892517230896
0.21729726874794944	-0.09898118198506903	0.8672742588430975	0.4368294662172824	0.06899854887509259	0.018863473821914764	0.9987168298634284	1.9815764979420805	0.49426615733484836	-1.0291063343057372	0.6123510492845102	-0.4486395429742063
0.22353357656743342	-0.10468828139209639	0.8717023967742152	0.4233297005222163	0.14125268543291694	-0.008892693863943021	0.9701827367949165	2.0004834350585643	0.463603852966375	-0.9722111006786336	0.5581412021395904	-0.46567017878190015
0.20320011789587708	-0.10318290897379777	0.8735710480514823	0.4300425832275701	0.11216200236769584	0.007706172330574406	1.027203170128813	1.9929917757720486	0.48380632859523587	-0.9899585167075745	0.606129203516092	-0.47252629036572963
0.2160015490997655	-0.11655265785024196	0.8666497042352151	0.4343697720647239	0.11194038495036056	-0.008657989386065266	1.0080922347247663	2.01870456446081	0.5159525349891937	-0.9890518203864571	0.6281820044139029	-0.4873427993078019
0.22447884047119285	-0.10901967193417879	0.8687004887580746	0.42788248637161497	0.09442252748840292	0.004350316749784349	0.9851126730549461	1.996851339302647	0.4860900473992334	-0.9949169409452656	0.646784632554745	-0.5182589264935001
0.20346694374295873	-0.1010183290543284	0.8733482544561277	0.4308820330872543	0.1075321370601936	0.007457407691397196	1.0215524661646302	1.9878900938191204	0.48847256898008207	-1.0064134837643168	0.6646961827400107	-0.5105387609603861
0.22125702690432245	-0.11366368126551935	0.8662431635236615	0.43329975450621894	0.17994219379429974	0.007480871688437834	0.9877265310584846	2.0058982003455283	0.502971077596347	-0.9837045023601888	0.5969690629681166	-0.4668109408863701
0.2183297959002895	-0.10744085005260376	0.8688416058936762	0.43116450205253415	0.13743264952320466	-0.0342114639151053	1.012886733295702	1.9719946888955169	0.47525522499661943	-0.9791902602417619	0.6012228332922531	-0.45405791299204795
0.21569547091857785	-0.10671624533099983	0.8718689934987632	0.4265343655359088	0.22074457794176125	-0.018849259415672552	1.0122054425484128	2.0033930310412855	0.48703346069084896	-1.0061625867715234	0.6413965892772481	-0.4522143373196505
0.200713726582595	-0.10636264118863473	0.8720104217045825	0.4335882989188029	0.12487981903920176	0.002839984860062423	1.018656348518208	1.979450288290593	0.5048224698107171	-1.001247512725907	0.6090614520326054	-0.49455361858415076
0.21853664342613924	-0.1078774075389993	0.8697989291877224	0.4290151782939535	0.11190550092211517	0.018185452948536334	1.0109326953664797	1.9853313381469566	0.4897743613677397	-1.0087257446044169	0.6018018450739528	-0.4991587481788442
0.2198742866783369	-0.1074587625185852	0.8718919180650093	0.42416081340522943	0.17096555624475684	0.01340253081712262	1.002400165522441	2.0148836024070302	0.4733062935597721	-0.9820734065618408	0.5754025226094139	-0.5450500229056692
0.2114776437094372	-0.11258628034145768	0.8664683393825883	0.43798875846025864	0.11767400894912623	0.036485230953657403	1.0094202336436167	2.0069350013879057	0.5087280288575755	-0.9779091082099169	0.6068684364504578	-0.4960529173314127
0.21715132548050478	-0.11518077520630839	0.8652237332446913	0.43699723373844496	0.13747044765897165	-0.02502113985723896	0.9958809730875152	2.0068142979810344	0.5228311681787504	-1.0010964560026323	0.66280551781032	-0.4985416359541293
0.2216778546267067	-0.10796330135005386	0.8617145589228479	0.44345334959846655	0.17532416969870004	-0.009585899470259186	0.9880853378467902	1.9991452698849634	0.5084155077435106	-0.9951697513868937	0.5826855630879842	-0.4837032076472747
0.21077972709905535	-0.11685372024752888	0.8652657171029114	0.439582021373423	0.11684344468355369	0.005484830062055377	1.0165946422482297	2.025184385561321	0.5352701793656783	-1.002721052692021	0.6123290322966307	-0.5333689683714212
0.20897438997168136	-0.11915744245718256	0.8689002551640503	0.4326009186523708	0.17282198491314937	0.04761351686730034	1.0253527754265215	2.016340662897881	0.5158143810135034	-0.9759612227185045	0.53540134213502	-0.4892525096523639
0.22419298333498383	-0.11032765047898008	0.8674180427059548	0.4302920577367399	0.12188005630263228	0.005370123051168508	0.991059811758528	2.022731561502309	0.5015282345378969	-1.008756882427806	0.6204247153222464	-0.5210740512758595
0.22623044048680205	-0.11237319715921652	0.8660199588821527	0.4315106987956593	0.11437314068570274	0.04145511584474318	0.9918945202230353	1.9879742250358314	0.5009253452093496	-1.0076530263650412	0.6268650690406573	-0.4980022386165645
0.21755864878015693	-0.11982457846080334	0.872741059917726	0.42027770232469785	0.12610003108423143	-0.015792608178246462	1.021387251510062	2.014785423775522	0.5000286867105822	-0.9926445774981585	0.6017430584328308	-0.49923437415987476
0.21938060864734135	-0.1171663307961969	0.861262412281461	0.44313796572669845	0.09285030069216806	-0.020108281711147955	1.0103343436474268	2.0418696284886613	0.5326320009944314	-0.9955033128876908	0.6741919629071789	-0.5001841732134061
0.2283098710378221	-0.11078572881121936	0.8649899404164645	0.4328897412237682	0.10570056550250136	-0.0018911209453069382	0.9769460304969013	2.0127234125439304	0.4954158573519592	-0.9900791915285201	0.6190321374905633	-0.46351315274279176
0.23126543763399549	-0.10393774022326399	0.8618998342059039	0.439137699712827	0.15398913241297715	0.04046597944482659	0.958768390524127	1.9817186805555467	0.5063279633996411	-1.0296511049101078	0.5870115412388383	-0.5311058178218224
0.2230576582947009	-0.11802806599843513	0.8698644857798002	0.4238518999506753	0.09677757106361089	0.028104642228003296	1.0072476427873847	2.017437434484684	0.5018415688865343	-0.9982123948709197	0.6124515812562801	-0.5061084219507744
0.21867304664292325	-0.09629686160054264	0.8732507180271059	0.42466715976507036	0.1535878387513949	0.01405120378667144	0.9957929715781779	2.0215378510979236	0.4681817261343623	-1.017091505277031	0.552914320167802	-0.518786465926261
0.21427076801745493	-0.10608951444557266	0.8655638416231288	0.4400366904844683	0.16077440016699399	-0.04761000537661877	1.0152572592806204	1.9968963942954732	0.5063080790383803	-1.0088525783178746	0.6519246244360847	-0.46737632543445146
0.21752716971946212	-0.11579419026552731	0.8666213182453474	0.4338676373011559	0.059575282327219765	0.003071507552985525	0.9978629083148708	2.00106933160232	0.5020512293673838	-0.9690475927913451	0.7041291594156176	-0.5359143118402487
0.22084947244948797	-0.10463205214100205	0.8669941833087114	0.4342795531594898	0.06258118395998453	0.029547897384219448	1.0005885220894855	2.0016497876830988	0.49640636167665986	-1.0176029407914569	0.6432463705027501	-0.522480352192313
0.2157822734751093	-0.1071681346011594	0.8577349833302829	0.4541406167162547	0.08988482556543993	-0.022844813466663255	1.0069309420870212	1.9925118922072986	0.5273245310665752	-1.004201664275416	0.7043861281885205	-0.47827299034826853
0.21069282081563828	-0.12229141027984264	0.8626442998353775	0.44328112771699163	0.10950783385291367	-0.06288789135486081	0.9974807249725379	2.0144795186331317	0.5546392406427924	-0.9977074097954249	0.7056186864640025	-0.4459768642023338
0.23109309577341766	-0.11467317674940004	0.8659627753723037	0.42843262631311857	0.12409522047901557	0.006599622933395694	0.9955753681384435	1.9980331646777423	0.49404621466636933	-1.000800099094042	0.6066901177795342	-0.4786649255865913
0.20818943755024732	-0.11821378815068981	0.8647198964687682	0.44152254646237304	0.17518323539156921	0.01571107013792584	1.0157400247995292	2.01191636434205	0.537014301864242	-0.992015118160388	0.5602017015389956	-0.4943105619527605
0.2110125980331427	-0.12117725674933712	0.8688408459248157	0.43116741571071815	0.16506840350008214	-0.04978666178323119	1.027997336962227	2.0118823205822993	0.5146296616764623	-0.9746962864277289	0.6428646630699897	-0.490229595260914
0.21644670157374443	-0.10877124938189724	0.8722585918423826	0.4248347792293977	0.16558292910679337	0.009906387079735552	0.9862207990660897	2.0025031678969403	0.4794761917452693	-0.9742062457841205	0.5257014730346026	-0.49671045529373686
0.20982803279945278	-0.10754676316909426	0.8690560192270135	0.43491094011148923	0.1587249324376557	-0.05399186765448651	1.0311432982837934	2.015088449265395	0.49381736385749286	-0.9859523927923087	0.6082722697925219	-0.49797764079949686
0.21444420771327538	-0.10006024186650264	0.8740013747120876	0.42440926801523016	0.16076853340098504	-0.021439079039879152	1.0070017657163848	1.9872681227044366	0.46728603533296903	-1.0025883884633489	0.58825094065362	-0.4537767575176644
0.2189094376232152	-0.11576239341771206	0.8671416779261854	0.43213775210348176	0.1500989083603027	-0.010100849190757473	0.9978283689509897	2.0017536943944734	0.511984460616026	-0.9966019181385557	0.54191394076462	-0.49043461906746383
0.2114712430129976	-0.11405983123970347	0.874935774127019	0.42042556942800496	0.14835802201246992	0.0006039360679940524	1.0051944600127398	2.002286792762784	0.4856098325301792	-0.9729823130350713	0.6212031238810948	-0.4323713809074167
0.21388083483710374	-0.11150149607020585	0.8655580197655445	0.4388983017545623	0.03912376137559585	-0.013317707221770917	1.0054162630820904	1.986117521979913	0.5166343532920015	-1.0042444927470817	0.6554470327282158	-0.5212055118160561
0.20268375233002267	-0.11225382784441554	0.8632289282003095	0.4485021652053011	0.09667971482137645	0.014752856840191168	1.0336758611866577	1.990827331181663	0.541320364915443	-1.0107302646962917	0.642138919299799	-0.504044392781737
0.21508205773700445	-0.10980953958134645	0.8641503261788143	0.44150400589530037	0.14803344193156023	0.04279766413389339	0.9982491345176621	1.9932038964475496	0.5124242977466189	-0.9935228084188736	0.5471346735948632	-0.5302981278937843
0.22542321957255437	-0.10277599467983395	0.8587950307569551	0.4484334534156379	0.13313934094989407	0.021707718311357937	0.9838102607763521	1.997666129762504	0.5120811450709969	-1.0173957633276733	0.6068141215973076	-0.53076440996028
0.21537867986355583	-0.10364784824186378	0.8654772190683062	0.4402480336002131	0.11744632721330768	-0.015981187722312544	1.0043325319779304	1.9793094137478242	0.49986953233094245	-1.0080370882096004	0.6828286237848031	-0.503372925289683
0.2101410046777471	-0.10478709473935584	0.8690398371326583	0.43546548015377157	0.1269490771307282	-0.036378870565043055	1.0149719499415897	2.003150957771534	0.4946827814771247	-0.9949856410786702	0.6628737453098225	-0.49021820991355747
0.20893030894520373	-0.09777177013476755	0.8698770230932655	0.4360077655996213	0.23684773759853472	0.05764152709530004	0.9990763897057074	1.9863603138267958	0.48897368594312557	-1.0088681527196717	0.4081686300005731	-0.5444160752168025
0.20434120087163402	-0.10583667026848308	0.8700609520801895	0.43593257795000045	0.08229462594932306	0.031681427052281726	1.0277213529142046	2.0049100287225907	0.5049354865770941	-1.0027639274725173	0.6567049089253786	-0.4820626327184396
0.21500728076474016	-0.11156222122190906	0.864435052804432	0.440542596688657	0.09902787837663303	-0.029681288815443813	0.996181253020372	1.9915080324153367	0.5028932328457068	-0.9686411806274046	0.6133327835430441	-0.5016788611962109
0.21266076331703104	-0.09900805375131956	0.87012757353548	0.4334175940257288	0.15777652151315338	0.000462336944798349	0.9948560070700937	2.0046837964559416	0.4885933341484421	-1.0110930776897127	0.5948885072491111	-0.49252247391062437
0.2199199543066485	-0.09648962236560155	0.8669276903803332	0.4367623451321394	0.15949710559663408	0.00011790205141657806	0.9967019050646769	1.9842305338585706	0.48279999452562344	-1.0218135140646765	0.5883082438349091	-0.50325968672914
0.20778795929018157	-0.11261273490026748	0.8682120228192641	0.4362916677457703	0.07689896250240753	-0.03983241903524328	1.0097666647888224	2.0192714353021746	0.5169125075552194	-0.9883556379461289	0.7070996154549946	-0.4539356661542857
0.21270414647375252	-0.11409204065308019	0.8733452162224624	0.4230934715093445	0.1673827618571692	-0.03922891769631275	0.9968358648548525	2.010209650963937	0.49429296667836364	-0.9793831064613598	0.6437844317056692	-0.476619019026435
0.2269560768816825	-0.11473961487112477	0.8669340253306792	0.4286620529853873	0.1418363829277919	0.009121237649468475	0.9898822221516886	2.0034462482522017	0.4970911817954145	-0.9931609084599987	0.5853182148413983	-0.5080184523172162
0.2152828729787009	-0.11280813152177113	0.8648139989993847	0.43934537348115504	0.12794792674024033	0.009390171391286506	1.019280400316652	2.006718358656923	0.51788422446105	-1.0036135992548354	0.5909935252544049	-0.5321057355667759
0.21148991418792396	-0.1138463624308465	0.8675146835990845	0.4355792645409436	0.11466617512627132	-0.018969582636992523	1.0290810528355343	2.024881613072841	0.5157439508801451	-0.9975918123169609	0.644587276349044	-0.5087726386221655
0.21444614295913403	-0.11866079338202407	0.8693724970648277	0.4290966432298969	0.12789538501772138	-0.0348652965402879	1.0023471354718394	2.0080626683029057	0.5172295675746374	-0.993567148965394	0.6515750899314249	-0.49015689176569316
0.22052073726789417	-0.11785420343730883	0.8659997459837537	0.43304206622804664	0.07857711140214481	0.01684047638311904	0.9876382126672905	2.0102599934841434	0.510373094840735	-0.9764873208500423	0.6507739861976441	-0.5315580088913406
0.21498562711413757	-0.10080767722992637	0.8664109191560383	0.4392620078188379	0.15566022676745658	0.013964275824161416	0.9786710603714328	1.9984037699972381	0.5046049152603385	-1.0156602891475763	0.5667832065530756	-0.5276408853014413
0.21799310773649952	-0.11594109309377676	0.8696380256135169	0.42751183880522814	0.10127785584750014	0.017430645196852886	0.9920571464610843	1.998436676242875	0.5001173774806797	-0.9812167484919273	0.6053032183639879	-0.5070731240113353
0.2155581424764833	-0.10740132538382245	0.8754118285295803	0.4191106930017213	0.1598145206593364	0.03033600845381453	0.9884915116962008	2.0217973033692807	0.48165896323039914	-0.9963564394267931	0.5567252979758498	-0.4806445833530503
0.20990073095871836	-0.10370863667355375	0.8704968108665126	0.4329220531383678	0.16612832325997054	0.04802029352902934	1.018803017588769	2.0023562025199424	0.48916002928379093	-0.9978658018456046	0.5611977472711043	-0.5033767325086812
0.2340889864069023	-0.09602771457632304	0.8630568832542884	0.43716569026357865	0.15624366875453308	-0.02609370957626383	0.9363890460435289	1.9877011185704099	0.4773430392774849	-1.007165412386839	0.565175195126034	-0.4530411601229914
0.21324447612720918	-0.10015928173738946	0.8676971103001415	0.43771753044613865	0.0692872099432411	0.03734336618913422	0.9885568740086931	1.97063514006087	0.5038275330405184	-1.029423214040846	0.6171352547191616	-0.5429579999368326
0.22635391635144336	-0.10252497280651494	0.8653662761220812	0.4351939138521918	0.07589496036345192	-0.028310834558933073	0.986604140491599	2.004015142837508	0.4883908505990593	-1.0121857652866362	0.7929512424723754	-0.46690991247057934
0.20709723578819333	-0.09127440057754531	0.8729069131362818	0.43221897196558484	0.10797572750137051	-0.0013413094239737632	0.999595264008177	1.98122287336735	0.4608742241421057	-0.991346539688725	0.6472098481070693	-0.4847561984777993
0.2174567047523213	-0.1138019011678955	0.8671455768731776	0.43338234546196996	0.100972243067436	0.003914895851197887	1.0053090732854668	1.9963123959811304	0.5100617181754832	-1.0007902253896537	0.6369025449502509	-0.5034008559838914
0.2167840232121858	-0.10756928912090424	0.864641484925392	0.4402597390904315	0.11772418993824237	-0.007099210908533653	0.9903878640669027	1.9988410055918249	0.514410609044545	-1.009556570990643	0.5556273685770793	-0.47945497626166184
0.2187105404804225	-0.11100948058258923	0.8577860681776134	0.451714130777349	0.1674965849246914	0.00603698069666513	0.9991623740189646	2.011447493932554	0.5362851239858522	-1.0078398664910286	0.5560125066151564	-0.48274221169941317
0.2062589007453464	-0.1064238447366052	0.866833858912462	0.4412825536747746	0.07973668363913254	-0.02018954063231374	1.0209775162392873	1.991472707558747	0.510228941625233	-0.9991993489994118	0.6673229787596319	-0.4790876526253864
0.21161875635353866	-0.11331136343711509	0.8752207549654357	0.41996031592656013	0.10385953635597307	-0.01858115897940463	0.9858829773982202	1.988001745883403	0.4878134673193762	-0.9770271066922567	0.6305865980641316	-0.4556938470070633
0.21973961529407993	-0.11982293512623934	0.8595400708997873	0.4455870646750547	0.09564151813619189	0.0392222736992213	1.00629536370309	2.007501693252636	0.5458112289879076	-1.009286106018441	0.6616997880180048	-0.5330564489311979
0.21465530411256126	-0.10602928055245617	0.8677172274486066	0.435600396316137	0.07717687567244393	0.015289408848531217	1.003199860532909	1.9804726819236007	0.5000054122118069	-1.0083034617011293	0.620166630430011	-0.5000267871148127
0.2230558724465061	-0.12460158379166228	0.860934626939726	0.4399000923163036	0.13620272318320778	0.025163805533327577	1.0137447837777127	1.9896838940886394	0.5360267809058002	-0.999517815668272	0.6026723736552745	-0.5162703194270579
0.22019444807397484	-0.11121569620328875	0.8751231023030075	0.41629920702659945	0.12136812349989705	-0.039479752317643314	0.9951856509588822	2.0069249198480668	0.47074682997652745	-0.9798102478194283	0.6700192672176044	-0.471110412455622
0.216145343482521	-0.11471095470920857	0.8671470061016318	0.4337956398691686	0.11495187516339199	-0.021658889415398244	1.0320842088357098	1.9969363775831275	0.50716562784291	-1.00000284320063	0.6483649862883628	-0.5013680797204295
0.2262520227783414	-0.1186918820050594	0.865602251587552	0.43064486689308884	0.14814666963104473	0.0005979210874202337	0.9854858454714885	2.0148134815509104	0.5098179103244714	-0.9871839320564082	0.6171886386190325	-0.48572648121229367
0.2183236524705884	-0.11044131795188383	0.862637899023037	0.44271136559848245	0.11830312921228538	-0.04086775887878172	1.011596814148319	1.9915287150016157	0.5184858063369094	-1.01233895658979	0.6912979511281122	-0.47088721011583234
0.22008565929042087	-0.12038428726089889	0.8689590887205698	0.42659117206677305	0.10118509973349499	0.025897852514827274	1.0103744744030452	2.005896165446866	0.5116626166734083	-0.9974525051419022	0.6408705389259038	-0.5099258147656424
0.21278961802453436	-0.11569152482794362	0.8682429766591779	0.4330013660786401	0.14498106895853355	-0.018722385341661523	1.0123942606000784	2.0076457509103944	0.5146289255280201	-0.9930276752600992	0.6513686034159383	-0.49194325207113593
0.2158655698266266	-0.10705432848124839	0.8672339474991627	0.4357140195379008	0.12808510750206345	-0.03836876311503632	0.989136241429162	2.010247003927147	0.5019724419021061	-0.9952453632129422	0.6549616480523799	-0.4782339701315322
0.21091445443315487	-0.10394836470836193	0.8704112536383903	0.43254373180670164	0.1458161515772142	0.024280233619045733	1.0264659400046756	1.9711458544559473	0.48861781147905153	-1.0100656309885243	0.5628808977634825	-0.5104646021258984
0.21550011218132895	-0.10467240895707497	0.8660036563002097	0.43890893785342944	0.13045495351030267	-0.02573584467132738	1.0137554440850463	2.0028964741363673	0.5064103647946249	-1.0192766699481957	0.658656799962526	-0.4830432569468912
0.23057617028904726	-0.11553203342988669	0.8702378769370799	0.41972969455404946	0.044714240612844604	0.054770275989626416	0.9672219278338603	2.001675183452795	0.4917363827373631	-0.9999014958926525	0.6405484080032654	-0.5092577416025664
0.22378956043462425	-0.11050466668995206	0.8634510727868319	0.4383596653245934	0.12261218462295738	0.017391854696203513	0.9902924190409664	2.0082440298640933	0.5062960909881324	-0.9965758838571551	0.626882256222093	-0.5036475510994519
0.2209171528293617	-0.11145100938304445	0.8670325027324703	0.43246840728397457	0.15786959169001727	-0.049021529472324236	0.9884169978312405	1.989536257188134	0.49717390248221877	-0.9889471014765534	0.6063936566943104	-0.5016112883836377
0.21959222839704956	-0.10552484422523396	0.8657040929431915	0.43726443251225466	0.06871794375651721	-0.018912217610798043	1.0050112012708179	1.9743204710451119	0.49888959306885566	-1.015960866488609	0.7111329331027121	-0.5031364596712595
0.22041346908645934	-0.09033499122204847	0.8657606884486927	0.44013171022210007	0.17736039836344727	0.011067230758474501	0.9757438739817471	1.9714516160418838	0.47558121091352323	-1.0195028759042708	0.5142520367672286	-0.5148536862653705
0.23450253675637955	-0.11748632052567917	0.8646866626536983	0.4283952616135822	0.14504161504702387	0.019262022136598646	0.9819927820552643	1.9905488521827306	0.4969103200868656	-0.9946171269683216	0.5559774660614607	-0.49668794328854626
0.21676684129570803	-0.10403715741066949	0.8774642039879699	0.41502406811213644	0.1466469484542144	-0.020127690085294993	0.9956680842606865	1.988548270297119	0.4573239375548186	-0.9884494238750114	0.6882478235578883	-0.43626173123483647
0.22372977110554088	-0.10316981544928802	0.866593417901092	0.43395486718289683	0.07717095941083918	0.0015271615596523314	0.9855422688015847	1.980596407238091	0.48069719435412783	-0.9971691476569327	0.6979522055640118	-0.4803678817426787
0.21602900260114943	-0.12120647315311214	0.8680819676077622	0.4302024621212349	0.14260244223753896	-0.03154485438188144	1.0047505504205119	2.03079680435568	0.5205345587757884	-0.9827377621900247	0.5929684049567117	-0.4871383426864357
0.22860727435488973	-0.1193838523954289	0.8693378461384688	0.42158975221248296	0.08975178225085138	-0.016163727712615473	0.9934507594167139	2.016760465696045	0.49708478182514254	-0.9926143791361035	0.6754038477344356	-0.5135469236400433
0.22757272895005354	-0.11633403339982822	0.869893725949092	0.4218553677097866	0.1634554294624214	0.02174463756227865	1.0010287801971482	2.006795323686763	0.4806829318148079	-0.9778027143532794	0.4882250586473667	-0.49662069468659653
0.21610218994022307	-0.12028564840272665	0.8726662037622479	0.42105213822347715	0.12419161023699382	-0.02384789609447713	1.0265076873386074	2.0111574320791052	0.49666060211126933	-0.9816744012117594	0.6658619680038336	-0.4626614300031457
0.21187961224374616	-0.11258816699714035	0.8690403729660082	0.4326658811632423	0.17960337949140762	-0.009327606013432686	1.0178325472356002	1.9728981742274732	0.5054728024959889	-1.0003313595486827	0.5235992996417665	-0.4712375309455877
0.21112544614688966	-0.1089999178327994	0.8698170704984161	0.43239256211372734	0.16270565553942015	0.02719782162874436	0.9990519954819308	2.009266803850961	0.5040592551436335	-0.9952870704089375	0.586242875502018	-0.5362316352197244
0.20912913092795304	-0.11750859749281328	0.8700879178900032	0.43058535884819654	0.13934765425391532	0.003378640020580996	1.0220072467013686	2.011326651563979	0.502766388082671	-0.9634193653985961	0.5924633262668095	-0.5028111287442841
0.21347190915170636	-0.11050066993036299	0.8664256127224859	0.43763683981873763	0.13696543489163163	-0.06357708666628924	1.0198050181933467	2.0111327268287926	0.5089920968243874	-0.9973383413186089	0.6539279041380873	-0.46016415622576634
0.20892712546602157	-0.10813644516881031	0.8679411856675303	0.43741749358341825	0.14893465980823448	0.024493793639427126	1.0091567916936504	2.00412542263901	0.5013190924621431	-0.9812975533955178	0.5512572307647745	-0.5120971849819499
0.20555979840931982	-0.10357513867721067	0.8735156500130831	0.4289379548467787	0.11524087397140208	0.008730954696845794	0.9968202334959873	1.992335360937764	0.48302382408567895	-0.9802784292318766	0.6031926951719183	-0.4757630453076978
0.20816094724166334	-0.10380697411147065	0.8681895563554146	0.4383377994248981	0.09047094001951943	-0.027663099973900086	1.0045909753622266	2.0024861316236953	0.5016906030244227	-0.9965080028195962	0.7110045052639018	-0.47548631350059933
0.21581119509910465	-0.11363773316678845	0.8581467469982966	0.4517700236700652	0.1030955934642213	0.03039575959960252	0.9862174463685639	2.02584710408158	0.5532706274311443	-1.0124874565645179	0.6341692315565072	-0.5240358974409952
0.21089016599501287	-0.1122160313979805	0.8659071729566823	0.43947430869852844	0.1965957373832882	-0.019020608261107286	1.019050820776865	2.015877021702941	0.5219263386667401	-1.0026384461484377	0.5032950274073666	-0.4945677684101479
0.21367369803010408	-0.11232366762617596	0.8638098238295118	0.44222113553828696	0.09535925606523249	0.01780677668858961	0.9946481693484734	1.9950281249416881	0.5230096472668704	-0.9954796649500145	0.58951543611671	-0.4891203142041176
0.22138224829602288	-0.11211756910137749	0.867484192224108	0.43115046918620276	0.1994467553578081	0.04485046493686084	0.9786146083717309	2.001295096788751	0.5017807864841201	-0.9916595056801623	0.5293337836339443	-0.5294677749714688
0.21863747701463002	-0.11174741024516062	0.8655951628034501	0.43641171395764045	0.09282903599770657	-0.01609046937929245	1.000315989186534	2.001736139961344	0.5074337106269169	-0.995046388380235	0.644145791164092	-0.47210169354643633
0.23122507302960277	-0.09589839058488471	0.8669587866050226	0.43095350864569	0.12018067956055874	0.005705147835701447	0.9773276413459382	1.9870892057341725	0.46610562473452277	-1.019874201039467	0.6381938762053087	-0.482505579214572
0.22804318171637714	-0.11593702415737349	0.8666912205242342	0.42825371214785435	0.09517631397504711	0.010630544188965215	1.0074321157009525	2.010610045718692	0.49420885278041055	-0.9923097952028468	0.6938423524388155	-0.4713691769952279
0.22145961679981446	-0.11526079655715786	0.8654280639841287	0.43440171842727715	0.1733983570903451	-0.016888647020550988	0.9926382923452316	2.0028991942991126	0.5133823619476204	-0.997392561975911	0.6014485028377945	-0.4489552540837006
0.2106569063073017	-0.11084300210847714	0.8663428864691772	0.43907573352768126	0.10918476244271376	-0.00827045336720216	1.0141468919084813	2.0111730105007632	0.5150757749578881	-0.99514683415538	0.6479899793840574	-0.5021041352515083
0.20472945912669133	-0.10448934581039415	0.8699164001958912	0.4363637036326815	0.12238198116969129	0.01967134422171938	1.012951063601113	2.005566256134243	0.49720244095196653	-0.9862075404277695	0.5865731710677818	-0.5029222690263554
0.22548921684057707	-0.09452070809476472	0.8692693467010416	0.4296408403723182	0.15773460122802116	0.015751897903544674	0.9919310624417156	1.9900555617046911	0.46479599463910404	-1.0231830098316943	0.5744191050763313	-0.48892632583626944
0.21165873527270698	-0.11041819692878614	0.8658273895618146	0.4397173331292818	0.14602693532471595	0.001094697977905433	1.0020406398198838	2.0090396926662706	0.5210179763838514	-1.0037533552742641	0.5688097228392621	-0.47784858153704196
0.21761478497434078	-0.11997528800829564	0.8576865330435017	0.4501372531392132	0.1402189573444239	0.021229080084380448	1.0227633538843879	2.012038166026837	0.5574685100263275	-1.0203705632552746	0.5196502210713746	-0.4926146426797066
0.20469920142759393	-0.11125736421560216	0.8699207495966425	0.43469290914842135	0.15611834631575572	-0.01569328985030868	1.0301501317550605	1.9870318931372655	0.5095452925954133	-0.9962504380723151	0.5882696068367653	-0.5135608211202042
0.223950322146018	-0.10484051045141142	0.8645608906167697	0.43748049898814945	0.15779157448347025	0.004901800689571746	0.9844960699977657	1.9768126834876898	0.4969201951118307	-1.0122643836683418	0.5645759929691999	-0.4734828074054462
0.21794389218514917	-0.10783697843294426	0.8623283706757007	0.4441412242400294	0.12549130302586234	0.012997352710306794	0.9885532122822103	1.9735042415667923	0.5186745396481973	-1.0129664766817779	0.6044384824990834	-0.49917126855099264
0.21552213858011096	-0.08930550662531314	0.8700509261606691	0.43426503446076953	0.08502692119635856	-0.028877091128562016	0.979914917664403	1.9739699630664578	0.47069367836068887	-1.0234175137179349	0.655532113060541	-0.5031668954939258
0.220454958687821	-0.09784452411922548	0.8670686747160136	0.43591051101808675	0.12085516676004639	-0.008949273824804042	0.9748434234271465	1.996808610612325	0.4894172790195546	-1.0183068741381553	0.6557268559578049	-0.47386168046123767
0.20482187154945483	-0.10149606580824344	0.8699813836775065	0.43689694621844005	0.06124643468344907	-0.003424733434525563	1.0064346843210137	1.9871144660940765	0.491396070015837	-0.9887021909414137	0.6854634713295789	-0.46307179918573976
0.22550650108798517	-0.10956207595593703	0.8667174229753	0.43121210348311756	0.1036544114659557	0.01699514115971411	0.9779990056084157	2.013174742430184	0.4914778927211953	-0.9877969077574719	0.6622127787724482	-0.4974054063299767
0.21982676656457786	-0.10424909569772059	0.8675966432004322	0.4336869648206088	0.14835212382870483	0.016678967728256295	0.984763539523351	1.9866883665200812	0.4952702734550625	-1.0123932269658922	0.5186326188603597	-0.4678842954925247
0.22231055505828856	-0.09836376549755932	0.8750529121143461	0.4185510575151129	0.17749614724881968	0.03469047371083859	0.9974047681349454	1.974278949533937	0.44536054927408597	-0.9968918584591252	0.615877777290832	-0.5262753218714734
0.2127198633302694	-0.11895598317491936	0.8633655919720552	0.4418139748925813	0.10386215672783072	-0.011822898637707045	0.9845204475110018	1.9797534747673518	0.5432500312269317	-1.002564300760868	0.685072701479406	-0.48641874030039545
0.22221334348740254	-0.1025823267331539	0.8681905991073996	0.4316748543055253	0.12920066394159138	0.029658451172656614	0.9854048858402948	1.996643472484035	0.48126965169796404	-1.0007151545629271	0.5805396748408445	-0.479860077525385
0.22065889033673866	-0.10453019194235781	0.8644850242519767	0.43937311698818354	0.10461061684758031	0.019533295468071008	0.9911872597104625	2.005419372236196	0.4994228222977854	-1.0033180059052147	0.6201084474157917	-0.47861593460728974
0.2134841063535148	-0.11608159199244407	0.8620585367188898	0.44475238010046403	0.16492930948819898	-0.015626673756806063	0.9907555920419907	1.9872783336143196	0.5327439554287179	-0.9894958044903451	0.6022004895476654	-0.4844542341509368
0.22906724388372962	-0.11265257588298365	0.8606624127513195	0.44056532569361134	0.14628373605268205	-0.028316211067700697	0.9698770563664959	2.00062945841021	0.5208352222693676	-1.0101891261510303	0.5998731903350002	-0.5043601975315046
0.2029950697757401	-0.1014241333608565	0.8709279625540033	0.43587914708124553	0.1360289653986545	0.021131161115574323	1.0344042828098	1.982307954741265	0.49346208730858165	-1.0064602457728344	0.6137797534591605	-0.533891169592469
0.21985332075318484	-0.10846397636815706	0.874478189340463	0.41855463150230526	0.1065533284972671	-0.04453855191666986	0.996003983833709	2.0050689728249735	0.4683557572883647	-0.9821033941722758	0.6970082692682084	-0.45935972929201
0.222007893046497	-0.10419624422699778	0.8745331819261389	0.41838660569404695	0.055969089985470184	-0.012731072073316451	0.9865826545266521	1.9934443023905752	0.45564748310243475	-0.9794734456598706	0.7216952379340267	-0.4672515771243568
0.2285654008539785	-0.10530917198991462	0.8626930899239341	0.4386666939998449	0.1556928280499741	-0.022260454587321676	0.9651586355211298	1.9960389323740957	0.504012472658712	-1.0149134791298313	0.5830019646869827	-0.4587723269717882
0.218772286442573	-0.10958326943475727	0.8722558724960321	0.4234381733392303	0.1219263721313843	-0.026297366873835864	1.01623433277915	2.0027466354504577	0.47506886129550774	-0.9853575203106753	0.6236419731864582	-0.49899879739720715
0.21811925267784535	-0.1002712136753928	0.865701805097958	0.4392380447655454	0.16622480369353942	0.06264074754570048	0.995038931110115	1.9860917325698824	0.5011656971405687	-1.0284841524885544	0.4897467037746727	-0.5488387958817795
0.2119146798859702	-0.109787706653267	0.8581285212398972	0.45459242069272365	0.13456836547788223	0.04276656307454769	1.022469538334854	2.0287345571430375	0.5399729139831437	-1.0059832233047485	0.5486536957746992	-0.5212208627112218
0.2138765087172343	-0.1154118532240369	0.8744770535552644	0.41979378980592774	0.09131599471532048	0.0027594551940109055	0.9938860935747963	2.022397011428445	0.48846399567185994	-0.9678820084581905	0.6206650949307334	-0.4707697678824559
0.213861055536864	-0.1138073499101338	0.8695725875711666	0.43029623630224395	0.08827758701891474	0.031116649010244673	0.9910957595203967	1.9949975505164004	0.5088525566912101	-0.9932590604432686	0.5831746754247121	-0.503724963644108
0.23121891495404695	-0.08970319383958276	0.8665805362270237	0.43304656171702294	0.1414189913088398	0.020799782669491486	0.9674544704464942	2.00059824597392	0.45005861610486	-1.0027692076027965	0.5741429740651688	-0.4890072520568151
0.22190686301886386	-0.10531684387927569	0.8642868028315135	0.43894649900838234	0.09542629274952853	0.0024219036886400183	1.000581574650925	1.9957987973421991	0.5005647185742296	-1.0125975928775244	0.5468680247476944	-0.48748571496961307
0.21773698263751162	-0.1237906124050574	0.8644810060539955	0.4358200096876744	0.1513865610054201	0.00039840074349306473	1.0213168315871946	2.02589166051671	0.5225801014519625	-0.9713933237150347	0.5870314356039184	-0.48852695485295833
0.21255392867120565	-0.1035884395490037	0.8721436101167547	0.42831738924628393	0.18338571479119145	-0.028780689782725206	1.000488147284592	1.995914942140803	0.4794080328372403	-0.9899589301970685	0.6038056124297198	-0.5031295292612915
0.20687857570670046	-0.09620152011374183	0.8758890756629992	0.42516449707800075	0.16585236832305675	-0.006620743344633791	1.0516684180503513	1.9529785975566538	0.4570603506699917	-1.0114257555213397	0.5556859386827989	-0.462169412644509
0.21662461772735334	-0.11439752677710364	0.8697510386218935	0.4283924738810167	0.17498905573344894	0.02889080994791883	1.0208397540895164	2.0064227808758	0.49249846140859777	-0.9803166293148997	0.5415721613757797	-0.49942158874199
0.22001018421440285	-0.1154375259027151	0.8716052233338245	0.42258020672127833	0.1276883749668706	-0.028461451640885774	1.0111704418162655	2.0075037467697774	0.4844615946232527	-0.9772956215606109	0.6375230091504521	-0.4410695291778867
0.20559777058329193	-0.11334139645562807	0.8731386687781099	0.42721440713657866	0.13963862484851744	0.011650316984973588	1.0115343974546427	2.0079129265827658	0.5017200519489429	-0.9795098975887168	0.5738674180267018	-0.5182591924742883
0.21421444685566596	-0.09872434165835613	0.8652162071743308	0.44245518413203266	0.09936868137170417	-0.014527981508907856	0.9868729833754156	1.9885915312438276	0.507586691047664	-1.026662831474503	0.6719342333997588	-0.4934632126739449
0.21903903697665075	-0.10716719460963772	0.8690049175096896	0.43054331492176134	0.11305760602964361	0.030327146883032202	1.0054926978682703	1.9932139312474477	0.4764874798683834	-0.9771490010786938	0.5848601884529689	-0.46813726250721516
0.21546568774560948	-0.12342895337589357	0.8666792752567161	0.43267408602010865	0.1162927232428096	0.06087817370178364	0.9989752529314173	2.0183767711570044	0.5346053922373676	-0.9925488613714731	0.5618256009514102	-0.5258462874290576
0.22188717975662883	-0.10788615227134699	0.8692497601344837	0.4284057797391107	0.10453656815868412	-0.03073198407025064	0.9784726086018197	1.9824478627303375	0.4880960003112772	-0.997907140881152	0.6501256857185288	-0.48401534923998063
0.21071359173637677	-0.09881966322640359	0.8719334073400834	0.43077440683226276	0.1090383209563121	0.018497297668010174	0.9895605577519023	1.9588374373592221	0.4821400753867573	-1.0105898477997086	0.6097606365327778	-0.5107547271451232
0.22383139080356748	-0.10537081328066536	0.8662843999648583	0.43399059733712825	0.13869240166170144	-0.006974075171650877	0.9858582878994434	1.9928456728530441	0.48724378951512815	-0.9971874020231662	0.6082028225902558	-0.5075957938371397
0.21257150237314434	-0.09162350862466162	0.8735708263877205	0.4281267339590066	0.14257461354862797	0.010141028806414	1.014118461681949	1.9697971589823295	0.44775331284504283	-0.9955864834171247	0.5845282305283451	-0.504810100777526
0.22995446733933048	-0.1070705506204495	0.867897901968221	0.42709492141639754	0.14391560087922997	-0.006483758939677079	0.9751888502238865	2.017190025459565	0.49164158975946065	-1.018420187967871	0.6338726571588608	-0.49466849572242605
0.21396368072573596	-0.10753583822852619	0.8677096078672768	0.4355865278467648	0.13694515765907514	0.024841729995548262	1.0016235627854482	2.016319684425934	0.5084511438896616	-1.0070843596711674	0.6234179831047079	-0.5160843406428807
0.21944885514292367	-0.10495090377600899	0.8671972314200952	0.43450715712215926	0.08075292566601325	0.004140121768382129	0.9896731512087732	1.9901136479517465	0.4943888715858039	-1.0058547196500813	0.578616252959475	-0.5047975028408874
0.21502222822424222	-0.10979374392309632	0.8687021688016071	0.43251279412777544	0.10625382927517242	-0.009148536557161096	1.0204669599080955	1.9897344106479435	0.5013184767989116	-1.0091242228492217	0.5962585828203596	-0.5147859164026096
0.2185899484545956	-0.11938804993757735	0.8648962938528	0.4357973483701009	0.05303624384485312	0.0017357580292661108	0.9986404926119892	2.0239011305991066	0.5320455699818369	-1.0023636165476564	0.7148335739762555	-0.4500298551462923
0.22545909865356087	-0.11732172800355765	0.8632834442858034	0.43605676441791763	0.13412708734021592	0.006611951336684896	0.9879436878363163	2.010215529247204	0.5150357133731963	-0.9895976249244045	0.6344332497440386	-0.5161619391605338
0.2093963101546775	-0.10537153171787511	0.8790915974548201	0.41502769652321686	0.1410377844178888	-0.013559976040207535	1.0087047466344519	1.982186385612857	0.4629969408925285	-0.9863673200456524	0.6135676370268115	-0.4914851398691071
0.2087573243564592	-0.11242166847505516	0.8693595583523396	0.4335847163891297	0.16654806143901338	-0.022371127431527665	1.0129120711663868	2.00552792508076	0.5114272185482974	-0.9931211660473303	0.630105605084253	-0.5004803170724882
0.22498942734681507	-0.12094046344463903	0.8707969160534818	0.42007843657547295	0.12129381721860816	0.015146151458787921	0.9903439860515418	2.0360912884008484	0.5032139686179481	-0.9873591171022456	0.5619941680977578	-0.512744863006312
0.230863690059716	-0.10646406692804568	0.8679615155094618	0.426626495496553	0.12158251636680723	-0.052538269580404	0.9782745805363157	1.9974149724303025	0.4737924650718364	-0.9948486292982209	0.6725863889748523	-0.43562422886233176
0.2168937813104748	-0.10621578065971972	0.8654112783208903	0.4390200620959054	0.15847162886709865	0.003913106439614035	0.9966097025836047	2.017438973904652	0.5094139121686115	-1.008443974400896	0.5992663894098624	-0.472563249635149
0.22757872316585595	-0.10224344160299464	0.860314074794077	0.44453784554589404	0.11179999602995482	0.007187715986299925	0.9687091131142406	1.9951109903033657	0.5140385271858774	-1.0318697352173225	0.6303930094789916	-0.5007605973177357
0.1966620579032915	-0.10718729525903335	0.864269835358897	0.45041377688188056	0.15594970622946638	0.029247270646056072	1.0153771847194728	1.981852414200278	0.5442673497764665	-1.016067098935156	0.5592286716692141	-0.5246482016485847
0.21177185168680795	-0.10255506674496145	0.872833522837282	0.4275474038390795	0.12765557820342965	0.009185370824561428	0.9907114836807972	1.9982960815080437	0.4845026618324853	-1.0004962693762576	0.6372207189864624	-0.466559984137424
0.2323178062509695	-0.11205272406471202	0.8643771306603049	0.4316535647019179	0.1965951747400694	0.04434486008471422	0.9744331447762712	2.0095777521618023	0.5026879794573107	-1.0094009134031057	0.47432837006273915	-0.4778492396168628
0.20889084157713078	-0.10768710221106724	0.8723554474047951	0.4286771252420186	0.1273437304828141	0.01780514555588172	1.0158272208296706	2.0128062752719624	0.49227187216914603	-0.9911417060353171	0.6920099890597777	-0.511219949880012
0.21942854194746955	-0.10583731899187528	0.8626882553542008	0.44319132545814216	0.1198722803451092	-0.00014919121130208638	1.0006435513594831	1.9982596743613026	0.5085462136000803	-1.0081337991345862	0.6624085502675521	-0.5246514893712343
0.22454843779139985	-0.10392286585344741	0.8682923890635024	0.42993762818883835	0.129045152491365	-0.019042324242045456	0.9825569152896404	2.0104823188275187	0.488057429157485	-1.0128750280523475	0.6152508955801728	-0.4754421621077074
0.20944026027895588	-0.10510012703070087	0.8697752350226672	0.4342577359284207	0.07794024146561321	-0.009283252087068636	1.024818727764082	1.9918277262151318	0.5028905632400346	-1.0194377100030032	0.6515367210862782	-0.5129159976803939
0.20718261069671978	-0.10740408516433138	0.8651959144709119	0.44381951049694385	0.17373340481751665	-0.014514351447167728	0.9996352370910118	2.000120955000749	0.528255103333217	-1.0124161361772517	0.5290966263308917	-0.45742937692115637
0.21917368543808902	-0.11217646128369399	0.8720920395097591	0.4228886517383294	0.17503135109722667	-0.01828733912490135	0.9937596663863325	2.0024801974998145	0.4919940536509405	-0.9984635958304402	0.5274440228036759	-0.5080936000397472
0.20773969897351793	-0.10571033970184501	0.8621416452113895	0.44986811972255997	0.13091970296064634	-0.019150082247939303	1.0319558026303999	2.006330533130972	0.5364771518004147	-1.0332085770806325	0.6028596620410362	-0.5144066380710547
0.22150867068539137	-0.0981976962622146	0.8630815657244272	0.4431493339345734	0.12188934585202597	0.005562799692741937	1.011596342640823	1.9853521014397288	0.48735853959791764	-1.0148960981843353	0.6063226487523078	-0.4817547271421514
0.2224517563205901	-0.11605989937376551	0.8672421509139481	0.4300422857643014	0.0610542973271907	-0.00893961556143487	0.9922911745216129	2.010483407097737	0.504792796260303	-0.988688826896083	0.7069771471450812	-0.4988113680909669
0.20624103995413665	-0.11176203139473223	0.8701116114819304	0.4334508799638978	0.11942689045540196	-0.0017862845210285232	1.024934566622361	1.9951703820085658	0.5048965840040728	-0.9867684578432209	0.6377829328122627	-0.5074810365960504
0.20462646641058502	-0.10517574719438649	0.8667695444160789	0.4424665279082286	0.11908312019506218	0.004391140814796836	1.009818188333237	1.9989890289385548	0.517962430533616	-1.0065042092278014	0.6399781273592574	-0.4665449248935292
0.23085837624228878	-0.1080548475141594	0.8660014172451714	0.430197751478108	0.09892126123325501	-0.00013953840640585648	0.963019339831782	1.9987179591440363	0.5071193510189957	-1.0356074432014761	0.6362743386937398	-0.49521596251695743
0.20528170026886625	-0.10496705806110436	0.8668964921627019	0.4419635868855293	0.18530621605805675	0.010842571752747734	0.9960088847905091	2.000199945960775	0.5215060927724073	-1.01048844115015	0.5108521804482543	-0.5171652475765004
0.22110576197280551	-0.09661799695659082	0.87204107794467	0.42581869740961276	0.09782747243718114	0.018059075011737286	0.9841861855139648	1.9785009645202265	0.46595933011101126	-1.0163623989357484	0.6199519082118523	-0.48663125449050154
0.2192459494137201	-0.10126974967648096	0.8640082158050759	0.4417753439107584	0.19143478485953422	-0.026520266001621176	0.9931741381082716	1.9891745263305658	0.48924484907361593	-0.9937579715335483	0.5870904871006114	-0.4866277889564799
0.212995337048869	-0.11163096895470714	0.8690756032674541	0.4322951641771887	0.21199072749011583	-0.022948558974771948	1.0012581664928337	2.0197834355088853	0.5063704857639366	-0.9897570213792697	0.5730313817577027	-0.46008208209658746
0.21288091974684153	-0.10201568363778778	0.8681175588778355	0.4366307573541304	0.17137786926899035	-0.029970353430869998	0.9876979750822866	1.996574371127862	0.5007082996118001	-1.010588038749416	0.6418513501498612	-0.47864209882504793
0.22590575149482653	-0.11257294982376564	0.8650873497914044	0.43349486691357464	0.10381072430689094	0.036040725221250014	1.0084176523898565	1.982732964078692	0.49802470590266923	-1.0044873775896852	0.5587664658839633	-0.5206773752666307
0.21310473875412259	-0.10922536629181362	0.8671819519371267	0.43663675053008466	0.08778081005970095	0.01497165999518392	1.0156472169338568	1.9830820749594709	0.502957946220815	-0.9985243381909925	0.6494059388176397	-0.506346428544901
0.21463768087247048	-0.1082869886849126	0.8640005854064876	0.44238849719278184	0.08865742181107922	0.022512516118747442	0.9978078303515081	1.9874510225288982	0.5146557761971101	-1.00277237542741	0.5987740953192721	-0.49238213702218325
0.2142390361925175	-0.11920213298220923	0.8637220739933215	0.440314280668329	0.1191477590084072	-0.020788484778022333	1.0056932747413194	2.0006849041131227	0.5347362184707416	-0.9966434086150809	0.6049715407568698	-0.48501726757874747
0.21173820521169423	-0.09416905550467279	0.8642985655667043	0.4464158498512633	0.13668165658007958	0.004319542203084849	1.0036685209592597	1.9929841754329172	0.4927029475383895	-1.0095519340928134	0.5905181503926794	-0.4834728166743667
0.22181889959177506	-0.11590636061766113	0.8664782137196587	0.43194628890806797	0.18633769754983398	-0.021780202432578832	0.9917442692756746	2.0144796450658102	0.5160900768777932	-1.0040077605876951	0.6123714817696788	-0.4677206997968614
0.21217715042035043	-0.11570626934430453	0.8603953114418974	0.44867897668903944	0.13424192429945578	-0.000522365616113522	1.0015302762383593	2.0058106358215877	0.5392071851698452	-0.9903479580987707	0.5833277069495147	-0.49869082499393597
0.21526078842890217	-0.10882946646782253	0.870544275027187	0.42891911289972356	0.1139679419236914	-0.008406930897923581	1.0125439503184044	1.996027469582883	0.48997168960834747	-0.9961702357350283	0.5893618470123358	-0.4890217128436347
0.2054114224248681	-0.09132226328046571	0.8760807650640849	0.4265546680689983	0.13186236176023736	0.026847275569977073	1.0087866859335288	1.9858804267514534	0.45326807472573455	-0.99157431919602	0.5967513059174098	-0.5246595397271928
0.22365743108495886	-0.0996673000451627	0.8699298988482983	0.4280954962528501	0.0681424073887318	0.02727019377049614	0.975404205954578	1.9978910273090815	0.4724781229658319	-1.0045768852532038	0.6162636257247964	-0.5333194854206317
0.23157740656513326	-0.09868222049912619	0.8710702533411607	0.4217467698395507	0.17825185074453317	0.009706874787043462	0.9865975751729784	1.9979918234803133	0.45097827859067974	-1.0056774154940802	0.4958223164272401	-0.5117555820435018
0.20950759912726796	-0.09742163795313877	0.8704205525461348	0.4347225000753206	0.1265971956277388	-0.008686817837030713	1.0245951173036403	1.9976374267887795	0.4929943983203814	-1.0332104030960092	0.6369785042770383	-0.4807770384175749
0.2156607286238833	-0.11133221950425284	0.8687089597028003	0.43178736707058846	0.11406969603445012	0.0191411896992925	1.0032133781154666	1.9961755823762046	0.49971281460254857	-0.9917382998308167	0.6084954667975601	-0.5405687013413705
