0.21844561922607225	-0.10831999524998383	0.8710044371825971	0.4264968469733493	-0.055003079413543675	0.12000017727504426	1.0436983329460958	2.2477828783283127	0.5988707240072051	-1.1867158208153616	0.4286444599693473	-1.2801755583545258
0.21909419840513816	-0.10233297227987466	0.8640250484826287	0.4415726560874976	0.0033962358776399378	0.11745801542735389	0.8319634155134183	1.7817724198498768	0.3252668904481892	-0.6363234382619574	0.5895364643881319	-0.40410420662938673
0.22664130451797668	-0.10543136142889567	0.8606775554664886	0.44356746119374973	0.005718962598725264	0.11834363849463868	1.1137402605113051	1.900019769909537	0.3985761350427397	-0.8908304657098393	1.3052627171026794	-1.063520908841504
0.21792518841774605	-0.10795716996613049	0.8644502087798042	0.4399769292207793	0.009430593863667604	0.12806516858808972	1.1417114432051685	1.92202462958151	0.43254961075782317	-0.9437516276750594	1.9786305981461962	-2.519160139979307
0.21366253009596833	-0.1141915102146406	0.8682617649267028	0.4329320152105364	-0.006294338384263569	0.1284827160418275	1.1651717389138263	1.8856261044403968	0.5282022521769206	-1.1370119362516038	1.2071694677667486	-1.4288675050183688
0.2209431871295557	-0.10568227062543462	0.8722950403925058	0.42322184282374087	0.028375155546758544	0.13896560909462094	1.0186433438721507	2.390994129397498	0.6049761301929626	-1.1816363089464996	0.5870553025812703	-1.2284428804255298
0.20745958860412617	-0.10962996300534808	0.8638480990802275	0.4457670378382974	-0.03952760242610218	0.11812546318126953	0.960939089506631	1.9068660875505938	0.5132918427717439	-0.9729578802043038	0.8134763364962107	-1.6137664744921245
0.2340493448075188	-0.09974521985949646	0.8691852380081113	0.42401511451731844	-0.02214464786877102	0.13894132965217068	1.0950137771102186	1.9306135941520184	0.3985538073735056	-0.9672647307945303	0.9243971891621814	-1.1487634620576481
0.21967228743130904	-0.11270388413107693	0.8649916151277065	0.4368425647704522	-0.03196853171018215	0.11753401517052632	0.9848133509540582	1.839607497042082	0.4462178608089141	-0.904170131935658	0.28289785270711126	-0.1320666754866492
0.20886482553644206	-0.10698197476951371	0.8699818439234652	0.43366108076650595	0.009578859489045136	0.13195479726423506	0.9548275659028427	1.83283334784751	0.5022913404731928	-1.015387656616299	1.6254022617604995	-2.0236211631121637
0.21673782806672365	-0.10072691856266448	0.864185837688719	0.4427884818963073	0.023173769646752152	0.1285957518553989	1.1360217017262	1.879148887528424	0.4268557600611375	-0.961679716836019	2.4163116635985684	-2.417381294334158
0.2143773275622798	-0.10950694209348487	0.868636089159473	0.43303803028178184	0.024909846478904107	0.11003056979398042	0.8322559724801599	2.042394757221784	0.5179316023313888	-0.9344548515862291	0.5780872074684716	-0.8322935288352888
0.2093808486282205	-0.10845795613383594	0.8691864557505057	0.4346394334605082	-0.002264864545888844	0.12597251976687615	0.7201331649497795	2.300319092479449	0.5523456447245666	-0.8774756957218791	1.2805377020752529	-1.762885200098398
0.21271049844123127	-0.10749097876023564	0.869644772164733	0.43234003236410945	0.04019599080362576	0.10993042911413727	0.8876690373703846	1.9072672934584907	0.5704458888719229	-1.1099776666409684	2.071382978146301	-1.920276832326122
0.2240301947072413	-0.10491179182714727	0.867143126336583	0.43228091126288437	-0.009947476587868492	0.1120719704993946	1.1330073535441505	1.999829410803519	0.46131005564776595	-1.0272117122888087	0.5990085211060849	-0.37039747704910275
0.21413451277079684	-0.09161542177630681	0.8700100867724359	0.4345520381351137	-0.01089786159975579	0.11197245650118648	1.3326865612253869	1.9646988169947501	0.27544021456376355	-0.7939514980430631	1.0219559576077655	-1.2619665528535793
0.22864772543806067	-0.1202641488931668	0.8639829859894907	0.43219226284570034	-0.02573599603231645	0.13085588470916334	1.1233364711174298	1.8958340517227976	0.6424174450136374	-1.3509848577566275	0.961432937319905	-1.9321413647894188
0.22178379082188243	-0.10429718507792603	0.8749394791357594	0.41763016553302534	-0.05339092630360687	0.14550495805149646	1.1634924165059564	2.0975537356472214	0.4432714048224813	-1.0227002162392727	0.7393660855905453	-1.1504618710479166
0.21170351743255808	-0.10203968657644444	0.8737651352513449	0.42579808770033534	0.005656295885448466	0.14881997164077906	0.976187717325246	2.1461288341456175	0.638012717216334	-1.2802906911540468	1.2202512266541221	-1.1400654345310839
0.21449368887724446	-0.09738253530718594	0.865193633518495	0.4426613556298321	-0.026751986541068876	0.13575249994579194	0.958718301030989	2.058071880452451	0.5902415729770571	-1.1654326993668542	1.2938669389379216	-1.3787188934867505
0.22641251858471875	-0.1201486440677848	0.8662464731620133	0.4288574617412765	0.00907794883970473	0.12140344439913803	1.170269926567999	1.8373718701689945	0.47322533056598676	-1.058943441065293	1.5706786654238583	-1.0850382506093026
0.20873411989259938	-0.09960875111684321	0.8729223481908522	0.4295517872417401	0.013876648761555171	0.112987640539245	0.9960325559503369	2.1573713308374307	0.6148435644030076	-1.2332007891315404	0.9690577134024672	-1.5869156938944118
0.21538297548586005	-0.09386822059748193	0.8649715904564728	0.4434220097558529	0.012537549385161108	0.13171490988052106	0.9736271495346576	2.161635379140555	0.39692963813248805	-0.7896015501072057	1.8823272744285557	-2.1714234202696936
0.2157561614709188	-0.11463646934751055	0.8640620689012124	0.4401187337174239	-0.026657015273851652	0.1293897669813383	0.8528691413977832	1.7613662260986245	0.34207710670208086	-0.6308997960448233	0.610871442698045	-1.241760794175493
0.22649428206878486	-0.11393329483938801	0.8667960462998294	0.4293997655287794	-0.00348957563847335	0.11075682854369895	1.1694909102768065	1.9322527775476297	0.5231920704973633	-1.1603077990728385	0.9195198514319808	-1.3183007487696847
0.2119114156266146	-0.09080883745804195	0.8719751402146062	0.4318641705610239	-0.000760987604843398	0.10105851445388488	0.9250295469844038	2.074840673789671	0.4285362496898773	-0.8828780753343497	0.8981052732210232	-1.1088724722958092
0.22142508348790105	-0.1118183525609191	0.8724314309419653	0.42110685904826234	0.024711291622300315	0.11126000044537727	1.093636079766056	1.932126988925788	0.5821379759150104	-1.2680550299452629	1.3225389034435844	-2.2088763054077734
0.21511509088580835	-0.09832027369509237	0.8657245759231124	0.4411117546568667	-0.011622706207765073	0.1248779910628723	1.1796768663404145	1.8969711394397968	0.5041603774350277	-1.1419319443012865	0.8354268074812862	-0.7444212451529496
0.20478806286018422	-0.08897795959574112	0.8722588824049783	0.4350967870276338	0.014246443595083619	0.0910439786213733	0.6981720941823828	2.112942529386183	0.6117420932751805	-1.1228983639266967	1.3753921234831832	-1.624400237879139
0.21567624155221934	-0.1287457927684145	0.8705274357246058	0.4231905756572134	-0.0028630971358525673	0.11449023908514762	1.1225522085955064	2.0787079694075197	0.6208741677370244	-1.2168771296209557	0.8493502277134239	-1.4758847873960468
0.21563235550507268	-0.10649721323875073	0.8689275562706344	0.43258055063220013	-0.029116043372742356	0.1144681439309218	1.065619029088586	1.9196860915105867	0.4728291819333003	-1.00835561660735	0.5821608168919518	-1.3834142405496452
0.22362269937200208	-0.09567560099464296	0.8731493879173416	0.42243249647661407	0.004135525631067761	0.12720218776021416	1.0670494794031706	2.231136419939853	0.5608859966064699	-1.218865584422898	0.974077659973323	-0.35895534867746465
0.21795493365955484	-0.11049627059655782	0.8727966330537685	0.4225071104818432	-0.026019366241335367	0.11543495252273504	0.992050724356314	2.22519561642043	0.48418814506901187	-0.9300300654925827	1.5344250244357747	-1.5078821408173224
0.2239292408720076	-0.11981414887147696	0.8677855184587513	0.4271399756121711	0.003960869444347752	0.11035442634699298	0.883074218494684	1.947887080333708	0.5770504163795204	-1.0889116637733698	1.2956611757205114	-1.7984210904979934
0.22444702999690408	-0.09562377716428862	0.8673284854452804	0.43384435262153564	-0.022958313881731553	0.12404411222475642	0.8841863395012293	2.168494156049054	0.43008152132381444	-0.8392764552825939	1.0242023470823158	-2.007103962450031
0.22004838832207688	-0.09863538754896721	0.8654187438707257	0.43920401281993837	0.004506760022552168	0.13679215542381015	1.063034435427945	1.9565144114418032	0.4430367896265111	-0.9661792392824794	0.6545992287392798	-0.9109912229445724
0.21733232582489245	-0.10050824951367567	0.8647223088769089	0.4414975429850398	-0.02123825364688184	0.08924508601767915	0.9256474955858295	1.8376696361721734	0.4358542892817864	-0.8909791196018868	1.2174890419232365	-0.7962855845994158
0.22050368778112311	-0.10192079318560864	0.8707557729575598	0.4275215309811003	-0.008919441833534247	0.11893426193906736	0.9763370928684615	2.2366289403905566	0.6109736590370546	-1.2147593440924978	-0.0033708886910170286	-0.18072049575447546
0.21949480642333444	-0.10406861804021625	0.864251880817524	0.4405229156306796	-0.03857949198110173	0.11148104512693745	1.1558537315461372	1.7504567659936856	0.35860286919206963	-0.8659242575451144	1.5850806236456823	-2.381594453569741
0.21630043126260026	-0.09020118812406687	0.8707372211436408	0.432313035671688	-0.056320997212030516	0.11799506676599707	1.2008230574967989	2.213035244339488	0.5030979579126418	-1.1523738900647158	0.9065274595282146	-1.9394383677373863
0.2162150410056646	-0.08531164061952848	0.8704100074089053	0.43400391590416854	0.00943830686687653	0.08885752530411882	1.3349664397756291	2.207336513866452	0.4469147215644233	-1.1274722469002383	0.8547361078490048	-1.6257395683413896
0.212864887772077	-0.11584392820299481	0.865802355732104	0.4377841987338279	-0.00320855570601339	0.13473468518462536	0.915371757762731	1.8901348131182494	0.46859921177258534	-0.8716718589927139	1.9904363382672396	-2.2749928429623076
0.2262318936445566	-0.1129045189670579	0.8699329036315301	0.4234246604462595	-0.02307443924967219	0.12944104581827906	1.2616508243079771	1.9111418436980434	0.4182722247704487	-1.0238370979785274	0.26164330215248616	-1.075298988338044
0.22061338949032186	-0.11122337902542713	0.8664688403339084	0.4338096830018548	0.0024469961821643313	0.10737587552722806	1.2473141939114738	1.9196503337929658	0.3474909380878072	-0.8362060594124386	0.40142672203309054	-0.6148264208280755
0.23844185569424967	-0.1190502001550441	0.8621008197210531	0.4309927005558383	0.02585839299758062	0.11051533184359065	1.553203626544361	2.0782612253668438	0.39628502472150806	-1.077904531065922	0.6421147142064025	-1.995596507831675
0.18951075132296558	-0.11759329789853949	0.8727831432205203	0.43417401618758705	0.03275694512845161	0.14007946420378967	0.7427997656474126	2.0269833592787	0.5447746447420999	-0.8703399935589604	1.7617913814828885	-1.7538640252879618
0.20990602471932474	-0.09694380528676372	0.8685569449139622	0.43834939585309907	-0.0014291526499599753	0.09154211573317321	0.9036296503149928	2.0750854715090394	0.5477483299716129	-1.0591123114726986	0.9702014305956476	-0.8729694621435896
0.2140745958026244	-0.11181357587063638	0.8707575498935686	0.42831189685358234	0.01039630182929917	0.10196043003268597	0.959110220911922	1.9625163853941805	0.5077621914139059	-0.9993253117289144	1.2506801191024162	-1.6806142142052505
0.22371545644313523	-0.10552756908960531	0.8641470319593513	0.4382524773076842	-0.006056160568087814	0.11292216818691814	0.9929902244181823	2.062246299086636	0.4761313475452883	-0.9491581561663663	0.302223799053665	-0.21408153947675093
0.22557470701214186	-0.10440544354453003	0.8658316984935734	0.4342246248180657	-0.0018192131908662558	0.10604890541114591	1.2711745738811446	1.7621195011621313	0.4088430946007096	-1.051896297162101	0.7962964638078475	-0.5137684074915647
0.21209253397296993	-0.10919842193277446	0.864667973389476	0.44208795219373825	0.008433667637009484	0.1232451292954853	1.108987373748008	1.881680046769344	0.47954100041368075	-1.0051737291921492	0.7752957347292092	-0.7284587478568442
0.2092429833333821	-0.10145335622500523	0.8702292094814034	0.43431061856901454	0.0210716304702577	0.10097755092945611	1.08226598892877	1.9186891267198807	0.476824566510321	-1.0286319498084084	0.6912929158027223	-0.9982572981585323
0.22036749061971297	-0.1088613425320149	0.8681410274538052	0.4311827149034958	-0.02151903724900589	0.12357247107238085	1.079409733575057	2.029141382359959	0.469993840108291	-0.9856440896781876	1.4274919156628554	-1.4837482163669133
0.21163142656048517	-0.08976341291910597	0.8694249299584376	0.43732706314594116	-0.007475172237759159	0.09621867695125506	1.0524579015089535	1.7008317532875383	0.37100550207649574	-0.8977769039666031	0.9727772955889981	-0.9297667994567016
0.23701919225588367	-0.10448820651137888	0.8687020348886523	0.4222095354000411	-0.012612910187080717	0.09922306326662245	1.044050412217529	2.042180343565527	0.5802817513843077	-1.2746471053351622	0.9524460453462575	-0.7951519111653553
0.22956229420836102	-0.11120399497966807	0.8704893638236215	0.42093122009219314	0.007634076940760816	0.12383004583429517	1.1624028643012578	1.9119513692695982	0.46052627147745967	-1.0811991062020538	1.0743198680748793	-1.7667781380325944
0.21944966806909358	-0.11328134469461688	0.8677880740836558	0.4312227250583199	-0.03088498350312881	0.13819971161882583	0.9716211885983178	1.8191803888766969	0.6077543378904364	-1.2396023724269294	0.8688912710976142	-1.3611116774933951
0.2105198370113559	-0.10619687198682772	0.8686294925340348	0.4357595980641056	-0.015831437480156644	0.1500880608801278	1.1251153865907413	2.0542861996900257	0.38730062868284315	-0.8149472538523639	1.8867192560110644	-2.2244756061180078
0.22263422531060775	-0.11384354806827765	0.8664712242509102	0.4320894187881723	0.001977768364329557	0.1423835429683126	0.8487177773537973	1.9423175984701218	0.48466399219356027	-0.8974547484570615	1.0561498967241096	-1.0271350703061295
0.21518883200862626	-0.1244960978199501	0.8689196385020539	0.4279873246158449	0.0022556600698688486	0.11601218392652196	1.1076672859785162	1.8143558052379225	0.5667564537730552	-1.1798088298507545	0.6684233958054588	-1.0424037026562776
0.21739217609001357	-0.10676852386860616	0.8640390913516384	0.44133612213595486	-0.011226158632962495	0.13959443190830984	0.9461482155972556	1.9788212158644478	0.4617514641885342	-0.8913403981494401	1.3763909366881644	-2.1701652281017627
0.21581090637241615	-0.11693604108357748	0.8714453247643372	0.42465828725316873	-0.028999458082457366	0.1493263486130227	0.7420560186928422	1.8182152719567766	0.48930828627706835	-0.8805534141255447	0.7216112737026673	-0.6512831262608266
0.21044804298270578	-0.10148365584614139	0.8803160155867176	0.4128636597018164	-0.02007064096527667	0.10930679582565951	0.7140782304769975	1.8914433158393889	0.6898806344664956	-1.3700376424406382	1.732049595945549	-2.186915251194345
0.20402454358055913	-0.12593599856777563	0.8702091944386401	0.43040686309111625	0.0011796097207843002	0.10993127875233573	0.9036873149529772	1.9062865855656268	0.5596326659846055	-1.002079231761612	1.013590510780423	-0.42982914156512547
0.22110252851488132	-0.10097293047693531	0.8625627688382304	0.44373822126266255	0.011771691992641857	0.1203635403369412	0.9834886830975522	2.0305986788801507	0.41377524985637837	-0.8323003132600373	1.2583197997345401	-1.625815115520315
0.20725153125242154	-0.11782904386643717	0.8733208914829164	0.424822009451643	0.0005752199552331788	0.1016163442202843	0.8630216220223312	1.9795404730682709	0.6550336038618159	-1.2185567385635212	0.6593163059340843	-0.4148860893963693
0.21337382766430987	-0.10418748674855727	0.865060722548892	0.4419123482955524	-0.00599523114968421	0.1349834613845294	0.967468561265428	2.2354606222552693	0.5218588746639226	-0.9616501166540165	0.7710993441556161	-1.1200078176080888
0.2115719625936165	-0.10301225164423321	0.8701923321822813	0.4328869201842817	0.027750850739183985	0.12611962750474137	0.9008637424553958	1.9655262992569487	0.5517454476691235	-1.081688672753424	0.8900660730870232	-1.5505621070141027
0.20075718247796687	-0.10368473393576225	0.8646659712186449	0.4486633346382297	-0.02007286545638298	0.1299892046791094	1.1397595043839137	2.115531118873703	0.48738518395012836	-0.9603905106144002	1.2806793113713895	-1.6051299467548112
0.2139816077617311	-0.11724141261583346	0.8680273143514755	0.4324290742391325	0.004608169642561783	0.09604273532451608	1.1408773494671112	2.031364151245854	0.4522458780691399	-0.9216044100105562	1.7914993246191868	-1.8508640825489664
0.2240810517189624	-0.10296497133982357	0.8611438521816972	0.4445415197562318	-0.002622730370008274	0.13734289392273813	0.8534543612062059	1.9927442202248917	0.5893727372401784	-1.1103457983378298	1.4809492266441608	-1.512277203344847
0.2061327087899344	-0.1063665206747812	0.8673590701484232	0.44032228319462585	-0.022224313756756195	0.09957837105861712	0.7800140235043883	2.3496446775963205	0.4938520554090603	-0.7703674033723895	0.5955512572068583	-1.8723411043322133
0.22810057589841776	-0.12369276755679588	0.8667179807299632	0.42599315535384574	-0.019048209200270325	0.1433838573002561	1.287674392679318	1.5995559744364696	0.45967843675903963	-1.1602940692370494	0.5216930486131676	-1.5478985674659553
0.2079967926492285	-0.11637365107499274	0.8703057309177	0.4310016732159142	-0.00404030762013296	0.13184913934380774	0.961091568697788	1.9830059098986677	0.4954721650170026	-0.9288747944537544	1.5333958381570116	-1.1624214247793443
0.2240528207340097	-0.11181225442670109	0.8609078689189718	0.4428724359390038	0.054295612744958956	0.12152925234716914	1.163730228419125	1.8390810658074626	0.3639944974549394	-0.8320024851631499	1.7649708903782237	-1.732324879398975
0.2113952189169497	-0.10011414207058518	0.8705962239396694	0.4328411196253361	0.024487176827821994	0.12876713994151892	0.7325216255620491	2.0555180076252273	0.5792654554334582	-1.0474315982375892	1.5689455478333825	-1.805235217114795
0.22718974430383573	-0.12140176358263648	0.8677862269299457	0.42496293512831473	-0.004289752749959211	0.13924180410875067	1.3324314489570512	1.7000113843491298	0.3835988661227643	-1.009999125166244	0.8613402841167951	-0.5738363346824656
0.2037271786956094	-0.10453749763020717	0.8714957164499824	0.4336615782603684	-0.005619270044796422	0.11608018603529181	0.6567328336288072	2.2105703460326196	0.6414663751833992	-1.0647520011191325	1.2194563827021663	-1.3860461248992209
0.21298504663634857	-0.11562629114524832	0.8641244493278832	0.44108600836921735	-0.021588066478467977	0.12240999110634887	0.9616423255435222	1.6064982293945564	0.42872517186177167	-0.8831246043040731	1.3240616474222628	-0.8745446383872196
0.21740595750479308	-0.11174590573863921	0.8658900617016322	0.4364423252142472	0.016394892276842887	0.15165833619162752	1.0288480634268458	2.1719563185999995	0.4838505634311423	-0.9163452841953053	0.5247013423715196	-0.3696717907935337
0.21420480572966183	-0.09647081432583501	0.8723616402675092	0.42871301796820804	0.0084313654762594	0.11416696360100877	1.099281296755264	2.231198800091766	0.5933528607509159	-1.2545549674631185	0.604789727214203	-0.5851947096185194
0.2085517992549387	-0.10853458649134735	0.8646275100731908	0.44401087755517205	-0.004451811494415707	0.12709469419621958	1.0424034427182796	1.9229455495056442	0.5017069713016492	-0.9965491505225386	1.5054411706011226	-1.4344748331428219
0.21678543028935912	-0.11119559340588799	0.872224988541588	0.4241028019065621	0.023615279625098847	0.13677747620817043	1.1254231510349977	1.9857146673490118	0.5694738670990767	-1.2258394807866526	2.396742657831448	-1.9005288418550952
0.21931419327320384	-0.10355904417826264	0.8617574518211808	0.44559051070290284	0.028930425872921845	0.12326169368440167	0.7930388217547297	1.8684852719758716	0.4813632824686871	-0.887012866763026	0.5317569282454154	-0.992039313490945
0.22915532876940461	-0.11733226642294622	0.8591599210328406	0.44222754849000984	0.04086127100347789	0.12790267069437508	1.2457872107831989	1.7053461805986383	0.3702779049013552	-0.912459168071842	1.946971299012626	-0.9495025612612098
0.21373421110384727	-0.10902793713821689	0.8712223057934556	0.42825493554089444	-0.027217029993167913	0.12860203868693393	1.0309655642876516	2.2142940487440486	0.5794933872966894	-1.1297015495405611	1.7959816069958432	-1.6574270502600978
0.21631039251430528	-0.10195326743892728	0.872181437628772	0.4267492064487552	0.0069616173604391774	0.11705140510428952	0.9223317451108951	2.0425120602775495	0.6104206926824296	-1.2271065836173394	1.2134906799402707	-1.31727251978175
0.2037406004020869	-0.10995469699801172	0.8659058036922426	0.4434037341836038	0.014193167563638276	0.1377855285273041	0.8259308308829144	1.5250749337746243	0.531873790503968	-1.0399982174495113	-0.1536094552915733	-0.18051882176327969
0.20134447347061796	-0.11850145986801905	0.8723652418269554	0.4294143591732647	-0.004778860998147517	0.14008251583277065	0.9869956681848154	1.6620782251752317	0.4576806164406111	-0.9339047009120902	1.0004659512203489	-1.1666140941671233
0.2275781366797226	-0.11233733095273482	0.8673836066196191	0.42805863470714245	-0.006326821423643092	0.11771526395951105	1.1408735437647828	2.1116129072668284	0.5161393263555724	-1.0982507291404817	0.8338986703422053	-0.4076520689615297
0.21084039138000019	-0.12086817441070474	0.8670386797759687	0.4349495850667027	0.010069470062558017	0.12410650037640485	0.9760084361999511	2.096480028745269	0.5709654509960705	-1.0287017923613904	1.1938158253898716	-1.6406567126507865
0.22431529384178453	-0.10663484841185819	0.8702087426196479	0.42549782880901443	0.024479260403799535	0.10748987941177218	0.7406376395032966	2.107134292851827	0.7396464734417827	-1.3750698402111798	0.6837732088942333	-1.0974071785289217
0.20847064667000254	-0.10149304275294188	0.8656365207065748	0.44374831353905586	0.054473277905862504	0.14139085503182686	0.9027414240942828	2.0871103507631226	0.47653011092705105	-0.8763295854130815	0.9560268047881237	-0.8609986167679046
0.2242316508582743	-0.1086168919166018	0.8656253243781351	0.4342986706622512	-0.00879023267349457	0.12833791939711467	1.1760731204449562	2.349281788236417	0.5699431430621468	-1.1556525111574292	1.1000474123507427	-1.1422985220757094
0.21994644957066722	-0.11589732083145259	0.8717282401561564	0.42223363871155484	0.021531912064474596	0.09876175567875296	0.9026445086910808	1.7812720933574988	0.5283936651033893	-1.0721658103574119	1.7624011511764068	-1.1467553484949324
0.22875974306888075	-0.11807105538668508	0.8723564051671813	0.4155989752089468	0.0014282504449784168	0.13736040248084044	0.9567855375238992	2.1126280112458016	0.5584359896283376	-1.0986288091959826	1.2550357797379845	-2.1818004220877536
0.2264941722629528	-0.09943301093036035	0.8590325952600892	0.44819244365446226	0.02294918309908481	0.12490986221817868	1.1286298684360403	2.051685708199694	0.42591322579490964	-0.9315108945157742	1.606876832811943	-2.2106001068816514
0.20022671837542833	-0.08950944270603206	0.869558418143896	0.442453927940693	-0.03363791172110011	0.11865153497494091	0.9112529334628704	2.538701643341876	0.5805531807192033	-1.039756439276307	0.5776386015385313	-1.4434472238196692
0.22218306537592353	-0.09466400625512673	0.8717654457420243	0.42626097521365597	0.0010750398705219194	0.12146823000356764	1.0798598630508105	2.2718793966022157	0.5302352670674988	-1.1427322260436703	0.8163044525099719	-0.7995230685825284
0.22232794763557487	-0.10886076535747916	0.8760837220393509	0.4137595067712816	-0.0243353504133054	0.11707903137112512	1.2597691047982726	1.3713985042662558	0.35237664269128544	-1.062215664597742	1.2498645086086864	-1.7131461531728618
