3.898314069477051
2.1138234560340634
0.9384085868890647
7.434555616553233
3.4194984585859087
4.91529495418089
3.4177458956614117
1.009188589813046
1.0980572743226316
1.3140267699037593
1.1506991665948105
3.5187163941016766
2.2074094075917987
3.705105088780024
3.550723066478535
4.777994339517826
0.9114983825918425
12.173875197393684
1.0977155047956506
0.39781976446680845
0.46154713114945045
8.225951462563474
0.9862956436802744
5.645172482224906
1.170511783926808
2.5247857511999414
1.437532349753328
1.221629805996066
2.2506949754355605
11.937022961904956
7.423463455059367
2.1907462803307216
7.904113464638443
2.893306066749211
1.5381427253913793
2.389764115409364
1.8728978912441707
1.06833055160668
3.800575841372612
4.2735041476177855
2.5958613100386096
3.324167991816583
12.652076005242588
10.020932594915317
4.77267197036336
2.4195390418373663
2.2572627958128577
3.6371466515275315
2.8172853836028677
1.2016812999404685
1.153939522248629
1.5310061600397953
1.272911426714676
2.122408207733075
1.905836983642145
9.673617241451637
1.436131890572187
2.5653442749922672
1.0961786450665696
1.3284310446995817
1.0380513105484561
0.8695206699257535
1.7892676374890055
0.6162990170977006
1.7449585670030427
5.3829696940325125
1.8044883256006912
0.7203280685629184
2.044199236235944
8.24930607974308
5.601740890455001
2.397360178824039
1.985047150222812
2.3336547980706492
3.487218269522881
4.955125218113947
4.258606233779603
1.9475154517383262
4.931080520045585
2.8747389418887854
2.773293690346831
1.020601188226974
2.900672425520159
3.598112090835127
1.2186488324951994
3.5891560779163623
4.444683415360201
1.8749669063461922
1.6134225529686075
3.9006287748118287
1.4229808413759992
1.071249941898584
0.5478368045237056
1.265813709809104
0.9936130494571705
4.122039070522696
1.498021933044929
1.2925188722307683
0.39920936499601634
0.9362974960876017
1.4493044443826406
1.103093367572382
2.2896568637348125
2.2285236549542886
3.3633529641960664
1.900590708813051
0.6913177886952645
1.233928600999169
1.587864737138945
10.041985047956869
4.585366283254486
2.167835702098807
0.9690312958338739
0.6715135138374829
3.374139667351359
0.9025820134538053
3.438880650117479
1.8707035193495698
1.3184445604971566
0.4648845866904443
6.33436879893036
4.700514858973436
2.031123345851235
1.3596254780076338
10.201490478604596
1.3411462960436538
2.5397587385958187
2.6960956978594477
23.17780270524345
2.51653386526044
18.056127690582006
2.092019659277517
1.2002233809468654
1.7611562694762206
1.5234088317825696
5.480655729869121
4.666916573608459
1.8653219502480043
3.0301082951468135
1.515086980899917
5.608605699751094
2.4600692898107757
0.969543492543257
2.307435625026098
0.9748577781179937
1.4627559155783787
3.1320060112495356
0.7343304046362025
0.6993623695060946
0.2805367772675821
3.01976901248781
3.453251011810056
7.998022220666655
2.350868166015998
7.272565264918709
5.579713785504066
2.372989295878023
2.089573629517471
5.677733865669094
1.2505872974926402
14.75819193221923
1.8830652805532222
0.8401052248669393
1.6879366657930375
3.2366806236571755
10.83308427063779
4.7805078813083535
0.13241642182661872
1.838469923911461
0.8531648236821403
6.136119841611906
9.126901134917174
3.9374459473512253
1.8836791513938262
0.7956373442605578
2.2572215428183813
2.8970096160355454
2.8462053788955717
1.5820840818190358
1.8902054579954095
1.5805739087163344
1.0844908173196666
1.4316302157107996
4.136444742636609
1.165929741521272
0.9481983267880003
2.702100165195123
1.8676066062540624
1.5006609759983307
1.5973272564282173
1.0855727157510444
1.9882017379798287
3.215154050021103
1.7469335181996801
20.586708651083516
5.913996520709405
0.3658794109864107
2.9057840260397483
4.284740070897678
2.3521878698372554
1.3757153763320593
1.7629535225657431
3.4430157211283485
1.1116451062780741
1.9143491377714803
4.233424103174489
3.194153551485532
4.154599960428704
3.2286394310285234
2.338680451208331
0.4491898779697992
1.3844913521738589
2.176407685471898
3.2959032851131775
1.1862451207698932
1.8007454215872598
1.967119441882295
2.836682376760825
1.4873540480304486
4.312832428868404
2.0037165189081136
2.139394875040645
25.770455567367247
4.084610808267135
1.8168177169324378
3.122063231940074
2.9347469950781684
0.6852458213706195
6.5234280890540415
1.4920550040269245
4.6917989605336885
44.71287459259474
1.7998025144931757
3.5905055757463833
1.2112492661438825
8.210733994027072
1.8809016345256189
42.588869706589136
5.440056088763877
2.9056644200898867
5.1113867406440825
3.3394443444161013
2.9828778832161125
4.13367160892157
0.6675768764122159
2.661704012362542
4.43331478674924
0.48802537110467514
0.8704529166087249
0.6928322898790581
2.752913209819602
4.587351556771147
7.070442449496767
1.2971256908968913
1.7968934944520916
3.8413798599080975
1.3314443415212713
3.4424283347566385
1.282806814633362
5.652813384156954
1.4612959518846897
4.753381474845233
1.4648177050928812
2.584969908959414
4.643474601338007
2.758477332556607
1.6912983351630946
0.8420335635778894
2.3217042685546057
6.199551743210023
1.7141369018182993
6.357222086845152
2.5459053311698203
1.9611340907547683
1.0017020904640475
5.770457768381654
3.473384789792466
6.999172621648199
2.8096712539378186
4.732005156150871
2.253710807539332
26.257975467467354
1.6887526810066074
1.8401889583689832
2.664196132234431
3.273549343438007
1.4220068366857501
1.750016706352638
2.8453764131530366
3.016093835498507
4.0217960672018185
0.571294303456836
3.4385113703942296
4.486912520162896
3.271649541595135
1.3689102032823106
0.9676996628880639
3.8337044373027074
3.3218669724796572
1.0353722066298479
1.616558165916266
1.9838274152162583
1.453179578278086
0.651072149451684
2.0275261998185186
1.5327338402047688
1.4487205125546387
1.5822425699185607
3.9128168652919166
2.5016431074066263
1.5772796645589775
32.985573333006094
3.1742204652241726
2.7194528322912506
0.9967131463362121
2.1944087941044153
1.6135281803935917
3.576475349286178
1.3099437790815778
0.97617021212285
4.2259754481074
3.2283607818087874
1.8298968028069071
0.8752193141409892
2.003082238212661
3.2180030201637573
3.226949287158784
7.465989233936
5.782669865261505
1.2218268950158504
4.855293922798547
1.701923279666233
9.316137630582936
2.6139516925999895
6.026247495455213
8.992206144743786
3.3883256239301316
7.142656595459687
7.864934126253396
0.5578423945392257
1.719245498945242
2.2986846054843277
2.7441118419993287
1.3663490414897004
1.4001413008797658
1.4241216719029268
4.348746322451825
2.5473824106869216
0.746980757102181
2.1303026467017747
3.7290748063279984
1.6268808720814705
2.3470130720250166
2.612243387975303
1.4893267419113005
5.294580792592556
2.519761537684539
1.6093504775686889
6.3331957785352335
9.680648706777795
1.4763112511486594
10.328272815996582
4.251079366842235
1.2524115142180403
2.1688485081875934
1.0038587147920917
6.436666764709638
4.588313236730783
1.799204620469787
16.287138118516978
2.7283749245209097
1.601466342759685
4.441371193014969
5.31229919369602
1.7340282096249677
0.6425041525295824
1.2919378665813155
1.9568761188913961
3.1892270035237407
2.117843309754366
6.787839372574302
0.48192118204278905
4.517711998767064
7.300571307552855
15.11323688468718
1.66954415494447
2.41067802571366
1.8557208964011418
2.301241927744893
2.7373948893155275
6.159175571712196
1.1826328326892868
9.148091984561775
2.962689155443917
2.1762337190328602
4.740978044563473
3.589121761245955
1.3304290757765995
1.8290247922063894
0.8173733391956485
0.8392884768143055
0.909086425404833
1.1528748242254694
1.0180539545174685
4.5954152358519345
0.35697941097128427
12.186351315718046
2.0964461275090875
3.545616841331817
1.710194086826533
1.265248720255761
4.212078774537092
4.705173192999365
0.3620412212757014
6.136880365278925
1.0271767235519826
1.1641200200812654
2.4373168486213346
1.1836288273897573
10.01734296518898
2.56502481372928
2.325193699832551
2.317386324715952
3.1147976226583163
1.732362636865267
2.0309453610938886
1.3242734180282119
1.6005132519726721
2.296565596962371
1.024819068983616
1.585178933183375
0.25728953001259125
4.050029162515936
4.162916041627202
3.231136518222885
2.0383578891518668
2.163119429735516
3.4037130784903074
4.184363244824535
2.1027206179477513
1.7975078153660742
4.386819347668492
3.050253313184278
1.8644813667189626
4.000079828967683
4.142128944492699
2.6868407593427657
1.6227385391756581
1.301029035864295
1.644827392901902
2.819641352930382
9.358943363178172
1.445005196123852
3.554545704714831
2.689067273583639
10.661695638199978
2.515481123436832
5.127155053535964
1.3090688175330865
3.2327944408796347
2.0859519262894044
3.18446561722371
1.8563391684277202
5.212686380464359
4.504390088167336
2.6404580504134687
2.1694717415378517
1.9463728332277666
1.473423814338867
0.6826904565226066
2.192617385599697
1.7319102357929839
1.8936285272818087
0.8538317316172805
0.5533801632901023
2.4355616633563275
5.876467579606697
1.5343391636784394
0.8992085263479251
3.7418862547144904
1.9358805982616276
0.7154616636414871
1.5421088943574963
3.201663500358677
1.3565212222977532
2.958983800887439
1.9877172353210466
4.243136522314547
2.6199898657650054
2.567722693314388
1.9949242432946048
1.0994550724520342
2.749800013076985
2.7033803344944274
3.783399050243275
2.000452236174982
4.249697929091498
0.8847969286231682
2.80472571979162
13.881055223592808
2.0654248670251545
5.0502850782979545
1.924953185952801
6.348304341816554
4.513860396222172
0.45145863500011973
5.835926573766232
11.279756103697856
5.428920758239689
2.583158370621406
1.1805990396965944
1.344682842656715
1.9306931810374544
1.341378845927718
2.8242489732956035
4.595179712595526
3.1900214918078382
2.341478141417448
2.8370080602396213
0.9088386429642287
9.102270709839008
6.285444399472083
0.9924895566199109
8.363800421667658
1.5477375464718657
0.7640852148330443
4.5017298790961044
4.93645251819707
0.23475234968914124
5.3878419345515125
0.6812881317261714
17.46888546071134
1.0962745526192066
5.781316652755688
1.2228290257156562
0.5388721100420871
1.0314184260854469
6.6503410338531195
2.450465147640843
0.9565348241595496
4.206141003951116
3.1871999571311003
2.5483787720842774
1.081781384751081
1.222810371562101
1.267492704470725
0.9145435939224907
0.9695052440488053
1.4519108537602532
0.7658727747572132
6.211497622440836
1.2791866061129926
1.0517798811900847
4.7731693555989425
0.5723755824355861
2.454277590991434
10.01236857314108
1.0022187151647939
1.7686913448578776
1.5360486514034632
0.48083908608650655
1.1627652890629974
1.463669166969345
1.7603472931484185
0.6135704183432291
2.2157900871747107
4.534727349737078
1.4092173835375055
2.885444246122341
1.351395897468507
1.696123304591638
2.5496940984084113
4.570798092328996
15.715889068239711
0.5548772171079212
2.2597882142328056
8.505800549132362
11.717844425698114
3.6834469643701957
4.173076001265584
8.583046262564936
2.9721667185325895
0.6347613484645097
1.0492174443200604
1.0589312199057563
1.8569955831937466
1.8074254494392887
2.7780510948823793
2.7308748317735088
2.4978866328447524
2.3320122889559696
2.3667006763778993
0.5894679428854661
27.10173503628469
1.263052617924528
1.1798764186710875
1.4528989532974488
2.516300033411113
2.6735427891358063
2.8519205008412714
0.9786745578062586
7.461003706795847
4.618262246820234
0.9498819177503454
2.5198642909808746
1.5683785121252745
2.632083523727681
3.5020094813092664
3.141232606790615
1.9946719802910737
4.706222192826685
28.848671665281575
1.4429596355045937
3.8035028490680722
0.6643888140618011
2.410011831009978
1.7897055788828076
3.511701996186655
7.051120326903749
3.52843400267603
1.6955706434340498
1.7921659042208782
7.552867704090607
2.6868697025935813
6.251281473540493
2.9645355272084264
0.9129516044477501
1.8511103469412453
2.974474868687746
2.324350735242801
5.862313254944476
2.041971296891946
3.124529196075211
2.4720607122184566
0.6556769793523739
0.3911609242764046
2.108164034210614
3.2888204653129396
1.5945331297368637
0.381381273873954
2.926879399600902
11.83279813195496
4.499935400630235
1.2536823639603243
2.592131835693059
0.9462953337569228
3.5337317941177457
2.9544064936203447
6.1908379732918615
3.0937865538709093
1.3421429133255873
1.2669208117177861
4.298718366903236
2.357501206345588
7.954517645491563
2.4637346436308536
1.441759132082677
2.664434175991384
3.4776158053333743
0.6596796113852544
4.221146585030879
3.9786643021641663
1.9211653945969742
1.4179612102562602
2.4605401661594177
1.591474842918812
2.340220227016495
4.030605472285538
1.095714876283361
0.7661718810533674
1.2365686043248472
6.05449743419497
1.125964363043984
1.1824693611656327
1.833810726886619
19.224492819112687
0.48612376019799153
3.608205530858561
1.179421464709531
1.5596588128615132
2.3619860835490214
3.242387182218792
1.4854867624406918
0.7751572599317228
0.944326295732067
3.2098551028955895
0.45455448964969153
10.814919058487112
0.5410263289631199
2.5807976964685397
2.3233551745555436
1.1578599006448334
1.504157905449538
1.1216635939331394
9.906606985692727
2.521234269881283
0.6250258693634031
1.925903968957692
2.1160575088718026
3.386887291901315
0.676544748577123
0.8843890665167897
0.893102440025663
2.70339529641077
0.5287850466998417
5.97726024234537
1.989088171889235
1.8818325460127923
1.101151221119954
3.754058196204555
3.0019675441156157
2.244974017961046
3.107662949423632
0.8304140296494994
11.52755472980528
5.5597634357115036
1.8162082859979474
4.205887839847521
4.581581048866763
1.4423801522391844
11.635846402673822
1.38200371270306
39.04507531875537
0.5392699599414624
8.259583495391164
3.0884389953310576
12.132367302890456
1.734282264638883
3.4450905605138766
2.3846366705257545
2.208126766609973
2.5848006191144735
0.9041952175412961
0.5896207664563745
2.0976905302469806
1.1021608916125
0.7740501496298366
3.243738817711872
1.499980901060394
2.9169318605112116
0.9469744006728321
2.2094899976083346
1.8402736640310662
2.53103963486894
1.5855081833275135
6.333671079681309
1.5341288044956538
1.2593596104126263
0.24686243606938918
1.923587018767828
1.6525078329575664
4.111243273435547
2.2093291968634166
1.3553412687066657
0.9345755640718618
0.8875038087823448
6.15765055906098
6.660336047777398
4.504208122137363
5.159530188391544
1.9782338941959412
1.5428480984417112
0.4928818878697666
2.941779353899376
5.470726466836862
2.2114605510070935
1.874020107597248
1.0166975506003106
11.177391206966721
6.135456189105621
4.490613761616141
1.972066674028602
16.039715890441517
2.5066275977221912
2.4555312001351965
4.971180794293057
2.572068539132682
7.831237063440693
6.468068074575556
3.334827281857421
7.713963062174013
0.8529443455690178
1.47181678438093
2.4888922007665912
3.606652446169483
3.592826701213356
1.664611993795102
2.73869009249832
1.8571526022802913
5.102252535794168
1.8220103807273522
12.372360181303167
4.893942303020169
6.133129507696235
2.4059687744012948
5.197728813541053
4.50764649000706
2.4595464615149565
1.281618565325031
0.9816776659380839
0.4456997719133055
0.6248843716548657
2.2281479685666836
2.4101641899790835
1.3519854518231476
6.187016428808123
1.067170954147323
1.2744239242475868
0.9149962257871989
0.9135592396117685
3.9782556222671124
1.0050880149157773
1.9711025742245045
2.4236287927008697
4.354286446465227
1.2820370226954434
0.9529117671299937
1.946306724035436
4.781981197615801
0.9995059308241652
4.60100697259027
0.437366824316409
4.753993067928762
8.801561846765553
2.131040398245685
2.1662511673347384
6.424429173806637
3.7227166150869087
15.42189718179203
2.1195352525962154
1.1093394209133485
3.129435428563031
1.5454237046433679
3.0760732704139717
1.4748551795524578
1.547088978069579
1.8350777430284662
4.013256814776745
2.1005604772071083
3.4396016677611425
4.193394451096943
1.1795038033652983
2.9086899340238244
0.45351457939857676
7.937815270682189
10.198328919399918
10.388524885564381
7.336035163385226
9.589633417479218
1.056027639569185
1.3864573431890002
0.5862129345971208
1.399239729356064
2.7002433322711323
3.65966289224125
8.00863927300846
0.9488169730134297
5.449542806273597
2.6367276813260134
3.2008302637746398
1.3783534970259206
5.438120226753586
2.3954605509765585
7.923702880406748
1.9886264177270714
4.78899484938409
2.0821992823127475
0.9179203258691857
3.000938005561423
3.8726528617963973
2.2771142185349587
2.6663808373699136
3.352504078220634
2.212527370054971
3.5294006691214896
3.0026082223779973
3.946452882229161
1.0032560773211798
0.8164201381023818
2.0880614314462127
2.6010195989978833
1.6350033984429289
4.05387714140425
2.487961315304035
4.676098204287366
1.566693194418376
2.6498242209211225
7.451741068930192
1.7663029884332395
5.143788169204622
7.318400669976101
1.1489312538194887
1.5593181531538325
3.3972393584712983
3.2932394474768887
2.906365408102117
0.7997002629964125
0.15153686610201872
2.6911200648366944
3.583284806303491
4.037266098518716
1.2521769166248842
1.5055983006166451
5.504758243078954
3.4188715083622534
1.5103548748041506
1.2286174172044122
0.6884475105669016
3.701779255632395
3.884481785610015
3.724145495250424
2.162431219703727
2.7716311779677043
6.435748367638181
3.656030559751501
1.2044624676637787
8.333350017336272
7.988956941938272
5.2689633846939055
5.946753568982644
6.044864640049163
4.420281652212504
3.911503370440761
2.441316148256106
3.0222851442383383
9.803963083359918
9.61196080485199
1.426663951209706
2.5458875294657592
1.4519104860345022
0.7305968748561282
4.675420094090014
2.13216338789472
2.496920171940677
0.9483552842546853
6.757067295678549
2.880346174492969
1.0234799227624751
2.086541798345639
4.6450009882541154
12.905138064650167
1.335904490152865
2.254496718963565
2.8648509610477864
7.612141582372081
1.015942111851365
3.7313287539057995
10.924640516084892
15.248793502533529
3.9222127642119666
1.2410122217477162
2.925303219661101
1.4299667633053887
8.359230214256533
4.16845575910136
2.474287603784646
0.8727093280653989
3.5408531474516716
1.1383969493312567
1.317054277420336
3.38947743159073
0.42969212326686296
1.6147869937153516
4.432674004362009
2.799213954317199
1.474312146284586
3.875168234269236
1.4304874213130205
3.335539984767167
1.5719343917795532
1.5965429068895245
3.7572662375188126
2.587269894704906
2.058028290899035
1.5244278633998087
1.232349741583115
2.3768552409546406
3.029077880422308
2.888397895870037
8.763087168859293
2.464360024343134
4.225989962202137
1.4623133025727542
34.143061800322016
1.8706459069006502
1.3307591934999623
3.7513665343005584
1.7844533379151528
3.1835692768440897
3.572133984219163
0.6622852711770624
17.926079110673275
6.080724741214798
2.4659872482450815
2.3624479275070343
3.0788051604057465
8.799625952741428
3.541211123190584
1.8424904721886437
0.9688423247930675
4.0301923702399005
0.3285727269595828
12.622172943418212
3.9231511660842693
0.7542965805861476
2.4101444523172377
7.493191525230025
2.8187870443323537
2.773347452334427
1.7364420815781976
2.37164603766189
2.142736502150942
8.366969579165149
4.065031890558841
0.8790691174472905
1.7599788519938535
1.5885290697618217
1.6289933768830116
1.1120268767907509
1.1446365685584527
3.3264094781389772
3.7093929596478543
2.5148539823243192
3.6596260896791444
0.8164750330373295
1.2832911404488243
4.388157729436214
3.230386266632527
1.9616027454981975
0.6043673409597343
1.1816218417704019
5.755607574915545
2.9459663051926674
2.809984543388269
2.920672583923189
1.9378850199934978
6.466384074493995
2.0541105658591503
0.7797069781758249
1.951981994094065
3.6260773166653606
1.7621015652953052
2.877378243251423
1.9958122834507883
1.5707056479643144
1.928989573046205
2.16487852228358
2.7059159453300006
2.9341988337069456
2.262763983899313
9.189981085887856
1.8708918848920333
3.253324932927023
2.408277841667142
2.171619708392828
12.199182672270155
1.7610436899386643
1.005077081242153
1.186799818621622
1.5017075170691463
8.5191591028966
1.250263008734332
1.3734654208438386
3.1033288168636313
1.0584045854102353
29.904513605018405
3.827734984411526
0.7233977555154412
3.736590542546142
1.337461627943382
1.7567194276892364
4.039841081915202
3.0644394278289275
8.945984138355913
4.998511482202022
1.3695906351675418
2.2456340063727795
1.6905213641799093
1.5151769002150195
2.0561686473614658
3.493093981318947
4.3174342415036255
1.8024545933515865
1.1060083523009525
2.407761774815795
9.512616352525797
5.354121529447433
3.2575716977259908
22.883819713492656
2.4548433364862325
1.5168977465616929
3.124365557755819
5.167759653562436
2.593974502572022
3.658762806806891
12.095066808528717
11.780450298387215
3.0613181529966615
2.1132222960179994
1.0009127400931062
3.1902819299313903
3.5250850623382934
2.0782052348164393
3.0334031107775887
0.785771160862319
0.9797537135072288
1.604600363551743
1.152619201367277
2.161204048394517
5.452310417267588
1.2057412070646547
0.909224325579765
7.574977419738011
2.458894697104034
3.079631866288346
1.5838267363464107
0.7890030497014655
9.743346603710005
5.500381726692629
6.134630084597969
1.7293468036636717
4.729613505090883
30.814208862330865
2.1374544240237285
0.5820864305456572
1.6015770027262166
3.253008431210218
2.448660901744322
4.670067281992227
1.7724459444111174
2.855121514116006
12.091801336903552
10.915525186877318
4.694655343752523
3.632557460246492
1.8921227225482093
1.5793183230050074
4.088713009670122
3.4937979583449956
1.1237342107017652
2.516800410067028
1.9850077512353552
5.325713618370136
3.317238637758257
4.929600966077146
2.7404863882123136
1.783521108591417
1.4743395564393054
2.4973876109838344
3.3478474216862653
6.651201667873043
5.244269931910939
4.364198571374216
1.617057483712355
1.4031403475862183
4.344376050462418
1.845690504112051
1.5013033573781853
0.9976966815321555
0.5712192876827445
2.124694480695942
2.166993213789528
3.6027293017943536
4.543180688685994
2.175326953866456
2.682770258199903
5.080438053461404
2.514241723794717
0.6241682934403273
2.0122206355029033
11.97345511471962
7.9094925270686165
1.3698530706198677
1.4978709492525204
1.151733092582262
1.7526482482446115
4.141095329183437
6.990007144043203
1.7170317167205087
1.5629678792905126
4.683683567552343
3.1604320894106706
7.514759399377967
3.3106553823365057
1.7326721384510022
2.2080255869359524
3.8143445971015186
1.6433203064361326
4.705703664941578
7.232209524590793
2.1206559591759016
3.002508940454284
0.40436193610234605
4.161098203220266
4.704468534552417
3.3475205191543695
2.056951059480081
1.2006718044114257
2.115277245475132
7.398931512162181
3.412738459849854
2.403937629976615
1.394345558942935
2.703804915642166
0.7882918224402603
2.743326793237016
4.162683694612934
9.038471433119062
1.1027201940141018
0.9718930950861269
0.854241267000403
9.862653946961082
3.882332045123958
11.709490952808238
1.7528341445374163
1.3554643279915397
1.1727637836990834
0.6908325422812379
9.54198533228543
1.3456253124307285
1.306327718155553
5.680013774446726
1.9975028893652034
6.333421159539697
1.761378593020912
3.066127795028787
6.189007289996201
1.3689960331607571
5.178512369273424
1.8590918199069362
3.3095560160254567
1.43525926394128
4.494696981723065
5.0633494474245255
1.5011683699578287
1.862280250704814
2.3894036386714737
0.46557675497915996
3.1205354291691934
1.7689771346004155
3.1634741144731806
2.40369279197786
0.7909935353583679
5.358956475977472
1.5219582494974944
8.321040638189828
1.503072641635341
5.2856762053881186
4.488478217202517
3.548198051480047
8.760349088339996
4.229152131941282
2.688433080260523
10.077025097826889
2.2276045785592995
8.12576189926866
7.294209748993833
1.4527416170350491
3.050990057012143
1.2826538328426218
16.65111601504219
0.7457558567598311
2.502089913815328
1.1505506103867738
5.679187444223501
1.8603783604428175
3.047435551699411
5.613906975737224
2.085879613353785
1.6182183227123983
2.263721457741584
1.3067895214343899
1.3038522029637356
1.8269799857582503
1.2972709648296066
2.97199946211374
7.645679816834359
2.078611720737675
1.4427783834751502
2.1108708182130904
2.0413514403758373
3.3681804289335755
1.0780429690957998
2.7905670744383455
1.8181634541355254
3.64276756859809
0.8946122815805045
2.082594874950093
2.4283891243180507
3.148484201879777
2.2435960404715947
4.830735479979515
2.2539150776468992
0.8933170930421606
5.133632257696948
2.9487898333882576
2.830093707454368
6.969405322951248
1.3822918813347818
2.1496743925905766
2.970731334792181
1.615435209908623
0.9726125030618525
1.4864665439665479
11.894965355490093
9.546593982315185
0.9477627972626737
1.4106025470297285
1.5719203975054814
3.4017903766961206
3.430370584874958
1.2742934465246367
2.951927271953747
10.894979585773235
6.320084563280264
2.1111571560374984
1.657649260460966
2.5143959116795473
5.284203665617163
1.7179304305619123
2.4203389594635465
0.7313988723324165
5.5165455208955185
1.2567657199948934
2.862809961633532
1.7772524878444589
5.1215741186763175
3.7237087958636605
3.2686270128500112
2.618582277401897
3.268788774325363
3.7660845156819214
1.630414669016784
3.2545765815324805
1.5602340096712453
2.6095341238785656
0.6990476812821308
1.960357348098964
3.060692863891507
2.8587538890148134
2.855432312938636
14.207083755380578
4.30797743831254
2.2866703077703385
5.56368203098379
1.1549703094813615
14.522688898488727
2.1004758088922033
3.5349027802177693
26.670908292986674
3.9328203024172863
3.6619961586139302
3.460032894496637
13.266230461778157
11.02391651078924
9.732246254897772
2.112626927292028
3.676170459916582
1.8014574873221636
0.6576116870244868
2.1948435439545655
1.8868107112433474
1.2215297169209351
6.519995519645112
8.257209554940403
2.6770369852479026
1.6061292546035197
4.661463607397501
1.7419130463335708
3.211469941451427
0.743144094644213
2.7593918570586884
2.130930099573324
10.596855576481138
12.069923566849749
1.6860302768145856
2.90131877977133
2.4004316869720523
4.671053607778963
1.2896423059783018
3.9798553637126144
4.6222757997874595
4.474738067549127
1.744336060084469
2.1181741570226005
1.8528720954136892
3.3863921764986555
5.346522876197754
0.5372280343759016
3.1114260239031637
3.058716421131935
5.0092291762554675
3.2316052233397197
1.1053449291348976
0.4140808168709308
1.1985625969816005
3.12955279793412
1.053574584849014
14.552663160705281
2.963471014746769
0.8806169438760099
1.1712763596815883
4.472058873406991
6.655805885272309
1.9155171412863834
2.095943169751753
6.91820216941316
1.707047422716136
0.49596224662361094
3.0558420366528756
2.363240644610171
7.117546990294583
2.0136964954296213
1.6122961767714226
1.5587644411924777
1.9618678243691097
2.2870054461447475
2.718145997421131
1.033276011851963
14.600156137450375
3.477826786144512
1.7252196481904132
1.8326165009233493
1.9784786695911407
1.7449742167996452
1.4279666858550257
2.7740483351024077
1.6251591251912325
0.8946449383443671
3.583030961635987
1.0544090808838391
3.8245273536927598
9.484090320444613
3.226115288245547
2.3187387197994074
4.193552206022647
3.490075892479847
1.7523654663792672
2.029587156205545
1.0454325078692523
3.700914437124983
3.7229203272606024
3.591761456825395
0.3070639853615089
2.681849481809809
5.336881922003368
5.4127809768603585
2.0118187609593043
2.423484882769119
1.8419257624915593
2.700348734774077
7.754910493728287
1.225758353174594
0.7738659355197294
5.681227827601203
3.043319695843897
2.6874444695079727
4.383172289913668
2.5782745378775584
0.9186851691641755
0.9018948253545565
0.9471615715948735
1.9096420425967167
2.1483188149678902
1.0604560565649046
2.54231449629134
1.8443141788416564
4.348151642772033
3.5486012485119143
49.338538774772516
1.9580293669710855
1.9338561198703828
4.425481643117756
1.8012351674759792
5.132955696932937
2.3069694403354077
2.8319367340921584
0.2590431331259023
3.6146871998833427
2.339900351872332
0.9568090191375676
0.6087114097228569
0.8024628058290931
7.496807081600521
1.1217479294411399
3.5208122025660336
5.839056455124248
5.144614395741908
2.19107043290222
1.4634326242295796
0.8157228635376813
4.749006892788909
4.520187264726404
0.9313231031722581
2.1645717801154096
2.4480261389133418
0.5020641087582078
6.953007693770861
1.7968719211069837
3.036834037433747
1.049659047995135
5.186171044042221
2.499544189758394
1.80271153169766
1.2264715383911209
5.559364521436239
8.621271868377303
2.300987163190661
1.1382128369372357
7.928966756547773
0.8236094922850685
4.246033409835857
4.7417976760466445
1.1537117447046377
1.4977861617150914
9.606829383132213
0.9027041126867509
4.825556907726717
1.919560649539359
2.3878456664299907
2.796932152999329
5.862163720483314
4.352508833004928
4.229478475927818
1.950040097944558
3.5616964027131037
1.0179875145510335
3.5721274515426793
4.915581516667081
2.9531630068252905
2.7814641461394793
2.808865950602361
2.3426333315587122
1.2614677572967419
2.778865145531203
3.5924158201546876
1.2468234580439224
13.978264543538357
2.950252639315543
2.0120111908991354
4.383256606146882
1.3703616342203988
1.8605319464613392
10.83099825922609
2.884309400847352
2.9548736836986818
23.949302646934104
1.8268565705938102
2.270651529924306
9.843440251406033
1.9290357134490803
2.18802495592712
1.6387252756886235
6.706204833910969
1.3795942817014442
1.2203916125491139
0.802155976065428
2.9454308941082097
1.5319651050102234
1.4941103383208483
4.397900885751694
1.1164733969487082
17.89182297419976
4.068936007055279
4.209871105904695
1.6934798849760424
0.8479512613160246
2.1223149054114128
1.2449743256144346
5.161058577928033
1.7416082239605923
1.332581921872366
1.1948381742795404
2.5133672322670666
1.2926401645942065
4.2654123759423355
4.040861788683107
1.648295466086388
4.376124734785285
2.1539639337529195
4.365026364986855
1.9463626909384755
2.433988792458187
1.5380015395200224
2.7741505210193784
1.8374098192052237
5.0421231371548805
6.022216137366212
2.9920998005347506
6.934401713816802
2.8390468875441446
1.675247007175405
7.8697581084909665
3.0001598486501497
1.2559502707568047
4.6231739295649525
0.7395124108946333
1.1949553273190756
4.500063039789199
2.4273801363955165
0.940720917249772
1.2628471510625847
0.8558241969391664
2.289408088211336
0.387420554814283
2.1598807934766957
7.4055819566058085
1.4006341202671189
4.51670671039086
5.189387049431048
0.8322275067932547
1.1196371090963932
2.4163828492286212
1.2514943841437125
1.3336182848412381
4.163898501381103
9.496445489746574
3.4190971839618824
4.497352403674622
1.4861653248768625
9.325939873499255
17.648933808636254
2.5226104465668544
4.368498252449513
0.4584167728120527
3.8134983989792643
11.625606908010885
4.6402652510259434
1.5102372553778043
39.45767116527912
3.5102351043364015
4.92819364834957
1.8942722234502303
4.037069112410607
3.289437292287213
5.3937031982575006
2.285883046155271
3.7067903752343194
1.715710559200168
0.5777304227678227
3.3502791692672766
8.277724772325492
6.756799479830425
1.6266980651003513
1.4704047624591945
2.847439972931538
6.461538127618645
0.6064367199673628
3.44034207743611
3.1142858797690365
1.9926801880255942
3.93295262795264
3.175359852139623
11.753977323118871
2.1167042332140036
10.363375615519004
11.053329660822529
1.6927144467272066
3.1164116051223867
1.9405440842390091
1.212205791044378
3.785197235669154
5.853984220295534
11.213888478540811
15.862652314195433
3.1670282970608894
0.9580337850411399
3.058880445693684
1.0019343280812256
0.49564514703887597
1.763268910492885
4.8324577140034455
0.9016006816947866
5.520755981550803
12.543484322915583
5.082126067236678
0.3966782089478119
1.104143124564536
2.0020054480499696
23.60687485350551
2.0623054262905
1.2506443581734057
1.7058949058786885
1.6562087050535932
2.8158427567099573
3.7117529238640925
1.5605306992810473
0.22286507160164484
7.297210500579064
5.088227601583143
5.989787961387787
3.897662287212656
1.5395973835054428
0.9143311380310108
11.368035368901243
4.154640455570647
5.483980552462012
0.906580123791949
28.349321378724785
5.89636905776635
0.6034832187152948
2.9860829278267387
3.6431388043921134
16.260482746037795
0.297265054818405
2.752269663799266
2.9959660171579237
6.408520299383152
2.335460968561881
5.1123492292245025
0.8904055365809715
19.39598005924851
1.7929945819141337
1.4765654047275265
3.9614665812183874
2.9423284084500847
3.694337088242082
1.0608944529094286
5.206686278899461
3.0312442037153318
1.9939173210460632
1.7305087729367528
1.161621674059725
3.4494820227162073
6.4293402293833015
2.19812835646338
2.381595114321672
2.0128729031789026
1.5923760556310844
11.776897870363827
3.745621702681351
1.6105917743028313
1.0407402117179299
11.080245362022675
10.237370646678032
1.1033251341688293
9.881943417353366
2.438015735831788
5.386475672425893
1.5437923529887003
3.3042501302697693
0.8602463010576366
2.789709111554382
10.51587996900205
0.8036599451020212
1.8441978236612007
2.5109343294645408
3.2867337933649017
2.343482013771003
0.875489886650707
3.7869338391614353
2.1631655264363983
2.7728867478410533
0.969687131220717
2.365162955254783
0.758571154777421
7.826257852777239
0.7373223646529411
3.5122009482513907
4.452703462997827
3.2269370500955077
0.793482973196709
4.646924219624328
0.48305950070802367
1.469244217438789
2.0190810723967294
2.944341113494859
2.999179458763597
6.2578997643189815
15.516837978325398
2.190254308786282
2.886872376198418
3.7922596471272936
1.6219646599961282
0.45813905635898255
1.9273102074019766
4.1644445132664405
2.7420281948789045
0.5768233260652653
0.7867215580731319
1.5519017757197282
2.2689083716944833
2.4991794869359514
4.411697771242236
7.772399953925283
8.174810610833934
1.1066220584813449
1.2654392065881026
1.743891659608465
3.4707750139458664
1.7175112860351505
1.6655849570685997
2.0350963068599865
3.461630144867889
1.949016447894805
1.5401723312200248
1.6724731929488168
1.5846790637055492
2.487307280777882
1.027236334599679
0.6694527731699654
2.4550123698405026
1.46010174393811
2.7410696873414575
0.9876966889533884
2.914265362407274
1.4974738588612835
3.967605043207754
5.549093168483167
2.881698596024285
1.626134101778575
0.876061241350849
3.277072240153503
1.5765087308657
0.8776326249375087
1.4802758853080393
0.8420766807036644
1.173997849213394
3.789408006413859
1.0333502862579669
1.2145013192394747
12.027002022700067
2.0675146533143263
0.9998811114418354
1.2037107039497974
2.693047600190941
1.7641036802856347
34.30428860388075
5.292741626989869
2.4955604101287263
0.9968754266760844
0.4216796773185294
1.2139560661951427
1.8770410905159847
1.988603756496037
10.849129117962201
1.4426902734647504
2.7574535230948887
5.731711976905627
1.843794715821113
3.106721561312054
3.103205040132128
2.425558625319982
2.499604896763364
5.095319618917396
1.2067504544163201
2.7495324386774698
1.7151566614357805
1.1927504829212525
2.038017274369791
2.7178674988191296
4.123740134315561
1.3979937687844672
2.3110794441500597
2.1236052167027775
1.6047472456606453
2.856045047925621
1.4001904930050848
1.2365794375677452
27.726562167047568
3.7273324876071943
2.3213133060317324
1.425684605293657
3.202128666305846
4.576172367185185
0.37802918212900555
2.8079734799031537
6.6898515432186185
0.606655395567349
3.7838629376370774
1.982886651769057
8.715293398577934
0.8369211163789438
1.8358029216620992
1.7420716483944012
1.5154810970497985
1.6304267169974447
5.75092328428718
1.4146021663454187
2.1223906143155515
2.794859825547049
1.5230050232646497
0.4912503098811533
2.5634255556763823
2.732010758680483
1.4524730456719035
1.8849396775833522
2.886220538885745
1.0257021372276378
0.5569141361430331
1.6264597301155894
5.631125467626707
4.287190434345431
0.3419882604580211
2.346301212371951
0.8989578401453852
1.0443250768081762
1.5382783667977165
3.2531250227215414
13.051709003308346
2.7645108729922714
2.214410815216206
1.155681433633117
3.17442346874756
3.0258687637676203
1.824624547359852
1.6987864065110612
1.6008198025353981
5.617950232688631
11.12543734793674
1.2118299370271717
1.6332442554835707
2.5779811785308397
1.666153385116715
2.7506431138865013
1.381836893900979
2.754936883953178
2.6423365964185224
1.5074528585953135
1.2539286126491385
2.3954015682676317
4.620279305562554
3.79435580665194
0.5110224472677626
3.191210153942057
2.118217962459155
1.7442003577893808
0.6137892381605264
1.4738519162587236
1.7557050410006831
2.8903849366425796
1.2468535378927053
4.349662391065552
1.6557954149054925
5.805345821681225
0.9023874788758275
3.714315448082363
10.533494476601637
13.303067890471326
2.6233818981435157
1.2192353969311112
4.105630272429113
1.2579028905907896
3.942947321075251
0.8920901945469376
0.7986361472901069
1.3481642208947051
1.0767167328313554
3.4738124320091925
2.9234749136098097
5.839650094057944
3.6019413073850792
0.3757140441163384
1.2552527823117414
20.878550813086704
2.388147816621315
4.821005923970587
7.522395556495151
3.3675129866878413
1.1077348097201716
2.1187535379042775
6.769546184334515
6.403223367734358
1.194978128693556
1.0085788445505262
0.8835298140797994
0.6091043283286506
2.1821392143374245
0.4331832885688149
2.202153431835113
3.7543989190002347
10.13823816980792
0.7735517520867057
2.6387512435805327
1.777823368798884
2.456194633675125
1.9059307220829012
2.1016545007567085
2.911272880595849
1.564585658410605
8.579409627888442
2.959868757370882
6.401123615604059
2.124708478363644
1.5188290569988057
1.4843580043258258
2.7633822079389168
2.47586554783857
3.132027675202136
2.8486018166482907
9.169607240516408
4.252743541466817
1.908555518793122
1.9174209806038247
5.5145118785016205
3.213099825477807
0.973794106561453
0.541464860561646
1.707864856876229
9.161320512366721
