[1, 1]: [0.24236668464425054, 0.45552226893654213][-1.6115484716085189, 0.31833439403349073]

[2, 2]: [0.14722470566392162, 0.060582256091833805][-1.593911762530817, -0.06760406790825776]

[3, 3]: [0.26240309610320844, 0.3748259516886403][-2.430199040975742, -0.5775243955763953]

[4, 4]: [-0.017070283147020984, -0.11272189475794517][-4.620349984391508, -2.6657914686440694]

[2, 2]: [0.1371209512302133, 0.35716762918236034][-2.1390693294540695, -0.11211231754848808]

[1, 1]: [-0.24156419034580023, -0.2252041220882034][-1.6574348532466945, 0.1860242274238043]

[3, 3]: [0.09189127991251869, -0.030212713721963783][-3.2932090754573777, -2.784968479309946]

[4, 4]: [0.0211288387142802, 0.11573638098123865][-3.249940233729339, -0.9573135841454279]

[2, 2]: [-0.17558981806176738, -0.3852163004397265][-2.1230039475025855, -0.17871977115949808]

[1, 1]: [-0.2933963178120449, -0.15297694220010555][-1.5371445422299905, 0.5581207431671996]

[3, 3]: [-0.5632290782217346, -0.7533989152793137][-3.5041448905939654, -0.9362942595203507]

[4, 4]: [0.3401571753010926, 0.3531624776300385][-1.541731711691628, -0.45367402413329794]

[2, 2]: [-0.3035318548347333, -0.32755795000861465][-2.3358690364792443, -0.4743123911386971]

[1, 1]: [-0.18570336983747832, -0.33473372094826415][-1.7120078498461924, 0.351431656008104]

[3, 3]: [0.08909991762076933, -0.1511678835055277][-3.3274350848358294, -1.6102820024649576]

[4, 4]: [0.2064769772029525, 0.4498302083867938][-2.438044408466598, 0.39197424450871765]

[2, 2]: [0.14204353560100624, 0.2509900206613876][-2.4499669719255954, -0.6085435937939306]

[1, 1]: [-0.21479455664017066, -0.3759909629351488][-1.7693654542627661, 0.18516492743966756]

[3, 3]: [0.14398714306728794, 0.7511558896883491][-4.50254275466407, -1.5300992836830274]

[4, 4]: [0.09970387223856665, -0.6802855740706354][-6.33738554216905, -3.8132043767269517]

[2, 2]: [-0.38389873407335673, -0.003291680129984126][-1.8839216912823717, 0.27016451375700323]

[1, 1]: [0.5809539052344068, 0.38079770796999013][-1.7191683483332543, 0.30373042413257295]

[3, 3]: [-0.07976877321215854, -0.2025543223490735][-2.6045464419482727, -0.5290894325949567]

[2, 2]: [-0.1685191393874675, -0.3457663133367763][-2.7104287767273103, -0.5453292609335931]

[4, 4]: [-0.03983890203954342, 0.001929870302237055][-3.533457660808838, -1.947366993951914]

[1, 1]: [0.14518665725809177, 0.08121935607245662][-1.582061606388736, 0.24171073495737785]

[3, 3]: [-0.48098949693030224, -0.13948046245072143][-3.2962949547982006, -1.0104377251837957]

[2, 2]: [0.4628740881819257, 0.06903853758945254][-2.0741938059643994, 0.0041548168568571325]

[4, 4]: [-0.3204499167191496, -0.2791715901425265][-5.407756976589554, -1.6242651101134098]

[1, 1]: [-0.37013141236750347, -0.3683514752983286][-1.583051170150993, 0.3311744267141964]

[3, 3]: [0.4003771431627302, 0.6184109451967275][-3.396385449069057, -1.163953979036198]

[2, 2]: [0.19254308133081371, -0.07280470331783011][-2.2718964011665523, -0.35502154720259016]

[4, 4]: [-0.11912880412934858, -0.009125241326322156][-0.4446158601565262, 1.3679832214457643]

[1, 1]: [-0.15238952667391925, -0.1294058268903089][-1.5216247258130562, 0.3444381854869288]

[3, 3]: [-0.16844912863586098, -0.26357537067201164][-2.576630767610651, -1.478551898729121]

[2, 2]: [0.11543730569513184, -0.007648778638969234][-2.116715998348752, 0.25412226362626494]

[4, 4]: [0.2932468998098734, -0.03957064930492095][-3.0889642698701003, -1.5477410947273593]

[1, 1]: [-0.7406676844702745, -0.6614908967837086][-1.6600643672533557, 0.27140956776459674]

[2, 2]: [0.022861509279637385, -0.08041771646096715][-2.1938462529704896, 0.004609952548449061]

[3, 3]: [-0.08510987405500807, 0.0670932484211566][-3.300614232167296, -0.7067148310956408]

[4, 4]: [-0.05991416736414065, -0.007087531924117402][-4.51601699201698, -2.2409816108053326]

[1, 1]: [0.2088228562555125, 0.4037003539507615][-1.6489664575872864, 0.2945702782666822]

[3, 3]: [-0.4937447832317203, -0.1674742028875255][-2.8346455039546754, -1.580350861680623]

[2, 2]: [-0.1307586954806787, -0.2673454099799705][-2.4741016061605037, -0.4391808886006]

[1, 1]: [-0.23509277342831997, -0.319152638846031][-1.4784898330810365, 0.29686512658775155]

[4, 4]: [0.13829533113742493, -0.23407942710147014][-5.001646883356934, -3.737618420028536]

[2, 2]: [-0.20021880725099478, -0.17439629178990723][-2.174956365302589, -0.31176477892420384]

[3, 3]: [0.09084511119504399, 0.16748895637273087][-3.2605857031815297, -0.9821217100627481]

[1, 1]: [0.00951956380702447, -0.22590894588444052][-1.6700807051047852, 0.2945105991039722]

[2, 2]: [0.41058712925677265, 0.3337498022905533][-2.1694036744584473, -0.33055630071820824]

[4, 4]: [-0.280333177741076, -0.09707493401113979][-4.462137075006039, -3.0532955040418397]

[3, 3]: [0.15514415303001658, 0.47940923021716986][-1.9227033862612068, -1.0678742328396869]

[1, 1]: [0.224040261329171, 0.15643352647743441][-1.587273622785041, 0.37849802145056555]

[2, 2]: [-0.3474677426598608, -0.33835264329933773][-2.3186855366486037, -0.45638407100574]

[3, 3]: [0.35404632713699613, 0.10608718493808666][-4.059914908340351, -2.137645772726809]

[4, 4]: [0.30510689806104035, 0.12369773724200497][-5.146435991072587, -2.1223903838053158]

[2, 2]: [0.39605986312581043, 0.6679389413478887][-2.215051958006839, 0.04010503026882381]

[1, 1]: [-0.7000096237679032, -0.08423641920107322][-1.5068053013809624, 0.5046575963573651]

[3, 3]: [0.5679920776301114, 0.38979048472924915][-3.5640950228688912, -1.944816715237565]

[4, 4]: [-0.20625810607082284, -0.5439111416685228][-2.2339881091048337, 0.6348424542396637]

[2, 2]: [-0.5569295909993502, -0.4958953684558871][-1.948860473063658, -0.02592631926820526]

[1, 1]: [0.1222564089159965, 0.3091156718062815][-1.6344954221412429, 0.3604573395357226]

[3, 3]: [-0.05888271115183413, -0.3123054319515152][-3.4456540234595265, -1.7594664190023455]

[4, 4]: [-0.49031952330759765, -0.5786609038038378][-4.537500029528797, -5.336754666719632]

[2, 2]: [-0.17714996493862822, -0.15392534935962757][-1.7513214187765853, 0.317476852432794]

[1, 1]: [0.1615974994163662, 0.09275238884087361][-1.6507999696240634, 0.3285120053725501]

[3, 3]: [-0.16892927111718348, -0.2300805823427307][-3.0278891826515624, -2.3419685915582944]

[4, 4]: [-0.03935225924216888, -0.05726401128147439][-5.211646254731433, -2.537628149306486]

[2, 2]: [-0.3024284123654919, -0.4010767793334433][-2.1383941897126073, -0.28407620599104644]

[1, 1]: [-0.12410386404460101, -0.17548542609409173][-1.6760702603658546, 0.35003913385087215]

[3, 3]: [-0.1071260292895375, -0.1813193729399173][-3.2708424586362157, -1.262117960640777]

[4, 4]: [-0.10986726198004541, -0.2483481186945663][-3.2279116965983534, -1.5414112931562507]

[2, 2]: [0.38775043563386447, 0.27893068922812864][-1.7629141655455718, 0.4744003797570013]

[1, 1]: [-0.6104315013808982, -0.3563327641838939][-1.6550400145175275, 0.2487211011973495]

[3, 3]: [-0.060352989390636824, 0.0402529393152351][-3.4898321011656845, -1.2081924324820787]

[2, 2]: [0.5861163053945933, 0.7720134669598622][-2.242451838666182, -0.38072310606323473]

[1, 1]: [-0.09966223254823574, -0.038583118455323334][-1.6535043790669723, 0.4026883340556722]

[4, 4]: [0.07455758163552414, -0.16852677732775667][-3.7034818461518118, -2.941762772004982]

[3, 3]: [0.21135164377385254, 0.052683913638226595][-3.0124438660301776, -1.100716553694434]

[2, 2]: [0.40227588276013904, 0.38035641249248636][-2.4815685413920168, -0.137429993717635]

[1, 1]: [0.3279586704267517, 0.629869134138365][-1.5044709019978404, 0.46691597485610137]

[4, 4]: [-0.08261283655711373, 0.07068231922726533][-4.097290179497112, -1.3832579201065107]

[3, 3]: [0.13699324778776112, 0.03270642464111548][-3.5872472434617695, -1.6898357486107753]

[2, 2]: [0.03945535480410339, -0.017644977482482477][-2.2612004150061114, -0.20924814221686386]

[1, 1]: [-0.2839995601887919, -0.2173205658014764][-1.7770704663781265, 0.19373045817737283]

[4, 4]: [-0.4115306220551241, -0.44224098161670544][-4.376178517008387, -2.4411750700319677]

[3, 3]: [-0.16869361851670928, -0.014362842175303654][-2.635509773543815, -0.11461248452804312]

[2, 2]: [-0.05132029373902799, 0.06172143842744102][-2.457076748387949, -0.4317027853598903]

[1, 1]: [0.06393911096859653, 0.11220978180551891][-1.632771511090892, 0.32200544756306165]

[4, 4]: [0.5083409870541977, 0.44293411643480984][-5.694430176815368, -2.578875584961586]

[3, 3]: [0.17722361060717684, 0.0996915897280475][-4.465979863717793, -2.3287423515683834]

[2, 2]: [0.08285137410466509, -0.08403613566204353][-2.286673563845391, -0.22816920162165594]

[1, 1]: [0.45957571147525555, -0.2007412408571932][-1.666117090948944, 0.3908358679839731]

[3, 3]: [-0.05998186919019023, -0.009816829587004056][-3.967492514676724, -1.6311469723539642]

[4, 4]: [-0.42413364645262575, 0.1783625715182789][-3.6469140415926624, -1.1621278499190808]

[2, 2]: [-0.2563996867392151, -0.4533808959682437][-1.6587923218620395, 0.44194271442381444]

[1, 1]: [-0.1970751306449524, -0.1092692167787669][-1.6951174876717987, 0.32493911324291924]

[3, 3]: [-0.08801785361236597, -0.010221207671713778][-3.155415539092283, -1.2914513626682391]

[4, 4]: [0.055766808582591906, 0.1290070715302697][-3.3697986339148, -0.48608372188545257]

[2, 2]: [-0.11905293598364947, 0.049757950415276066][-2.458554529861435, -0.5234142263145779]

[1, 1]: [-0.08043956060248578, -0.2841502934463526][-1.7134613178183287, 0.27457654560007294]

[2, 2]: [-0.10897583653057238, -0.0743743232398072][-2.508324268467738, -0.3708191996626621]

[3, 3]: [-0.5620783838470155, -0.5161795669120459][-4.872265566641843, -2.429055672944523]

[4, 4]: [0.2153988361725302, 0.03850079913812654][-3.9198524216919886, -1.9665059156610343]

[1, 1]: [0.6577743558514622, 0.4264824382134337][-1.5046164127750885, 0.5503903538356325]

[2, 2]: [0.14647883218219465, 0.0960810364366845][-1.729281493209561, 0.04735058757399388]

[3, 3]: [-0.5086022577299938, -0.5562905658318213][-3.587738611696853, -1.4082498230028824]

[4, 4]: [-0.4891777413986807, -0.5788348072802674][-4.140508645515469, -2.496585705507575]

[1, 1]: [0.48897285406649815, 0.4447202882309957][-1.6536606541275445, 0.29648314651816005]

[2, 2]: [0.525876219977661, 0.28387537541275437][-2.5115853863309567, -0.47681564071898336]

[3, 3]: [-0.06045671843131112, -0.028583567553627925][-4.42106908366815, -1.7855099744434062]

[1, 1]: [0.4156366414088933, 0.5227727099628101][-1.5692788949100176, 0.32475897847904867]

[4, 4]: [0.3860302674624811, 0.28588084053438234][-3.287968328219962, -0.5059116052316233]

[2, 2]: [0.4531736192915613, 0.1405030803397498][-2.26863667199561, -0.5632020055604928]

[3, 3]: [-0.09449292548397473, -0.018910989541654016][-4.3191469997013545, -1.0445312212995908]

[1, 1]: [0.1902703600234904, -0.17543020742535326][-1.6289747639759489, 0.44989445762896685]

[2, 2]: [-0.3112580695522628, -0.1605922182460321][-2.339268322439551, -0.35932948823404526]

[4, 4]: [0.2602697166574628, 0.16772540519393955][-3.1160974836720663, -0.7853926962391824]

[3, 3]: [0.5941829161931789, 0.7835194330424775][-2.126208868246503, -1.1153975304998034]

[2, 2]: [-0.02342562114577995, 0.5570570762563429][-2.5789259255400996, -0.7905255965505257]

[1, 1]: [-0.1201075776198781, 0.08480764178823141][-1.6694608433287104, 0.2672089626667539]

[4, 4]: [-0.7219856790309077, -0.6791125043689341][-3.591683451760698, -1.9091744064775973]

[3, 3]: [-0.001392221276649494, 0.018145178845506135][-2.8126750349994936, 0.10390147526999949]

[2, 2]: [-0.41135028585527633, 0.017232756673854224][-1.9892066508149424, 0.040960334898256415]

[1, 1]: [0.3542251819392155, 0.6642096685697625][-1.682160154975056, 0.3415779462455505]

[4, 4]: [-0.0033249356704331406, -0.06702639843725035][-4.646495345719796, -2.0323995333930647]

[3, 3]: [-0.14897436622312754, -0.025642745752924245][-4.121475324675931, -1.2761074363864917]

[2, 2]: [0.21816248145853073, 0.3522021208209102][-1.9940748754514397, 0.014693677519137305]

[1, 1]: [0.012156957897013349, -0.010571929300555297][-1.570506581023592, 0.3072750158618273]

[4, 4]: [-0.04387115501098366, -0.01233237256807558][-1.7871921980912922, -0.782386789239882]

[3, 3]: [0.4799390509603961, 0.585889167699802][-2.058702779798421, -0.42952625058193605]

[2, 2]: [-0.012611397816013989, -0.030513027803097226][-2.646080914801716, -0.8793020283186721]

[1, 1]: [-0.07429558689907727, -0.13719968474430833][-1.8029476369505595, 0.2702791521737986]

[4, 4]: [0.07441178399817891, -0.12184500244967776][-4.368046111617555, -1.540070393496619]

[2, 2]: [-0.28554472641618334, -0.3399277833111483][-1.938467732070717, -0.315958241567731]

[3, 3]: [-0.17358296966056785, -0.20603998889590203][-3.3115516182807947, -1.306954487399993]

[1, 1]: [0.2782256025398139, 0.36984219175891897][-1.5956120226495087, 0.42142302972251766]

[4, 4]: [0.25678791417609825, 0.19298753440477923][-5.0319867743640145, -4.050256959785346]

[2, 2]: [0.034018471219360455, 0.069547659590526][-1.920246102702803, -0.058448035994469544]

[3, 3]: [0.2768779325521136, 0.13446498886500313][-3.1875687761780918, -0.7672703534191835]

[1, 1]: [0.06386698734205806, 0.43787464125668774][-1.5654000608987473, 0.2934567088395791]

[2, 2]: [0.26081609354999413, 0.45516665322427624][-2.648541820907369, -0.6766557535907336]

[4, 4]: [-0.09123729355961938, -0.22356946354812604][-4.300662069336037, -3.584097157336163]

[3, 3]: [0.10107539347788141, 0.007705564559593897][-2.139797186135439, -0.4898543015806956]

[1, 1]: [0.3191753346378333, 0.4358937768790577][-1.6110006363007234, 0.37092523214189754]

[2, 2]: [-0.10996218085364912, 0.06355929490741992][-2.2972464396066368, -0.14404622408033743]

[4, 4]: [0.25909884721331256, 0.2752272900305135][-4.96433493393669, -1.46105609940691]

[3, 3]: [0.14694393613995846, 0.22904207022466172][-3.5533690049623505, -1.2368609151341035]

[1, 1]: [-0.4120986877157273, -0.25728316918194577][-1.6291895538865022, 0.3976260918070198]

[2, 2]: [0.37775888241823397, 0.3309738202040084][-2.1903786261959297, 0.11368897581818105]

[1, 1]: [0.2590714218828466, -0.18175298270888565][-1.7886137603273002, 0.1698899784306671]

[4, 4]: [-0.07427871153553386, 0.15275760183399492][-3.5375941088966303, -1.864971691081235]

[3, 3]: [-0.14127495404605606, -0.3446502136314699][-2.1418890781499944, -0.27398800798863]

[2, 2]: [0.1946358508040817, 0.1443123463451419][-2.3253221028690003, -0.4335711787978953]

[1, 1]: [0.13535999018218894, -0.4733550861547106][-1.740188753440117, 0.3218591150946787]

[3, 3]: [-0.028331605402269103, -0.20289652841428482][-3.0836659600161664, -1.5882835406636644]

[4, 4]: [0.2609454186461714, 0.3053625862154061][-6.394039732114157, -3.7176004372025258]

[2, 2]: [-0.19117483939503002, -0.3517179158417161][-2.002975763372782, -0.031526545686342854]

[1, 1]: [-0.44358557423659684, -0.3585950420289242][-1.5426915428855905, 0.38397068441795174]

[4, 4]: [-0.5310306637075113, 0.09739811829240377][-2.8940861880425235, -1.0233302591365272]

[3, 3]: [-0.26631285300270213, -0.5175506264444043][-2.8865109204253034, -0.8309830240775646]

[2, 2]: [0.11903351122857346, 0.0635846090234235][-2.277920033554411, -0.5134504035892722]

[1, 1]: [0.36930827250300385, 0.42601381969653773][-1.7160333688265448, 0.3409080649119013]

[4, 4]: [-0.3987902531961369, -0.28359624521911614][-6.808171861479264, -5.5128133361539895]

[3, 3]: [-0.1778558904029388, -0.14920043644086878][-3.4213765628052055, -1.7529557574643448]

[2, 2]: [0.3060063544619289, 0.18830428354692744][-2.700503875476525, -0.6350635642854319]

[1, 1]: [-0.15443178169233868, -0.366085217489734][-1.6250748751906292, 0.41446049971629884]

[4, 4]: [-0.16931328242949711, -0.44207712196243765][-2.506542983536646, -0.44527131200392744]

[2, 2]: [-0.46656111854017845, -0.3815910756846065][-2.5773505424955694, -0.7729703047353867]

[3, 3]: [-0.23110851851039987, 0.20270570332196827][-3.687607469391972, -1.102688760014403]

[1, 1]: [-0.3115112882449511, -0.6758262685797424][-1.6525137249895108, 0.3053884192188303]

[4, 4]: [-0.1371216376009204, -0.11629035651742811][-3.3271602701122918, -1.8971350572867929]

[3, 3]: [-0.38759744823672904, -0.5075108066486849][-3.7699915032623235, -1.4596790702824918]

[2, 2]: [-0.43136485189821294, -0.6991308702755843][-2.150336338019751, -0.23278401756500328]

[1, 1]: [0.09712600554702397, 0.07522503308181544][-1.6702847111385077, 0.3027776201292867]

[2, 2]: [0.06447812682378767, -0.03186507951221415][-2.4952144380612493, -0.31506088579532704]

[3, 3]: [0.47523714144545603, 0.14669820389594498][-3.1253549745106395, -1.2032883114334147]

[4, 4]: [0.14298011682693557, -0.23132746016430877][-5.1060366767340994, -3.42828489093327]

[1, 1]: [-0.23530038709041196, 0.2824957496623381][-1.7952445500017808, 0.15681265713044443]

[2, 2]: [0.30017216339254393, 0.15482999897999614][-2.033554694382898, -0.2882725786548664]

[3, 3]: [0.0316520308495154, 0.11007000524641264][-2.979784763890777, -1.399471289340576]

[4, 4]: [0.17427057038261434, 0.48510000058188185][-3.483779390746703, -2.4994075648999337]

[1, 1]: [0.06921594579698338, 0.1111673623449572][-1.488559916657306, 0.3796733226328514]

[2, 2]: [-0.3723331198915495, -0.05755283083882671][-1.783275300437506, 0.013875592208119975]

[3, 3]: [0.04597687055970862, -0.02950418855711892][-2.813591331229848, -0.5173531597108773]

[4, 4]: [-0.49723455978713754, -0.5003035139301204][-3.826005587405041, -1.6349339725886178]

[1, 1]: [-0.5154486827842545, -0.3099612001943173][-1.6461294555045858, 0.32027779660072286]

[2, 2]: [-0.59564791124974, -0.42160424710936967][-2.47462419723571, -0.3784181954558861]

[3, 3]: [0.21314437748276596, 0.09160020712304821][-2.2505867498155094, -0.6120354790078046]

[4, 4]: [0.11397790164813873, 0.29115142525794224][-1.4160451620397319, -0.22438249994536735]

[1, 1]: [-0.44886445789454477, -0.22437012047286478][-1.7315293039894148, 0.2475584187807999]

[2, 2]: [-0.5659466588537271, -0.428286634167838][-1.9584079747970418, 0.3647118716211267]

[3, 3]: [0.20184964629376004, -0.16958305829992898][-2.8443654720007543, -1.1853573888987232]

[4, 4]: [0.14373855309235922, 0.024587853107619517][-2.8336348891901464, -1.65595289007013]

[1, 1]: [0.14037062626856348, 0.4513973747238105][-1.7194968591309592, 0.2924460705100772]

[2, 2]: [0.4322486987332145, 0.04941284521964495][-2.404978343253933, -0.22361592654843876]

[3, 3]: [-0.11636724247438061, -0.27198693122943896][-3.439215969921481, -1.6271019185288607]

[1, 1]: [-0.008198078261074257, 0.5697516208919118][-1.6751566169525398, 0.3402243478587763]

[4, 4]: [-0.47486603652548387, -0.4053105762835354][-2.8647045621241025, -1.5393145452564538]

[2, 2]: [0.2265923421180127, 0.2955773457069339][-2.547304739497733, -0.40540289368972493]

[3, 3]: [-0.18185478206186548, -0.5203914847613389][-2.4626957120353388, -0.6450888210280994]

[1, 1]: [-0.12882527380556935, 0.15092833539328354][-1.7178754274209036, 0.22168125281974307]

[2, 2]: [-0.2275921044724087, -0.19677430838498644][-2.537242311744193, -0.8860386843215871]

[4, 4]: [-0.0468307458594103, -0.15701529731474761][-1.775500965599559, 0.03127590216631207]

[3, 3]: [0.43230775266998983, 0.378241104387094][-3.511405875775326, -1.1672871839900534]

[1, 1]: [0.04147755501252674, -0.1767418198351301][-1.6416938733068012, 0.35300287261266006]

[2, 2]: [-0.13818463144640825, -0.16932709317710992][-2.2525356427284526, -0.5246127975019659]

[4, 4]: [0.4784095813700298, 0.22667547119836862][-4.57064776567985, -2.193694016935886]

[3, 3]: [-0.17021969272539747, -0.16051399051328114][-3.4485660795527875, -1.6987294559822028]

[1, 1]: [-0.027798576679115387, -0.059186380839996736][-1.576313600127943, 0.3358522240877008]

[2, 2]: [0.02132024719983086, 0.24151921544037894][-2.2612971038274496, -0.5243292592367979]

[4, 4]: [0.06002227110485801, -0.05520861010291442][-2.659328175574485, -1.0451671002582965]

[3, 3]: [-0.2059249215626765, -0.1470136874366307][-3.0409309715887742, -1.3258168287773853]

[1, 1]: [0.18888059617523026, 0.13041333899429586][-1.5919774657020371, 0.38084250639526845]

[2, 2]: [-0.16013536466555445, -0.08937635955609517][-2.259495081205975, -0.34738187028719925]

[4, 4]: [-0.005796246348261702, 0.08542766120732238][-3.284951998610785, -3.5911915980307554]

[3, 3]: [0.01390776709421608, -0.08846448550898853][-4.103953653999018, -2.1742374782071816]

[1, 1]: [0.19547697635051617, 0.32176329492809574][-1.6582075462867718, 0.293980992013155]

[2, 2]: [0.2717429213057717, 0.46551732314413885][-2.0351690066325148, 0.07688651470911471]

[4, 4]: [-0.30175611066364233, -0.4096335867634923][-3.295992341133654, -1.4865125191894253]

[3, 3]: [0.3490344505057593, 0.5569072000542906][-2.379616417630947, -1.3523352700751123]

[2, 2]: [-0.18133732477662334, 0.048458895446690325][-2.4956429964744165, -0.4727182619925584]

[1, 1]: [0.4975354025717327, 0.3318767197604564][-1.6464341750810634, 0.3522040618071879]

[4, 4]: [0.5376138205664424, 0.16515122644233718][-5.038789299052366, -4.354472661535431]

[2, 2]: [0.2635383121226725, -0.23391821758545558][-2.728068537216673, -0.6635761961952181]

[3, 3]: [-0.13422996109925567, -0.0027049049203801967][-2.159222377997198, -0.17329083099615128]

[1, 1]: [-0.09986188454282954, -0.16060537589281518][-1.771209519729393, 0.2543171676818469]

[2, 2]: [0.40440911063048773, 0.2613758899215864][-2.887768386988298, -0.9814690913336448]

[3, 3]: [0.10066950191876758, 0.06373410521637048][-3.279705158148499, -1.4049616072698874]

[4, 4]: [0.0904714179767833, 0.18665365536002632][-3.5714393463853265, -1.7263626484724666]

[1, 1]: [-0.10131420294861007, -0.15284204561505635][-1.4999777089713355, 0.2609136096394962]

[2, 2]: [-0.06263099548953627, -0.2857739614086603][-2.356809243171448, -0.37841105564211974]

[3, 3]: [-0.18704816047770545, -0.13238557949993868][-2.9733349237912603, -0.897744096270616]

[4, 4]: [0.30387351689590036, 0.2602764621769316][-5.736347066450379, -4.674899025759788]

[1, 1]: [0.010411596317985009, 0.27306631109192403][-1.6573828537382371, 0.35461212515103213]

[2, 2]: [-0.17567261734286418, 0.1193236317149661][-2.0243333499215224, -0.21592170651649356]

[3, 3]: [0.8630577520863659, 0.3887507025233933][-2.6413003438580107, -0.6932738450153424]

[1, 1]: [0.19263442911779197, 0.25262852729659485][-1.614436508839276, 0.3509528927868452]

[4, 4]: [0.4793927217175761, 0.12500392095687685][-2.2541915442532168, -0.3507764213532721]

[2, 2]: [-0.564798563365736, -0.4326795458217176][-2.2488924762175695, -0.07607870055694622]

[3, 3]: [-0.17608732888744347, -0.1183398289682772][-3.279224857424327, -2.0608990476952354]

[1, 1]: [-0.038770798827113845, -0.22864757951162168][-1.7225876021596145, 0.418018675013684]

[4, 4]: [-0.09231739823584366, -0.25058128885474756][-5.220232127097279, -3.2567474152107962]

[2, 2]: [-0.06560567968891673, -0.05270080282559629][-2.1517156067320378, -0.5200123948462594]

[3, 3]: [-0.005290464232913225, 0.003082298384707423][-2.5565148650001217, -1.2337064849711599]

[1, 1]: [-0.05205382292343165, -0.056970377477808726][-1.5135616102531606, 0.26947508182418506]

[4, 4]: [-0.4310940359797819, -0.5321283670391042][-3.8151750404413107, -1.864077187488974]

[2, 2]: [0.3447371839540727, 0.26608539356778604][-2.680741588063695, -0.8558860414913458]

[3, 3]: [-0.2614978784458822, -0.6006791980030095][-4.075379380038466, -1.8760609086637159]

[1, 1]: [-0.1569470609731391, -0.49215516297965833][-1.7170789319118778, 0.2335438250355968]

[2, 2]: [0.46902723919501177, 0.25602938795643754][-2.207236183631984, 0.10250800223733546]

[4, 4]: [0.010270141625662366, 0.2890524424483848][-1.553795378072454, -0.4672891574417815]

[1, 1]: [-0.007617178756728599, 0.2532379519952318][-1.6733081803418572, 0.2846229369338489]

[3, 3]: [-0.6079362907657242, 0.010890357586321064][-3.2930167168924727, -0.4115444908942341]

[2, 2]: [0.6579545185882482, 0.19328843174973753][-2.0791914698664415, -0.31416817092612676]

[4, 4]: [0.0921651107269853, 0.22589250284809406][-4.331043894901173, -1.5008247609046586]

[1, 1]: [-0.001471882192170204, -0.03126779294547172][-1.6378218623786447, 0.3532699899442048]

[3, 3]: [0.26891694070214045, 0.12990307873312767][-3.3433769556338717, -0.7160936108975129]

[2, 2]: [-0.37825784822576725, -0.5168540768161836][-2.3614834373029865, -0.32489615280053274]

[4, 4]: [-0.12599395504251043, -0.3158418916532616][-3.1230560769874143, -2.128690036289803]

[1, 1]: [-0.11956087526759354, 0.04882482343531098][-1.6631743033972806, 0.2923743509381119]

[3, 3]: [-0.20098319394724173, 0.10441578310481779][-2.6702137947741273, -0.6869021042429625]

[2, 2]: [-0.2366318214419188, 0.07613384089266523][-1.971752964400385, -0.016278778107680525]

[4, 4]: [0.3072771746171584, 0.35919134116357376][-4.0509533231017665, -1.4161504641409979]

[1, 1]: [-0.3022676182184399, -0.3325933568862167][-1.7321060468010077, 0.3386330724161609]

[3, 3]: [0.10650304246670174, 0.34387693115344486][-2.8760183293602757, -0.9336411863552067]

[2, 2]: [0.5230947381019927, 0.5303388119533599][-2.015346501838237, 0.05994085286705764]

[4, 4]: [-0.23263723102022968, -0.02171977020991639][-2.291042727211634, -1.8244643187740992]

[1, 1]: [0.0598822023936725, 0.23559176365898354][-1.6425420280020333, 0.4185443142536597]

[2, 2]: [-0.012448409839318483, 0.15717843166202114][-2.6425504915466598, -0.7465584124384567]

[3, 3]: [-0.1395890195584485, 0.27403344585170136][-2.2396052172519205, -0.839016837607893]

[2, 2]: [0.06371750878228769, 0.08393107451167514][-2.2781826449278713, -0.28917477042435275]

[4, 4]: [0.3141742614608054, 0.34073680558222624][-4.348837199778408, -1.5614760158443577]

[1, 1]: [0.30949867744043424, 0.357892791075323][-1.7230518138785296, 0.25433547363757253]

[3, 3]: [-0.17425259408014693, -0.24954233214278515][-2.749786102836403, -0.06853386209083204]

[2, 2]: [-0.18477432826918233, -0.10924903483949194][-2.441050971514269, -0.5583160874226061]

[1, 1]: [0.11229424109013357, 0.19958252404357435][-1.7078101461627297, 0.1770003188266489]

[4, 4]: [-0.46020394585978375, -0.22154840011260218][-3.4520007094307448, -3.217170834779192]

[3, 3]: [-0.05124176506900652, 0.031474232012519754][-3.0175949344495527, -0.5734453329656628]

[2, 2]: [-0.3845659665247771, -0.7392721766092557][-2.1772831421034264, -0.1475452477419773]

[1, 1]: [-0.1792080823508942, -0.3054800946090336][-1.5273146956737542, 0.4840876047610158]

[4, 4]: [0.5718450122305563, 0.46394405511017855][-3.028068221298437, -0.611668843517393]

[3, 3]: [0.22114817099571862, -0.15002532431313143][-2.5346634786034548, -1.0937428009405352]

[2, 2]: [-0.24968499803490535, -0.12534560860821348][-2.81842725426982, -0.8476256641548736]

[1, 1]: [-0.22204096709696486, -0.11541108730443535][-1.557418041487145, 0.38147972269889774]

[4, 4]: [-0.3418079293089919, -0.24051820346895758][-1.2759861452965313, 1.075812249669037]

[3, 3]: [0.050825742251508085, -0.07912211815089593][-3.088099785226635, -0.7920004426498012]

[2, 2]: [-0.04263700599248317, -0.20856084104176598][-2.2046972605132082, -0.4456224892541599]

[1, 1]: [0.06764401213018997, 0.34621671550709177][-1.5666257931278158, 0.33395071263971887]

[4, 4]: [0.48711429671541695, 0.4221988512294134][-5.556772972818209, -2.1865232137627864]

[3, 3]: [-0.4587063526568505, -0.14833658831965765][-3.3140174227371504, -1.5800147684282777]

[2, 2]: [0.25753221077439703, 0.0929927325016052][-2.396419882378769, -0.07716676065858717]

[1, 1]: [0.157992077749172, 0.532046640088333][-1.699394655512091, 0.25937683127508787]

[4, 4]: [0.23300279171458058, 0.075780726943962][-3.702672330398647, -1.9811599217644154]

[3, 3]: [0.04697024061991083, -0.02074188754823448][-2.7139878490761613, -0.5523965925099528]

[2, 2]: [-0.35918100097894595, -0.1276691482326137][-2.4896652356556244, -0.6770359477639318]

[1, 1]: [0.09657716263804031, 0.5715100225052975][-1.625024633362246, 0.30275681137849053]

[4, 4]: [-0.1391520236799666, -0.189775116113856][-5.422676670375279, -1.442926176430326]

[3, 3]: [-0.14597401921204306, -0.033545072564631025][-2.905552767271154, -1.1837122325184468]

[2, 2]: [-0.03416486994601446, 0.10516650827119235][-1.8824298124039873, -0.5237117499192614]

[1, 1]: [-0.07110517265005363, -0.2228163926235351][-1.8158487842932927, 0.19713349662238222]

[4, 4]: [-0.32825288759364013, -0.13228191128031772][-2.9103908023981555, -1.3614763103365242]

[3, 3]: [0.06878509380039453, -0.07617264319488262][-2.9073347664739515, -0.43970639679395895]

[2, 2]: [-0.2953066977288861, -0.5714652884473941][-2.1618793994025136, -0.4345868525636313]

[1, 1]: [0.1632363078722044, 0.24174624953960147][-1.6098712750945916, 0.3520713729195131]

[3, 3]: [0.34109566071228203, -0.07577308792122538][-2.4244778226406805, -0.19710656489900208]

[2, 2]: [0.18465736733696664, 0.2983938316674263][-2.429390813113137, -0.2532811628046824]

[4, 4]: [0.4232673401056273, 0.4908546375580883][-3.4407627214681806, -1.4259646624463758]

[1, 1]: [0.26900999705852696, 0.29196033089285195][-1.7023475768305767, 0.4140360108443467]

[3, 3]: [-0.37730271077303473, -0.31432684204426536][-2.969627300640466, -1.0988036791487428]

[2, 2]: [-0.0671831284467592, -0.5122970218588772][-2.472611661060416, -0.35578153019231384]

[4, 4]: [0.027183123712041096, -0.030527017308318652][-2.952270685471608, -1.3048356306231037]

[1, 1]: [-0.4337192595888877, -0.537231255186644][-1.5504697521070647, 0.5059382716830422]

[3, 3]: [-0.13411455451958607, 0.0766309857950516][-3.338475405098312, -0.49038991464997767]

[2, 2]: [-0.14422640410528356, -0.34855782451359624][-2.4703954738418132, -0.6236300660579966]

[4, 4]: [0.13076154537214008, 0.11120740674822174][-3.7849905614277453, -2.6562448148140514]

[1, 1]: [0.2887530367191235, 0.23069858578315755][-1.6152596505389567, 0.3153060175664428]

[3, 3]: [0.6296621680072869, 0.6065985181015487][-2.1658508360711926, -0.2532876871583169]

[2, 2]: [-0.3002512881997288, -0.21346475270795753][-2.228253311216072, -0.45651600892436983]

[4, 4]: [-0.5157749567504607, -0.692337654386374][-1.6183516343685909, 0.07018196985077374]

[1, 1]: [-0.35573313434194914, -0.012341951872845883][-1.6096802859071264, 0.3652338260779075]

[3, 3]: [-0.1411734096061193, 0.07952040857675169][-2.935797095253203, -0.15312869347197333]

[2, 2]: [-0.2492414238310321, -0.3755149285295513][-1.8297102627110147, -0.001705834407358775]

[4, 4]: [0.20872029808704345, 0.20128524798444794][-3.1451082008227473, -2.6111397477566896]

[1, 1]: [0.30131850999325793, 0.24419645574030335][-1.570826721096715, 0.32203732021690673]

[3, 3]: [0.42918281806130504, 0.40842858917466396][-3.0062935286730754, -0.8727753388217563]

[2, 2]: [-0.39258578572518715, -0.5315818138544548][-2.286811783044011, -0.15195985603428788]

[4, 4]: [-0.24035228434744993, -0.2143676539904814][-2.9407374086425575, -0.19759361391927582]

[1, 1]: [0.42412682023949627, 0.4350880578806687][-1.6978025219730448, 0.27005018636087197]

[2, 2]: [0.12342028151951157, 0.44315928765003454][-2.2104777464948384, 0.211502503894977]

[3, 3]: [0.23003560182234822, 0.2753907272476558][-2.2530560618536084, -0.5852553060736898]

[4, 4]: [0.56634426882339, 0.2544751721920845][-4.378464060781551, -2.0555632959176653]

[1, 1]: [0.007702753744483801, 0.10703502539619782][-1.6025999324205742, 0.3520984494963465]

[2, 2]: [-0.23833903835456902, -0.032540703831071605][-1.7824662514158611, -0.14672305353438816]

[3, 3]: [0.11616481865778164, 0.09571703265062961][-3.0633056017427336, -0.8288443429939292]

[4, 4]: [-0.04998407249632092, 0.015969396256657137][-4.137370245187871, -1.4855182443398425]

[1, 1]: [0.010174169111308876, -0.44261899920129044][-1.7928177843151807, 0.36491854100135496]

[2, 2]: [0.13834875826350562, 0.05667131759795638][-2.0873315002979735, -0.4196680914940473]

[3, 3]: [0.08329010801205125, 0.03309911712129765][-2.720050723026662, -0.5134714284613086]

[1, 1]: [-0.04074751128458104, 0.06578804613642819][-1.6357756110041795, 0.2532730197904391]

[4, 4]: [-0.5952845310679238, -0.5229874524131317][-3.2964002382846167, -2.3741293758601207]

[2, 2]: [0.15629782856106186, 0.16036595995517272][-2.556478200582871, -0.04828274770104582]

[3, 3]: [-0.3010766470545586, 0.10872135218005426][-3.5381788867022244, -1.790823900893531]

[1, 1]: [-0.03556635358651579, -0.004303886128045317][-1.5802827706647056, 0.4147419453450936]

[2, 2]: [-0.05094117232592185, -0.1972617609095748][-1.9765658410840978, -0.10952901516219098]

[4, 4]: [-0.07543160125704002, -0.07589075688033255][-3.298436114521073, -0.704487676526528]

[3, 3]: [0.2268231847487744, -0.07966550687797634][-3.058814760855116, -0.3389603938171899]

[2, 2]: [-0.493786243384142, -0.5875953870894823][-1.8598605378705846, 0.11168761288929285]

[1, 1]: [-0.581738347147929, -0.5456496846298409][-1.6166999596302478, 0.5031453131088465]

[4, 4]: [0.52405710394447, 0.3578061955742008][-2.6526692009192456, -0.42388724181742954]

[3, 3]: [-0.012372294336393766, 0.18834439787764112][-3.0252410860925845, -0.9649272251724713]

[2, 2]: [0.31415319274438835, 0.11451687574377327][-2.312911701739428, -0.0992048369724893]

[1, 1]: [0.5375065409886138, 0.20207714049702397][-1.7523647091908856, 0.18598504831280574]

[3, 3]: [0.06998635010883199, -0.04471456689437788][-2.015346116224008, -0.3136436464028669]

[4, 4]: [-0.5304203374869881, -0.5974565595799587][-2.2454397685539638, -0.7416466408421077]

[2, 2]: [0.3438035597476725, 0.2701267941713929][-2.498679141155185, -0.7188317299515994]

[1, 1]: [0.15243014416882184, 0.14411603454931984][-1.6223701100629084, 0.30228258946640074]

[3, 3]: [0.04582807727310066, -0.026791012670479772][-2.2430190544075255, -0.4886573068284896]

[4, 4]: [0.3189480034391349, 0.5791298068862468][-1.746149262808922, -0.16409437922026227]

[2, 2]: [0.32785893659963933, 0.39628351328056355][-2.3994172347767, -0.32876639340022124]

[1, 1]: [0.05922486634302708, -0.0117125876747423][-1.631622729598473, 0.38311115348544167]

[3, 3]: [-0.00831767703452245, 0.2923626298990709][-4.141016556486011, -1.9355270073717545]

[4, 4]: [0.18630879852139415, 0.7286501038941463][-3.5525758898694257, -1.2520208753073059]

[2, 2]: [-0.17462337180664173, -0.11645048299992156][-2.3498344024771316, -0.13948986879514075]

[1, 1]: [0.39705997716003943, 0.1751177292170057][-1.6111367184431902, 0.28290589357862006]

[3, 3]: [0.2682011265695904, 0.27295115773839107][-2.237945805691998, 0.0978034109560057]

[2, 2]: [-0.4406293837067038, -0.20586868972073744][-2.708066988645386, -0.7135344209847365]

[4, 4]: [0.5215380209546786, 0.35182050641997964][-2.7980465235182765, -1.6096894190802127]

[1, 1]: [0.19862159925952916, -0.367620703942224][-1.6230533794300435, 0.3039168305130581]

[3, 3]: [0.09160153181081312, 0.24076622655648097][-3.7475049290813267, -1.6111766217543495]

[2, 2]: [-0.12042609238738004, -0.1880572493842942][-2.2150080664677927, -0.18486833461010024]

[4, 4]: [-0.1431483933593249, -0.0981813891481953][-3.073995864928034, -0.20336391969951328]

[1, 1]: [0.3638439508941512, 0.18522833989148027][-1.8067796041713855, 0.200936156598068]

[3, 3]: [0.47155741182161326, 0.47892415719237336][-2.8954099968913, -0.7869570073062064]

[4, 4]: [0.21410010500792312, 0.13838926526168088][-3.5579534370225474, -1.6811730471078874]

[1, 1]: [0.24755570503943353, -0.2389385058313048][-1.6861542449148976, 0.2671707939745905]

[3, 3]: [-0.08871848093173616, 0.024400563520038304][-2.550152401310698, -0.09793580711342953]

[4, 4]: [0.11552902132033464, 0.18012522731767094][-4.9036149285883655, -2.636165801863714]

[1, 1]: [0.29721326466755327, -0.15688329181691607][-1.7153609560989638, 0.338552003234483]

[3, 3]: [-0.5881866229085713, -0.4718218904011703][-3.091609510464207, -1.895691757988084]

[1, 1]: [0.32307450616397176, 0.07175299240419196][-1.5835365076627408, 0.3071226255038264]

[4, 4]: [-0.3451241912403281, 0.028740606941657795][-3.3323375490842433, -0.8262547111829871]

[3, 3]: [0.3794512604668308, 0.4145032552658674][-3.0682546473404964, -1.892795291588456]

[1, 1]: [0.10512148191900293, 0.15599078669344074][-1.561508537012001, 0.35843482121007497]

[4, 4]: [-0.04702979023439231, 0.0787895082970736][-2.9372125388968606, -2.1801820796198883]

[3, 3]: [-0.3380607504811519, -0.11425126020725734][-3.3591414619837447, -0.6571703755247003]

[1, 1]: [0.4384071756447393, 0.5643380835318061][-1.4752186888016228, 0.46111748671686487]

[3, 3]: [0.158470082033247, 0.23919804206100895][-3.7280764811920584, -2.1612525047157596]

[4, 4]: [-0.09912836041800252, -0.25835735202995713][-2.6611193243514895, -1.4709340808139837]

[3, 3]: [-0.37847812892095983, -0.33998209296066517][-2.42493080122658, -0.2703069193264874]

[4, 4]: [0.08401235851113545, 0.1514901077153274][-2.884335019778979, -1.709009947848119]

[3, 3]: [0.054750438241111705, 0.18779061068666347][-3.081729100399199, -1.5367841088758656]

[4, 4]: [0.12150172913714188, -0.016684220153041843][-3.0734089072993194, 0.18294624831279122]

[4, 4]: [-0.313843332199923, -0.08537128569492303][-2.084467289323456, 0.3710408832392177]

[4, 4]: [-0.3567641388928491, -0.5577763733023615][-2.257930869674947, -3.111989628178396]

[4, 4]: [-0.5591204795541248, -0.5572378422438249][-3.9379428559763543, -1.9427771590639986]

[4, 4]: [0.05439613866473671, 0.29708579459416323][-3.7892937959171764, -1.0607343746088373]

[4, 4]: [-0.4138991492924548, -0.2877048353546543][-2.4489261083301095, -0.3672066925712391]

[4, 4]: [-0.048115881671627336, 0.2501369077736784][-2.98430571446342, -2.301624068069602]

[4, 4]: [0.26787245449257563, 0.5706778165099261][-4.332768968207152, -2.9636014257321057]

[2, 2]: [0.5893471089931217, 0.8078799323670872][-2.407609175374195, -0.32633439918290563]

[2, 2]: [-0.7116053288450722, -0.7025794303559538][-2.24138369188769, -0.2537154571694004]

[2, 2]: [-0.1756816878975548, -0.3562628535629475][-2.060436745496462, -0.32987811499468284]

[2, 2]: [0.520294643312109, -0.2510201678115637][2.8051868355919867, -1.4693012790816748]

