0.1767803419279065	-0.09729447711434394	0.8553859744419834	0.4770716195277574	0.11643561088989372	-0.06275229401952077	1.1304877331709353	2.0323947477947386	0.5965313857831419	-1.073993470747974	0.6531069883170281	-0.48631047982164594
0.2397657349697011	-0.10783722389314851	0.8678572974806669	0.4215533616127514	0.00526840344525958	0.04569579459573674	0.9582093750981995	1.9741374634136202	0.44822602461215955	-0.9627642305235177	0.5949091934401222	-0.5521426934511435
0.23178870052647862	-0.1064862210986021	0.8776438456755653	0.4058028624494786	0.2079883258622197	0.09381872944435542	0.9536417945046396	2.0241911577316243	0.4517665198500185	-0.9905919060061029	0.5133662878539327	-0.5131078273180777
0.19682779239752426	-0.15782000389936826	0.8841313183993974	0.39327277853223425	0.17786151283749962	0.03260521035523938	1.1033862384407245	2.0123937952141113	0.5102583287747786	-0.8917892845754454	0.36458319774780873	-0.5333885264236152
0.19545583294056715	-0.108019756795171	0.8762246445176584	0.4270352700320246	0.10250192117521939	0.042485826784526115	1.0401783574959964	2.002321206753878	0.47456125477960814	-0.9433434953339332	0.6486670720727141	-0.5139119534623756
0.17788179973505341	-0.08029514617825208	0.8811306014858129	0.4307198833911447	0.12241131774894726	-0.03379063605783245	0.9898594644872447	1.9192897616274645	0.46512379770976303	-1.0025149972208471	0.7255733603614268	-0.4583309781445994
0.2464207883797452	-0.11037469217996795	0.882887267193081	0.3841930449771513	0.21368529498556652	-0.015793551363806356	0.9505258485951674	1.9665844682004956	0.40558582845638014	-0.9767348531335961	0.6808153656574439	-0.5334243451581011
0.2591787629394353	-0.10110126864566366	0.8566933135663368	0.4343748022274676	0.21906638653400393	0.12467584860596048	0.9233951935127493	1.9912154854419066	0.48655319028641564	-1.0471069562832198	0.4145578483985615	-0.5722500497393114
0.22850263560662676	-0.1093721418645872	0.8646070203477517	0.4339112587501736	0.06243841279078757	-0.005144870072430111	0.9546280877721798	2.005170261922333	0.5331413719109888	-1.0596245924727925	0.6961895432653981	-0.5556136309658903
0.24532608819990456	-0.08856158254807137	0.8635408223630542	0.4315891618862245	0.14176252298379163	-0.024563808338347735	0.9175880190314533	1.968043745036093	0.4467035531809958	-1.0115220745171505	0.5670740310272756	-0.47202887076320194
0.1925363456801693	-0.10727549394803675	0.8782150559443507	0.42445263517027665	0.25635582330991474	0.05692365543051225	1.0210445177148646	2.0354587479119464	0.47856876844351154	-0.9389024884165204	0.4988853765460264	-0.5359891702542934
0.19940733116414622	-0.084975429346672	0.8808908575038694	0.4207697587178042	0.011768887356279763	-0.007574571052212205	0.9176130383430918	1.9256550269674981	0.4501537519314409	-0.988383124638166	0.5596165237327061	-0.46421267990825155
0.23206352873968658	-0.10731725875763434	0.8668524857845123	0.4280143601455954	0.13109122242301308	-0.014819317498752663	0.9595028827754487	2.0005050121617205	0.49156760705115377	-1.0142031513438998	0.6677611050881151	-0.44966061063242835
0.2208773847566951	-0.12912325028645089	0.8764384342177713	0.40791670493423837	0.25385584951858214	0.11338909891672726	0.953500987043829	2.0393190144078663	0.5142663282045137	-0.975704293347127	0.35550508585602403	-0.4370507998956649
0.23264795910009076	-0.0963343418928371	0.8698215993618877	0.4242699694559632	0.19303246614914718	0.036706554628775555	0.9641346211006288	2.000918044131912	0.46362652432141277	-1.0248644144747234	0.6824759824480943	-0.4762100934640611
0.20898832718276814	-0.10008040837939841	0.8636262368948109	0.4477248194001189	-0.05872979050721486	0.04136637524572124	1.0622555739313115	1.9933896361789776	0.5085212040856901	-1.0311512796470261	0.8673316700612054	-0.6051931853653011
0.23773793456258024	-0.09898364964954476	0.8727858176340182	0.4146418069959816	0.22656027302972	0.11675228039389911	1.0048423514166303	2.0481917889967263	0.4335808266654108	-0.9998385016812638	0.31426470238705556	-0.5169724817248927
0.20082345662569234	-0.12362648503495725	0.870894350829942	0.43119538629176435	0.24744354150982198	0.10108112438763676	1.0106872834639264	2.0016992030749092	0.5186096717507076	-0.9442608237867158	0.49869842594612085	-0.47225462463310525
0.213604729290847	-0.10257905967841609	0.8649143193938248	0.4424633049729581	0.20977867200096922	-0.020745030033400943	1.0062424116303248	1.9863014910723598	0.5021711806007289	-1.006908908888903	0.4977332615267109	-0.46102755803684126
0.1960298566583583	-0.09621027195096363	0.8713159304946977	0.43945924513632006	0.08461339436608499	-0.0885059292832116	1.0209221341987407	2.0293792634189636	0.505598769196819	-1.0135646382923873	0.8002622182016075	-0.45571722085258437
0.20726033678126113	-0.10377699595884225	0.8805370898933788	0.4134343009828483	-0.0049673873565393364	-0.008160148777875466	1.0059669319126257	1.943976992522304	0.47486167667397755	-1.0277092889299841	0.7654967083380958	-0.49338786702118664
0.2547480419134264	-0.14226156872294002	0.8598649714775141	0.41892399314402756	-0.04606406883082991	-0.029518337290388715	0.929184470507745	2.0548923142384643	0.5352441508161794	-0.9658396829849002	0.7255653616171918	-0.5230018270886794
0.20562799853603606	-0.10119511094679995	0.8575271466349826	0.46056907030606564	0.17382124490952422	-0.01414503864161796	1.000589692475017	1.8924981268907686	0.5307108999001697	-1.0190365177359557	0.6462809138241967	-0.45327463624084513
0.25705004759620836	-0.10930083396316406	0.854282818469892	0.4383827856940568	0.19826414483212343	-0.002422975920918245	0.9354920761378609	2.0250056888485615	0.47831430330565994	-0.9757435219337234	0.5250964889323716	-0.44846097232019333
0.23660800120705772	-0.10967258268940562	0.8728946312104445	0.4123633606117528	0.03365621729453424	-0.06057000093627843	0.964101670426984	1.9981961733867948	0.46135043617083005	-0.9983359151358078	0.7287500468996049	-0.44936053896041783
0.1777389284374501	-0.12296038711066856	0.8969236060481254	0.38576892232673243	0.12103452077587958	0.050010911331419626	1.0131841974167448	2.066508893478004	0.5038756265480933	-0.9796576710554822	0.5021402192820521	-0.5043932201412576
0.21704927437021176	-0.08708639821860419	0.8689587582361068	0.4361378775403927	0.022132184397149552	0.03684243053813499	1.007791174050471	2.008118088734322	0.4531103760417162	-1.003340511665228	0.7243817379071995	-0.5133185603185307
0.21065658138279453	-0.05967021620030155	0.8659297876231935	0.4496986467909085	0.24006988356237702	0.013250397775708056	1.0336804994633777	1.9327929855336132	0.40864949601279704	-1.0146421375571482	0.5434179916760598	-0.44123109487907847
0.21331381421560583	-0.08518420480042797	0.8678139760726675	0.44061294902698483	0.18025420886317264	0.001581237069090446	0.967137673330894	1.9326995043628552	0.4791510776642947	-1.0382862292860702	0.608144905284534	-0.5200610507617861
0.18984470551777113	-0.13504406373175307	0.8747910416380993	0.42480904193227115	0.12822597091668012	0.06364195226624549	1.0917438175124414	2.0363038866509227	0.5471181085183584	-0.9672229429752663	0.5323830712720364	-0.4976095437129738
0.23090440064819182	-0.10584861060839677	0.855948264906088	0.4503685126624959	0.17834766896868412	0.17476886136381253	0.9598335236743587	2.015418090719045	0.5542547892647649	-1.0718200571833485	0.3323878796562209	-0.608661402142067
0.22541157191381925	-0.11991039413866861	0.8424933542448587	0.47435858659678243	0.017429186229022002	-0.15558486652662684	0.9708957864175808	1.961585277258987	0.6076323473936154	-1.044701013439696	0.8928649775269486	-0.4074520808283049
0.21166915704924663	-0.10370309595045137	0.8758729616459104	0.4210562799697618	0.10180455704029046	0.05201181119247689	1.0239050165225811	2.0198886932656923	0.48771589577823266	-1.0317802809808083	0.702851502145434	-0.4775568658920355
0.2461709694135505	-0.11341524552165273	0.8749811248260876	0.4011793453049777	0.10857845777881359	0.07269512668102703	0.9661176017211646	2.0032849941663633	0.423825953559423	-0.9508634010205428	0.6277230732505944	-0.575383104170586
0.223359422296277	-0.1349379611470206	0.8675913209566134	0.4233055810094135	0.16493047168359012	-0.034800111422394184	1.0528511167752332	1.9638202344039706	0.5250503295440304	-1.0056551266814364	0.6040970339501978	-0.4796904158970687
0.2067832484404476	-0.12526650645248205	0.8720323439255165	0.42556853933693906	0.10263710102705924	-0.09806073330053329	1.0564791575443417	2.02555311908735	0.52343136403752	-0.9896814956449405	0.6801990864922264	-0.4377024917947567
0.21536126769082786	-0.1252009825364716	0.8761271332283301	0.41272931174270827	0.0732096478282186	0.059957247391054874	1.0407291519113937	2.034727222432512	0.4966374531437772	-0.9800623280301944	0.4955607168247474	-0.5394412280121345
0.23264080761967046	-0.10876390608580491	0.8719467183172392	0.4168424016085967	0.1892712710246329	0.006670882285565752	0.9472458482881878	1.9986801872470539	0.4463569332084182	-0.9408429578532248	0.5814099796374064	-0.46216207930975606
0.23357889889577751	-0.09881070309068904	0.857317549174456	0.447977636520914	0.22002698139388047	-0.0636981679253541	1.010770785439357	1.9954784803832677	0.4772073529182381	-1.000135491542359	0.6441065277913314	-0.46617238275293493
0.22529522321504633	-0.09729424422136469	0.8668734790402691	0.43394269641796707	0.14940597961454882	-0.13671100756155202	0.9697363590631072	1.9959499428882586	0.49953876045235907	-1.0538705576604441	0.6895199252577634	-0.5011854840468658
0.22513720168888407	-0.1215791200926137	0.8661494594217823	0.42932140863991264	0.09921027272726428	0.03235756622573029	1.027361888576507	2.0304741570663483	0.5287391923587746	-1.030466396649519	0.5150468258802662	-0.48635623616853296
0.24161832898091967	-0.10459350836211685	0.8664670042407392	0.42416472233208014	0.1268324775767071	0.05496663579880975	0.939562313223606	2.0092232725434753	0.48810444647475576	-1.0368381415879562	0.5515311662821527	-0.5376294650070602
0.21257011331311118	-0.08531579482980423	0.8700492227150997	0.43651977289861776	0.26834698726636974	-0.06917575327707119	1.0198075653942205	1.9672115873507745	0.46570310943874443	-1.0403446673854166	0.5364146636837526	-0.4717601805966382
0.21810880904917432	-0.06530826739349531	0.8823712571862316	0.4118061948499558	0.19993351185716965	0.1449967560204896	1.0241150178228258	2.005290315801256	0.3900366201506643	-1.0601190051326217	0.5090289808751609	-0.5229750587608751
0.18862450383879886	-0.1322575907360782	0.8812943306879945	0.41261244399733643	0.11062999173851058	0.020454748064092747	1.0466027936284035	2.0629208721259094	0.5154098119946355	-0.918066672589736	0.5829619192000054	-0.5791498623188034
0.1829133588818508	-0.10847886464005176	0.8864520973953287	0.41106899432137556	0.13509417851785052	0.013266226849871832	1.0680795939938548	2.0229242369024285	0.49465420558946677	-1.0081245858323664	0.5886299363897805	-0.4868706286066115
0.20319255838110334	-0.11306753680931489	0.8773538867409699	0.4197364336806244	0.21698843985486235	0.011519487197584425	1.021955936541838	2.0111285819306235	0.494522858675536	-0.986647822879571	0.4313100398822018	-0.47532657145541757
0.20419947019956036	-0.0895275473258482	0.8771934401113257	0.42522824843335005	0.19168746900402436	0.07368036856371907	0.9963127324943789	1.9649549853187025	0.4475284319405693	-0.9879351571690518	0.5912010147060774	-0.54841328835778
0.21983004023385885	-0.07577688554241664	0.8789851858389182	0.4163143765281161	0.043728100350358436	-0.059950765633352415	0.9225350328680412	1.9141085409741396	0.40485983828016814	-0.9935316988238577	0.591157549042427	-0.5373278571166967
0.20135119160529685	-0.10179547817143539	0.8752437674074504	0.4278360969780238	0.14449195501609294	-0.09047849589752184	1.059174768131679	1.958531070824276	0.4755991247233599	-1.0054356505922932	0.6464807131887854	-0.5314538185210158
0.23171609902542664	-0.10313204693685583	0.8755308367090271	0.4112385977977308	0.10188253196706283	0.049615094592691505	1.0483699300834304	1.9717392753120797	0.42242667074172674	-0.9955832495320703	0.4801331799669319	-0.516530322166161
0.20059002253395947	-0.1056761871953574	0.8679265358190728	0.4419272731352764	0.14205527897332312	0.03130544577891177	1.0148261193367702	2.027767227599204	0.5159924109518313	-0.9891238159134345	0.6964428263669687	-0.5482129866608847
0.21941582314201066	-0.11744009019231463	0.8699590613252848	0.42571792702277	0.06104297669335423	-0.059464778618379094	1.0479866551244943	2.0046853471792914	0.48303371226254516	-0.9741990063816252	0.6031085519883143	-0.40349004760038576
0.23672664431635188	-0.09826019702214281	0.8789903649719923	0.4020962171399938	0.11997947755843803	0.02525183499120107	0.9578290793315782	1.984424074673782	0.4006495280314821	-0.9547984331383041	0.5906696517020745	-0.5166009837566571
0.23590679467338255	-0.0844357782491773	0.867855771583715	0.42900459590454415	0.1706661553186609	0.10588036574670677	0.9366747531322823	1.9355650091793133	0.4216382629895595	-0.9870714786263755	0.3682613806846821	-0.5907474627681869
0.1868254754848703	-0.1232060041991162	0.8543679098741092	0.46901172353842663	0.15026096819069576	-0.00978313044003999	1.0749250427853618	2.0330967790373276	0.6190843690572922	-1.0218496602710865	0.5333146440706156	-0.46733612364538407
0.20349804144771588	-0.09989622954063158	0.8673242175154768	0.44312299890851414	0.20321386056754878	-0.18010623600834333	1.0196994234688004	1.9547040137008356	0.5001237386622662	-1.006512201125584	0.672633480291298	-0.3914783713772992
0.21853494675081409	-0.10915758922696113	0.8592520036695703	0.44945866545501745	0.14272394210447983	0.05330674115881152	1.0417843680853496	2.0043572513208785	0.5280180801808656	-1.029184916932169	0.5283784624296665	-0.5890265883780965
0.22777683347569272	-0.114200491105494	0.8649612911461007	0.43234005919174445	0.16816563060981002	-0.00047208672113493197	1.020159778989058	1.9796067279629737	0.48832644356097965	-0.9915347087960817	0.6009168606800855	-0.512076691430101
0.22904075496814982	-0.05902698953702104	0.8695709231381513	0.43347728510555156	0.07650966126936867	-0.028988805480027493	0.9721007715836207	1.8696442149221049	0.41583461461236704	-1.0932266374750315	0.5821336665211169	-0.48781862112186686
0.16265229218707555	-0.10112710910153518	0.8900962783998574	0.41357726585219845	0.162490944223432	-0.008191997585328185	1.0401487009743053	1.973410763650895	0.49107032859878263	-0.98341265425052	0.7219637439219078	-0.5122490800755949
0.2181609602535237	-0.05675632910213803	0.8619989232772117	0.45402904179913184	0.0737196610459784	-0.019770420109770547	0.9838596704517579	1.9291664466096714	0.4293361930674801	-1.0467055124686167	0.6164064515925776	-0.5438394635159067
0.21568943843823513	-0.11779719773751356	0.8620011108253166	0.44334633334145024	0.2514593027656083	-0.0008451916823479199	1.0254865142544913	1.9721035099712394	0.5346408973530207	-1.0144200072298377	0.48848718201747166	-0.5140726103915784
0.19281186182631724	-0.13487033802977902	0.8670096240646689	0.4392355741945815	0.06625103350483748	0.047374661408556396	1.1098364947639872	2.0522700486030288	0.5652353625619588	-0.972744035318914	0.5714924957764866	-0.49400182645027285
0.20777728607853316	-0.12118340589521244	0.8745511615849023	0.42107415890312444	0.10011749165757411	0.04147871561411585	1.0585265289899841	2.0255008449079277	0.5089310680020991	-0.9964205264624301	0.6572344341609285	-0.5524039242078048
0.23565419723030945	-0.06213912519227535	0.8574017550327874	0.4532858468061553	0.1559479693539714	0.023931912028877303	0.9507211457842537	1.8801985259601586	0.4319107206473234	-1.0534821461421042	0.5938761700839688	-0.5390049808629852
0.1992080342867681	-0.1328382298615127	0.8684231111751775	0.434179068748929	0.09179539798479618	-0.055311988323066726	1.0197403461296306	2.0070535393685005	0.5560132452506198	-0.9659189327849914	0.6123590630224146	-0.42315434657867096
0.24213797916728894	-0.08802810544613672	0.863011606821431	0.43454714150231993	0.1260434149226677	0.01908586737942337	0.9221449785938489	1.9629128513056786	0.4537439714386961	-1.017337577019019	0.6332344778890814	-0.49194472129608563
0.1938070790805353	-0.10783010116882066	0.8712651997147262	0.43784522053603775	0.2869240632625893	-0.04223023586242101	1.0569104998825294	1.9880869633336584	0.5231029132192414	-1.0191329302490124	0.46254293842383415	-0.440049480049643
0.211771709790066	-0.09517652824296112	0.8639817078956	0.44679948503328754	0.062257867254119546	-0.08179586139400043	1.0408109510337913	1.9711201198925536	0.4634068012499124	-0.9695287461432313	0.7468011954759741	-0.4373777847168376
0.22367182787532233	-0.11533555358792626	0.8624740924726418	0.4390980110487538	0.1639043627218797	0.004844214545200415	1.0043071279322	2.0552153298183646	0.5332948457242823	-1.0192457949496674	0.4450554436234527	-0.5362926657863708
0.19797218391243906	-0.09392024685788435	0.8590377492423464	0.4626447308721208	0.08972567575235606	-0.043746212560929865	1.0142504334068725	1.9528781775233466	0.5248380262631074	-1.0120816652002638	0.676227753479984	-0.4427254758828216
0.21605896109321324	-0.09431461493040115	0.8733911352696053	0.42615866009541703	0.1500115656342125	-0.01622999836049327	0.9875821181402246	2.019017511901068	0.4710649085162148	-1.0192847480896399	0.6622471546576563	-0.4248619817119425
0.2618877716839556	-0.12197681497664224	0.8511014426508678	0.4383637598709295	0.04252531065910414	-0.012290853205702107	0.966036513145664	2.0325746611610453	0.5057329522797166	-0.9934585190892143	0.6307727979630826	-0.39363577975704817
0.21366371212898705	-0.12285904243957485	0.8673953244290353	0.4322948356952007	0.023449143027508976	-0.04733857069833714	0.9745449499801424	2.032934454308725	0.5578123725097093	-1.0231543811131054	0.6965563063369883	-0.4666457718769074
0.2146679299533892	-0.07583326888394736	0.8844326879918205	0.4073644751220515	0.09422657419537851	-0.039364317362018154	0.9855318917720666	1.9944709614903815	0.40650380422107973	-1.0306251926513554	0.6248708795138762	-0.4262572970522504
0.24800366560018997	-0.09759900406207071	0.8675461687410494	0.4199193510159869	0.23407720168320778	-0.05634578684740077	0.9954215208146396	2.009931188320198	0.4394716719686224	-1.0286805502234575	0.5725558549346543	-0.4678012249624824
0.2407603154340299	-0.13519193430090998	0.8665039135215352	0.41584682187549377	0.21638821117833448	0.051722743682731026	0.9982626913923484	2.054961755559231	0.5170414910304879	-0.987253574276554	0.5242515119293548	-0.537551984926749
0.1947397678710231	-0.0977809337874958	0.8910123433472685	0.3982616172819002	0.08778487997774924	-0.06189990245869855	0.9700107577856573	2.0319246878541977	0.446288828497518	-0.9738950842809045	0.7836144904958576	-0.5777873435738853
0.18312879522975367	-0.09817062393783182	0.8656863486956494	0.45542674343449596	0.09128916783386208	0.02116750082418622	1.0777706193630012	1.956297457331855	0.5141849689799471	-0.9890565451146657	0.7060106198873023	-0.5261508733078569
0.21681411992406766	-0.11667447105618363	0.877364480817593	0.4118376779812496	0.018158495450661085	-0.11653195396207655	0.9697473282090076	2.0312290378139544	0.5009130702696148	-1.00220474675483	0.7372751198415431	-0.42748816288796093
0.2047563240619581	-0.09394815048844808	0.8791264973943616	0.4199823738629469	0.008841912844620225	-0.05935409000317887	1.013187716324817	1.9928037512775856	0.4534376547645451	-0.997340481286451	0.8700892177105283	-0.46530007985763316
0.2526081146129788	-0.06064390338140011	0.8759169409052684	0.4065476233474994	0.12231106917996785	-0.04002567054533678	0.9749300366007342	1.9705213113899944	0.3310213425112897	-1.025027111662628	0.5238706418328015	-0.5206520585800195
0.19870298532408592	-0.12274613184920644	0.8698164212948784	0.43459165199658856	0.03980287860640882	0.00787616640952656	1.0448568491463859	2.05832022105628	0.5488106476735439	-0.9947955545436094	0.5683823072993827	-0.5014940014220995
0.18149690970392557	-0.11473678188014316	0.879034468667913	0.4256674118903554	0.09169768741893065	0.010795190621974385	1.059787503647555	2.046188894651608	0.5214783223457955	-0.9772240870435127	0.650668757197241	-0.4242195996717469
0.19758475138616904	-0.09080595346402608	0.8787309273178088	0.42490763962341094	0.27175412045173575	-0.020953873585463925	1.051618587120033	2.007565048796114	0.4629197937711496	-1.0173196196933614	0.4976389534904393	-0.4765071494505315
0.21271074957398547	-0.10028818957135982	0.8696981229766702	0.43396035641407255	0.1248464665021402	-0.022458921471177007	0.9876865304391629	1.951471436749934	0.45957474968125833	-0.9541731079512219	0.7256621782359937	-0.46238313205131654
0.213646707585342	-0.11062889355233943	0.8625263719902448	0.44515681492107306	0.1410772288808772	-0.06300319453308773	1.0406264100523575	2.019376040294511	0.5248160326075996	-1.0144576534845802	0.6734092762358878	-0.45013123350070544
0.19068562686634422	-0.10151234127556041	0.8714828745722728	0.4402860838166383	0.12381728309843439	-0.05543394287086901	1.0689957322367198	1.929623397943004	0.5092246773894609	-1.0260195238338428	0.627055785987248	-0.4667819359632481
0.2158339899497051	-0.08227150080721374	0.8790551181225816	0.41702420582001387	0.10793755008192997	-0.027431851655586478	0.9832819380633647	1.9527424131042534	0.412728537328089	-0.9936635386437427	0.6040712036559267	-0.5091961278564799
0.21513645369467632	-0.07665229087847188	0.8673544531296844	0.4421956413521808	0.024775856091473442	-0.0782468053439337	0.9994698867712601	1.9958734248015497	0.4622567810215418	-1.0469904515403992	0.8866612023569713	-0.4353196034887745
0.25282352150437665	-0.05912733341339669	0.8674494910933374	0.42440028960812104	0.16242479504194504	-0.10044483703873065	0.8773142122839538	1.9526209811602555	0.37314085007299913	-1.0132727235682375	0.6964838867662881	-0.5197015407838549
0.19260035330256298	-0.09323197814259107	0.8896010003136472	0.40351327413147864	0.0890477692134764	0.09798730752010955	1.0431879406102198	2.014950324515045	0.4173870234431553	-0.952554722540886	0.611895188286706	-0.491643054944601
0.2087635385832206	-0.0960030127357684	0.8750682383923494	0.4259774461879154	0.24891655329617288	0.029662430405291002	0.9836001221358336	2.002303749777846	0.47273391088350186	-1.0019006501439156	0.5277194337318054	-0.5791580491158187
0.23262134932011777	-0.12071991591245505	0.867587115111854	0.4226187495065357	0.02970290268767496	-0.016036217471264002	1.00570076394132	2.052690292812414	0.4780164220332468	-0.9485328282610693	0.846379089695223	-0.49782800864615767
0.17707408350377024	-0.07631223164142224	0.8523408911232639	0.4861442353586081	0.0029460348283479273	-0.031212624987922988	1.047750174040458	2.002281006043574	0.5637555679417451	-1.0557418060121277	0.7567505775008644	-0.47659836365579616
0.24329360380241552	-0.12208343436428849	0.8586203520409049	0.4343672967245648	0.11756156727426965	0.06973560685417694	0.9251029375522067	2.045070515289136	0.5275348007130263	-0.9861573720530435	0.5226783004332789	-0.4514684092474059
0.2518530796067229	-0.09841980025752284	0.8634596729399625	0.4258179921237384	0.09743519214060009	0.06504925417194518	0.9559886519498204	1.9897975738303817	0.43903730194824825	-0.9957874474191152	0.5370336643888259	-0.44491397799642707
0.2142057904262865	-0.13747012843563194	0.8793447925380298	0.4024556857245159	0.1562399516607472	-0.025602378806572637	1.0073639680237294	2.0556007538104875	0.510976775060118	-0.9504754814114004	0.7648966745388711	-0.5278882397223531
0.22871470643495392	-0.08863944417584133	0.8600113942344062	0.4474517111192711	0.011474821523848515	-0.03734952735185267	1.0272137847795082	1.9996112151096284	0.46737404600594956	-1.0272426410918765	0.877689415288013	-0.5644346435865203
0.2342574697876769	-0.11863418184840793	0.8514813800842108	0.4539039855693296	0.13333247715386234	0.11112825064328802	1.018467672003075	2.020698556421277	0.5453608810611631	-1.0205338359599754	0.5586301449040377	-0.45317474866557744
0.20824595419506914	-0.14826020012024463	0.8610773552869166	0.4395433128074857	0.15002202368085646	0.00466957782248732	1.0540450239701342	2.071271757309595	0.5931103238196599	-0.9626521510803134	0.6359431727655592	-0.4263555338742635
0.20484978108641155	-0.09707690161671469	0.8896807996076304	0.39633409791598206	-0.017435584473140146	0.0315001075373452	0.9977935576901107	1.9878402762046032	0.41345681439234155	-0.9569426606630149	0.7286603369075256	-0.4978237379433161
0.21210454544804716	-0.12053750175620481	0.8606554303361059	0.4469391487704143	0.1440176548006906	-0.006563450188880043	0.9902940068977998	1.98839035590023	0.5104883215670393	-0.9167350888452698	0.5420478494993416	-0.5344707000638175
0.21704981517203265	-0.12001081310565916	0.8764958602557482	0.4126036711252589	0.29040693435101433	0.033648645787199505	0.9874275946310788	2.050890268624408	0.4925503648949259	-0.9692359810797627	0.5065638484198872	-0.5962122372310638
0.21618097668812236	-0.1552212071367902	0.8519074990093793	0.451027466242081	0.12169280595994718	-0.04025950418180919	1.0031749197765893	2.028307001689061	0.6083735331400281	-0.9318923552105359	0.7314989624329398	-0.42052639750589327
0.17948692254393822	-0.12667718317151397	0.879956648358955	0.42120497730714346	0.13695405986795067	0.04787850197309571	1.0531871435803335	1.9786220677077244	0.528330526754796	-0.9574792095124076	0.6104089630202424	-0.5114352366248563
0.21585050314982834	-0.10693761477099155	0.864330985206486	0.441480299502755	0.04003471499113653	-0.11255150496510712	0.9979274416268126	1.9939553303859234	0.504067317044822	-0.9917890212444285	0.8704932969036281	-0.4187386257368895
0.16871403820915046	-0.11641602048370928	0.8770086498299123	0.4345557635211071	0.07991676385008863	-0.04515407016354111	1.0817727917561268	1.9938212405168247	0.527743382965851	-0.9509321200766481	0.6668306597434315	-0.474326878171962
0.2543233962007821	-0.10448615153499739	0.8633986341998344	0.42301897444933356	0.06796563791849221	-0.07245376181690633	0.9494731119266525	1.9803036594766552	0.45822777679350574	-1.016957112557581	0.7634369401536026	-0.5562359120555084
0.21514699859560252	-0.1360604140172858	0.8608976397363036	0.44051627283133393	0.09010338044136917	0.08554316905643601	1.0574421865729846	2.0273704175115914	0.5561223205351389	-0.9770922754871839	0.4206555513000462	-0.5814355591790052
0.2585271943869125	-0.08636186606419877	0.8626677622167095	0.4260394933387695	0.16526522060100046	-0.03476878188244734	0.8968278318053521	2.0355490848546856	0.44601261669676967	-1.0346957937702526	0.39622458238624075	-0.49736561608352453
0.23340858421394392	-0.08161615975146612	0.8832052065382399	0.3985069615783526	0.2262646589822899	0.035409727775834954	0.9522162682830104	1.9616644246658503	0.3931820565262229	-1.0273656746244886	0.5725341781037895	-0.5823602743859212
0.22816029986387876	-0.11168432007326107	0.8583259595474301	0.4458094182302364	0.24277216840473073	0.02698155627712175	0.9653422810312154	1.9620640791568873	0.527490666088342	-1.0181030396687176	0.45523551185905253	-0.48076354490340956
0.21967195283035557	-0.1087328152503148	0.8840957479444819	0.39786444487278116	0.09918491662945332	-0.06408898257665886	1.008269851617696	2.065096439682489	0.43348693089175183	-0.9555737259890659	0.6946495683277244	-0.49036887415735636
0.18378390618555077	-0.10669912420786708	0.878885304123587	0.42708242168935584	0.14442748199786556	0.004343650476348865	1.015973593785961	2.0260850383887754	0.4904827849390753	-0.940371665264404	0.7273313201627191	-0.4347421989817026
0.21589982619877468	-0.10183168988018443	0.8653949865196647	0.4405781307442687	0.16320307138083537	-0.05274874079267336	1.0018938553046692	2.008466906589551	0.4831544093484823	-0.9757691170514295	0.6546856594091591	-0.4427095611724397
0.20966746600234304	-0.07730008344905151	0.8795770596204351	0.4200100558181857	-0.02357728615127276	0.04198773869763236	0.9849585422669941	1.9282458157748583	0.4230957066246507	-1.0228456933938506	0.8223413801113226	-0.5097374474579547
0.2386030657420737	-0.09930178666865341	0.8577279809221211	0.4444214699203428	0.14948845885727036	0.04143328671261975	0.9276529649114025	1.9754228639624352	0.5159901241718194	-1.0525076320468854	0.5298134965816611	-0.5077514856578824
0.2301466563013603	-0.06063160978980731	0.8761106749859137	0.41926889899362535	0.15856802399122708	0.06726551845926189	0.9499435436708404	1.9553128676123561	0.38425451618298184	-1.041627576079631	0.47976090670103194	-0.5458962637161106
0.2134293146252942	-0.10732245333796664	0.8805573012362244	0.4093270793725653	0.34838302701505613	-0.15969439336634392	0.9584926646963288	2.0077599024978086	0.46377322446809743	-0.9710366916900779	0.5537374181573028	-0.41261559732624814
0.21462289236690132	-0.10240765064164495	0.8720472588468858	0.4277654328013858	0.04894975665791517	-0.09079176302198987	0.9794927626476926	2.0051536232031983	0.5008429615037548	-1.0324285130847253	0.753359256729925	-0.40916666169730087
0.18622969803659872	-0.17155825220045998	0.8692131653958373	0.4246819265917373	0.09661546025864624	-0.04942978441848672	1.0485125894409377	2.0677940770545584	0.6049903120959366	-0.8627223491715885	0.8098391954835199	-0.5297483444225001
0.23237656067256124	-0.09545703292429127	0.8691687393448216	0.42595163042417833	0.10779606376148787	0.005015560095545627	0.9680103506651986	1.9290947719392764	0.4592983844720215	-1.0329929954732657	0.619596804120198	-0.49303358398331154
0.22645558492714418	-0.0707817776528261	0.863336365372928	0.4453741440994	0.029901701125052377	-0.044464781523184595	0.9975459085983119	1.952876093664516	0.43166051356708407	-1.0336029285375548	0.6822676891447342	-0.5198011837107207
0.24880769642541614	-0.11801625846428243	0.8566395522964879	0.4362746501675777	0.11906137917784254	-0.025097695143218402	0.9719797386408346	1.9682551869840308	0.47290418345991503	-0.9504525525642967	0.7189023348961459	-0.6554657066496689
0.21699540767364914	-0.1158149096908329	0.8725841719231295	0.4220151213535808	0.14183616018692866	0.08991184217693234	0.9782825811552954	2.021026601805972	0.504160472242806	-0.9908181986325612	0.5235012358208361	-0.5258145240982498
0.20576949336199035	-0.10198312173689848	0.8728828881781096	0.43050414865386466	0.0378300173560367	0.10532449967227224	0.9903035004095299	2.0305027836603973	0.48956436660244323	-0.9849605319150649	0.4608200752631073	-0.5867730500032647
0.20996355331925984	-0.12140075242067143	0.8656372993252264	0.43800596982937745	0.16351974906328	-0.035579868791218085	0.9841227371326597	2.0304947893838916	0.5560245179933355	-1.0078444224390704	0.7014480124289252	-0.5205805946937799
0.22168241581769482	-0.12737883756773796	0.8624752703173298	0.4367699009182881	0.2915974748298586	0.1153697782785837	0.9661189256105736	1.9879715736422952	0.5583465979079897	-1.013133462858572	0.4569225918449768	-0.42643393549796466
0.20445498053065891	-0.09454381871547954	0.8717990680534519	0.435001163469749	0.11663304654222457	-0.004213995628478271	0.9751829248053566	1.969760466363914	0.4622380426563411	-0.9566204856729554	0.6235069570127141	-0.5244403656511282
0.22673983286198643	-0.10024322182610926	0.8713299604501901	0.42346717073878354	0.021162992034507572	-0.018174506819769162	0.99727347301905	1.9559554545556976	0.46253722511989687	-1.0226834949021806	0.7824244564873784	-0.44554098145025783
0.21220344738083613	-0.10723988853832736	0.8692459406100141	0.4334521864738806	0.20395485992426318	-0.06886614671413627	1.018024665933016	1.9471589511242322	0.5004278672256606	-1.0202050899688357	0.5233922937457395	-0.4258654561416981
0.2141612414980956	-0.10194041140551229	0.878319292187084	0.4150883473845646	0.201802448810826	0.010072480947400363	0.9037149846958358	1.991852522075589	0.4610101191008117	-0.9525792316612056	0.5636145610903417	-0.49620037900420916
0.2252932767185359	-0.12058306397090474	0.8610946780183606	0.4395663995772079	0.24315992654953586	-0.04319160910489155	1.0043432720439083	2.008251200964879	0.5238425295715673	-0.9900409094637977	0.6663860874869213	-0.5607961035248777
0.23927833055074926	-0.11402156371376024	0.8743492805823666	0.4065197400892274	0.05946907523530142	0.05136781325841172	0.9457039981911226	1.976618170356233	0.46656289523397476	-1.0057280636305743	0.7366290953964126	-0.4945344870301655
0.23410118526580007	-0.10505397846157766	0.87994837147195	0.3998139069747386	0.016710225526866133	0.032150855580043165	0.9646923848740875	2.005751275372625	0.4351761824640169	-0.9956033183242415	0.5308967908400715	-0.5035513875803432
0.184181937157072	-0.0998445620985463	0.8638347689987805	0.4581457948221738	0.043521054900743844	0.021115973775930694	1.0900303679501828	1.9821470911762886	0.5247134534944408	-0.995584869359459	0.6385430101589534	-0.5397720998802419
0.21008103476325432	-0.11261361110414485	0.8747708036987406	0.42185326171921944	0.09173333752274669	0.0303959004923333	1.0060426799120425	1.9911359451463415	0.4880409876744717	-0.9814917243219847	0.5785908257789395	-0.5101311758871531
0.21236542191590557	-0.13906022872678905	0.8763777158505535	0.4092985212793949	0.02603288488650197	0.0261193965356822	1.035714202464017	2.0301157791488884	0.5242344979498603	-0.9701206582482916	0.6917938119660169	-0.5550393808145696
0.20390114829082187	-0.115335587136102	0.878965596957595	0.4153811543999482	0.07468235579580179	-0.003337022331493722	1.0112492611503618	2.005271610132	0.4779355177960337	-0.950944886539972	0.7062668197055172	-0.47424284548843665
0.22773873169864925	-0.10415333018728029	0.8700655429995472	0.42458580379010946	0.05028294210677825	-0.041696422994400066	0.9501874238399732	1.9655289407562684	0.4505044331313836	-0.9506829353573484	0.7006043916845076	-0.5045991691846115
0.21947601717221932	-0.10970713219562592	0.8492090160666272	0.46758814149075884	0.13430218494639265	0.14859523404678399	1.0056934872055998	1.9957768225780226	0.5459876321864887	-0.9953893779045431	0.6449568005549476	-0.5001747118709409
0.21036094077616962	-0.09412832704043991	0.868328664327014	0.4391963835830127	0.029093199462381026	0.08423682815990814	0.9853723526701842	1.9993019196111959	0.4961141452695473	-1.024332303527262	0.5631781476554095	-0.5656734836271619
0.21442601044646095	-0.12696413936536569	0.8600073962809279	0.44529638635556557	0.2309361197703779	0.05841279001847852	1.0251714134801586	2.054868178652552	0.580188165016365	-1.0282925565614622	0.3729437495694528	-0.5070338968340194
0.22738452691265212	-0.0809636155373422	0.8796837951369335	0.40975308473922745	0.1539020387220249	-0.027222312077225863	0.9287027762956506	1.9324661526470244	0.36859733837885	-0.9248552711989191	0.5639998561633156	-0.6304617183791942
0.20844681848217814	-0.07128884084725907	0.8675257929393948	0.44594486612157147	0.2407112392931052	0.045939529577464666	1.0650443284381548	1.956679901750819	0.45279881128243255	-1.065894785681201	0.5098760821641568	-0.5396437999810938
0.22198545234614744	-0.10515145767417383	0.8759920122909602	0.41509471726114155	0.1968394818449716	-0.033476724114549626	1.0043577133180306	1.9760694073669554	0.4423712723125303	-0.970091660833409	0.5875400895546525	-0.5004608457640631
0.2463454963339493	-0.12448459581483856	0.8720293790283836	0.40420569510110593	0.3079501076235414	-0.041709211475368095	0.9340633369875708	2.014766551746099	0.47377773771348175	-0.9708992418322443	0.3819171747250003	-0.4685634767504321
0.203971414243452	-0.13809147772498664	0.8624725729343928	0.4421170284971887	0.13487690688319312	0.07422927007219031	1.04290899443624	2.0439090844133676	0.5810038407541633	-0.9761602614746651	0.551633611677724	-0.5358002339421882
0.19703564117888367	-0.09665219430827826	0.8857077394369853	0.40909303311355283	0.043352095058694105	-0.020828722853961645	1.0062643990996032	1.9589878114503527	0.4385347979909011	-0.9712782005625377	0.7581353495984361	-0.5323927613160061
0.21489080978616543	-0.10330018655975667	0.8612289661896046	0.4488158632692816	0.08548815258022975	0.10608547901713698	1.0452606733633516	1.9831632057841937	0.5187964364523933	-1.0395316659062688	0.5924190559905408	-0.5046402125523874
0.2225319082762281	-0.08937908638007165	0.881971705840896	0.40573000728674735	0.2826811492605172	0.07968752746777112	0.9831085657900701	1.945598280768271	0.40266098185432164	-0.9859088907594237	0.5314434074096427	-0.5619240943388246
0.24726810327466672	-0.1510022953301543	0.8310024990401165	0.47485959872056366	0.1492697179894811	0.0717045001501993	1.0182128525312053	2.0483793808725737	0.6530742001396299	-1.021708029570063	0.4577424477002377	-0.47630913710316053
0.25205058795100155	-0.09203980001195168	0.8688723167826858	0.4160048959519615	-0.01780552196924361	-0.06079030005932417	0.9005202469734321	1.980318559250006	0.4369749637264108	-1.0201417983217937	0.9084508252644761	-0.48586506227022724
0.2254220189754929	-0.0959291609287757	0.883507238867412	0.39924612498231643	-0.008105240069579451	0.06659413797997182	0.9745192522504472	2.01017917707659	0.4087816559881335	-0.9718437412466787	0.6843596695094475	-0.4633330394878812
0.2092336711435393	-0.09706974300317214	0.8688088112993716	0.4381437951879134	0.10497343708368843	-0.03284311424845333	1.01381505544282	1.9684276753341934	0.47917791706697477	-0.9982190291800414	0.7129393152664908	-0.4373486532161883
0.24115184209261384	-0.09493331270677126	0.8793879292627134	0.3993874372847677	0.11056359696376893	-0.035664364821924276	0.9744098613882098	1.9941950059837592	0.41653398370657396	-1.0314799962803491	0.6479624796042208	-0.4888388809633155
0.21419591889899023	-0.10235781689061473	0.8677514346507532	0.4366353550847254	0.2556515352460847	0.08606036977168817	0.9919632177787895	2.0143678121106356	0.5147252045694095	-1.037345489148208	0.3996648276633885	-0.5595529510499491
0.2233383311666755	-0.1355853847993244	0.8657287649754175	0.42690783402819127	0.1669371354437915	0.11063361833111511	0.9989412439583834	2.0466082637638925	0.5426474698543314	-0.9730372510566724	0.5484659794031536	-0.5637858019131671
0.2230973707194175	-0.14088776414159598	0.8697989302006801	0.41692687861904165	0.01726506097470955	0.026832065790406655	0.9947602133634701	2.0539304139190535	0.5300675794314614	-0.9440670728773002	0.6609789197266869	-0.5064990218945166
0.22997599160892265	-0.08766607109903847	0.8737315562200096	0.41954602956876047	0.11258951555502178	0.015516378675542621	0.9334412355050307	1.9851787861226573	0.4247998479146518	-0.9815306362430901	0.694578416715844	-0.5629547822793352
0.20511954632747365	-0.11614919463185025	0.8623727591681668	0.44804972999151244	-0.023292595245604536	-0.06705260846321758	1.0248901234197494	1.9751721387164196	0.5274212808870483	-0.9723119110706996	0.8772728827993763	-0.4572411340263982
0.21997672815907635	-0.10805244548778682	0.8495225854927574	0.4671683688246002	0.11176417943964323	-0.03260675309339553	1.038704077409698	1.9765880200761452	0.5597509873788371	-1.0498070801478347	0.5899182224339033	-0.5672410858455851
0.21691227085775242	-0.05755083295284449	0.8842759912655125	0.40950328405174247	0.1586119808102028	0.0474396208424239	0.9925425349859149	1.8980596959874303	0.3435414116415415	-1.0008348576679493	0.5207519021051219	-0.5917368105213091
0.19175639037928519	-0.12743383434663164	0.8694511260579344	0.43708676942800767	0.08666406792532562	-0.05707031584325891	1.0259056104148487	2.0555828344957785	0.5313498822207194	-0.9077280198914804	0.7826654911290126	-0.4123942867843296
0.15639510122412015	-0.08183613095403908	0.888032521574939	0.4245487729446712	0.07541007553093175	-0.023582081804790694	1.0520177179079373	1.9753203765474878	0.4932988291347581	-1.0386162243234827	0.8104294734666823	-0.4563998187355363
0.219414894809474	-0.08901000726782857	0.8812375955815734	0.40908999337008434	0.08775069172758133	0.06503067415837678	0.9613743283082976	1.9742091711552667	0.4279761446151757	-1.008003495014489	0.6077757586391803	-0.4524927404357919
0.22378079140154752	-0.11035600704003667	0.8435494772730766	0.47557122337479135	0.1525523651129447	-0.01411163334371777	0.9844842199790343	1.9923696483066318	0.5801406494213873	-1.0299530678554505	0.5549533620830092	-0.460235446557993
0.21398346246906963	-0.13848396131125604	0.8706847529229629	0.4206439483420269	0.12889127720680343	0.02239581791785476	1.004972468195789	2.04960391290535	0.5485125559235081	-0.9718236534558468	0.5682140278451503	-0.5281964479689121
0.2063256062332103	-0.09401841271209761	0.885314931773212	0.4059652126266353	0.12837884165552205	0.016197231244588012	0.9520667042755145	1.957708570255782	0.41420250232285644	-0.9337616522297165	0.3876906809500382	-0.552101339128614
0.2022525843968462	-0.09773211503762881	0.8502676447654981	0.4760118255463839	0.055268368278277503	0.010651042230181903	1.0298870941077396	1.907319329708554	0.565627403214799	-1.056330173404387	0.7583039689707328	-0.42738521433814675
0.22129298020138796	-0.09113894757831076	0.8667794245579027	0.4375117579116899	0.11492171085457455	-0.0011381197026434583	0.9593971798376196	1.9949334169400572	0.49742877498130317	-1.0551779420848681	0.7300451609725239	-0.40373853323889364
0.22169975834882746	-0.12735721430883482	0.8787826351865378	0.40295215250221655	0.1304295119890343	0.03809291731643788	1.0243136388393432	2.0487826841291947	0.47467846140309194	-0.9512345761826175	0.6020896367237142	-0.4403972341218312
0.22553929424366867	-0.10101242816182315	0.873743350460191	0.41892848272171723	0.113672062250975	-0.0455489000738891	0.9243358127286525	1.9639834840508816	0.4527975039276018	-0.96846151825034	0.7096564712360229	-0.4864411211385072
0.1962094682947635	-0.13372316049182043	0.8578269333317291	0.4557992028846104	-0.05384663718628092	-0.024929678642772662	1.0346649837873312	2.0025827252522883	0.612141274959361	-1.009941757063063	0.824084124632189	-0.4267454298406442
0.2236617181009842	-0.12395095785310664	0.866458463207899	0.4287905402860692	0.13136747870233992	-0.017908782406903117	0.9600880090312537	1.9929404098447403	0.5325420384556208	-1.000800103545256	0.6121662822612765	-0.5168943997638733
0.2486466053711151	-0.08609623597346848	0.8718400787832351	0.41310674264149233	0.17259358492219054	0.05864598910549165	0.9488472553701786	1.921545174968094	0.41232787509496277	-1.0408298024954372	0.47652658275398974	-0.44010236619449583
0.2160672936177246	-0.09177078103559043	0.8691981991233652	0.4351867863544671	0.2336643724189744	0.003470788642179789	0.9395277816293661	2.0046072696605934	0.49905308404359267	-1.0405023919953649	0.5046260523131423	-0.4893193383166196
0.22147993876776997	-0.11653359836486653	0.8694276474081211	0.42598371224489406	0.19466841999447268	0.07762813222127686	0.9519571774829232	2.0048820587844407	0.5156274450195946	-0.9988739968277761	0.4856850342544796	-0.4942917272967559
0.1891746070654115	-0.1299968150982965	0.8729375454965109	0.43045770729361255	0.03205081060610262	0.08087589056016872	1.0959808126478845	2.077387297735571	0.5294908384513795	-0.9280596752348539	0.5612027192614614	-0.5684074337259429
0.2274808661642802	-0.09872531621275171	0.8699810538451707	0.4261909588650226	0.15556023829797846	-0.018142185297827042	0.9695411462564923	1.9722424398975273	0.4551076141124368	-0.9896427743727013	0.5913149483481178	-0.4357876374860583
0.22082108349803725	-0.1168918707190209	0.8903283829997546	0.38064380996885133	0.19941904950258096	0.042441407594415836	0.9857070178204751	2.036690581793883	0.40598313293332783	-0.8959836383590516	0.42594733561118864	-0.5145371629622196
0.2343246833443346	-0.05829942941061833	0.8755197911287577	0.4185190732186889	0.17320029009256713	-0.0664043619840472	0.8954495552981535	1.931428112463457	0.3969944226357484	-1.0627980396600183	0.6057406268164668	-0.5164166203459383
0.2092041824191827	-0.125057961319461	0.8396276046127684	0.48540663565835807	0.16111997677086418	-0.02492495176073394	0.9899368421918507	1.9684260349305545	0.6409122958144904	-1.0281261108133057	0.5839003308640899	-0.45482116710729775
0.2222385610577612	-0.100051529060328	0.8689084955654998	0.4308105614371193	0.20219046300050467	0.07369574509955798	0.9638676844431746	1.991436087850178	0.49316376077982926	-1.0294003043766007	0.45356530454796223	-0.5043161898258809
0.2031680128860363	-0.11011645085610228	0.8730393518249197	0.4294175310300214	0.06319681918615037	0.009015367470017894	1.0234643288465457	1.9985235376991375	0.5027370188644855	-0.9938441383421056	0.645004361373288	-0.5270980780624958
0.245359837982157	-0.08884968503492438	0.8607736735412118	0.4370045380919194	0.17398762841805374	0.0772650464050961	0.9348259897236443	1.9757014663035577	0.4622959219155927	-1.0337660595446188	0.5739863331945326	-0.5361586383934105
0.1853736271555752	-0.09877236694253952	0.8727761881673071	0.44061589082998304	0.06467516156692055	0.02519703858574378	1.0183327402260482	1.9351968138417746	0.5019478918005701	-0.988879976043827	0.8069525691851887	-0.5474311035582456
0.24056031879658893	-0.1275691211023968	0.8555554459569534	0.4403200327659917	0.097793283916972	0.027032159427407568	0.9517878467214296	2.0253428772884514	0.5390952229503896	-0.980689041603092	0.47645515583296705	-0.5251657608082635
0.1930951394038901	-0.10262045949327499	0.869904383634577	0.44209690313926425	0.26100732462984566	-0.016345639345549078	1.105838863985716	1.995870307891835	0.4997227438559294	-1.0030063179547002	0.4393659371646043	-0.5523353130118397
0.19071151147556512	-0.0954549113046197	0.878129078801188	0.4282602015857996	0.16154354616520997	-0.036613000614391905	1.03746239772333	1.9364408940216356	0.45039709707285897	-0.9539060940475478	0.7372827118353179	-0.5431863223353005
0.19540284217338227	-0.07743527271906463	0.8687741833871121	0.44838925733066454	0.2524558979040458	0.08264262020003273	0.9875378525932151	2.0040117545182863	0.47444225268362705	-1.0035246823830752	0.321174462835841	-0.4858004828325397
0.2375670863443555	-0.11047986423908972	0.8705557048072905	0.4165199201851547	0.10761008795868693	-0.006018506922990832	0.9175218985027243	2.0482302483796815	0.479069903764829	-0.9813260356318712	0.6041320037131018	-0.48978081432037407
0.20689454449198763	-0.13131536398278126	0.8532159557115693	0.46040575100743036	0.12950177915105174	-0.008478108479871104	1.014858242718406	2.002866895350309	0.6189514655991643	-1.0318305184067418	0.588575924400467	-0.504413498531754
0.19495521379575634	-0.10423546620571686	0.888899420796942	0.40122967475697613	0.11229543949306277	-0.040122601780210605	1.0459118042298363	1.9927414265013033	0.4605686744818503	-1.0108695375438563	0.6522198246120615	-0.5074346897126879
0.22856235452781246	-0.09807314248167494	0.8667593151319449	0.4322837013449312	0.18604126921739453	-0.04986515538706967	0.9820757126305417	2.0277526250156233	0.47613976771222655	-1.0139083261718278	0.5538851522409616	-0.42770473943418574
0.21820556022144075	-0.11439938030521377	0.8778888752798234	0.4106217699223426	0.19166470833301272	-0.0002154233369435092	0.9851835456541871	1.999800851372271	0.4533304183665442	-0.9355818629688905	0.6207824273527925	-0.46756702313646037
0.23041756774440736	-0.07710998371953919	0.8620641474855628	0.4447552141408954	0.06960733096580034	-0.06597562799753424	0.9682857401194334	1.9675803832865248	0.4331987960527145	-1.000179627951117	0.905348167793309	-0.45325190777253904
0.22009675686850064	-0.09168655538279007	0.8683743276573697	0.43482987505876103	0.041692838734815135	0.01983816363847361	1.0180852955184148	1.9601876627643058	0.45577711073274396	-1.0122109459270652	0.7034103126274962	-0.5182965055681176
