0.20560808203057698	-0.11038997619913993	0.8704918052010707	0.43333980527553906	-0.0038345830239362097	0.1243947273353027	1.0205369477795456	1.9903307547121225	0.5157179584743496	-1.0131687214863268	0.4230943529664586	-0.35718676821021766
0.2327070234592119	-0.11441327402173498	0.8691677855386113	0.42107529557347306	0.015994638217405377	0.1848791063059356	0.9879124528249349	1.9867004380413613	0.4754770872312025	-0.9876110901618624	0.24298619147177278	-0.36729614337441646
0.22975108221844964	-0.11601811547780287	0.8615086036723837	0.43767243790178306	-0.09259409057534207	0.11846722453885238	0.9964379996663301	2.0125859204386405	0.5124773448916816	-0.9983263441640159	0.5076397740264093	-0.2634991000828994
0.22999679410473503	-0.10907894054079373	0.8579962278747495	0.4461454161870802	-0.031248880387889272	0.14375743422770973	1.0123443635032563	2.0252076531307313	0.5274368474161613	-1.0410670190268034	0.4743242465098018	-0.3218654877776492
0.20063973716771288	-0.09938989743689734	0.8802555380656687	0.4183485769803387	-0.026428889530377458	0.17557249350366322	1.01734036110982	2.011427194274392	0.4706505224503826	-1.0003526055320622	0.3706527817013671	-0.3738576165586456
0.21094286383847677	-0.10260035535702776	0.8714846609105767	0.4306863836642742	-0.049090430954443286	0.09987879358496284	1.0245072036809908	1.9832745298770824	0.49245721721260527	-1.0257968204807866	0.42681328306334665	-0.30468521878226307
0.26059483925760524	-0.12180360822700456	0.8709893436204444	0.3982860455436677	0.001679655854162956	0.1697960879258776	0.9337698920481012	2.0239862882207778	0.4616742356680858	-1.001592011492838	0.3928989403997169	-0.36791766990494756
0.22325343369925518	-0.10592124542726464	0.8681262745298038	0.4304594819255733	0.058326397545115406	0.1382508342562496	0.9516185727510312	2.0058776415771007	0.48692608157059053	-0.9819748405645733	0.30801586722769286	-0.40453421134252904
0.22610258831533978	-0.1140194066090967	0.8644600645251607	0.43426488611764197	-0.020471015736999342	0.12529173558076426	0.9964974341407933	2.013090961078503	0.49569140857906974	-0.9770180663568854	0.3863823949024201	-0.34299769904878374
0.217473134445566	-0.11064203376918544	0.8678465557022197	0.43278878441294377	0.018166419487641843	0.1010089023336233	0.9962097837698388	2.0077389704348922	0.5137453402351833	-1.0174955571080606	0.38417326153363596	-0.2699729097805802
0.21901694640186564	-0.11974403685220415	0.8605842914343588	0.4439455148591581	-0.039136088867723504	0.06535505595731965	0.9827776916869645	2.0074650190170775	0.5531381884098872	-1.0156314787626868	0.3819300883144298	-0.21421963318376636
0.22393385210739117	-0.11283562372156174	0.8670594253063646	0.43049936688351564	-0.015378417533205964	0.13760419163803686	0.9834368123699609	1.9921372669988509	0.504197863834911	-1.0049033424290406	0.44067758861327105	-0.357160264057315
0.2083785782859505	-0.11957173198045286	0.8613805477299935	0.4475539308453196	-0.025336186370350105	0.16479238657131567	1.0069559083694637	1.947611812668351	0.5527251118742718	-1.01229226536117	0.4900547110947	-0.37195249445652584
0.21919318656893957	-0.10220246958456013	0.8731920060080732	0.423136766088895	0.012566646288648614	0.1297926241860743	1.0056914267467825	1.9731479960328828	0.48440540094100126	-1.0440100451098941	0.38074404337947554	-0.30831538350191817
0.22525571085469726	-0.10183098772245125	0.847667301507456	0.4694150195955419	0.05985824575644242	0.12676433593764655	1.0133887980348744	2.0041148806154467	0.5677744442172982	-1.0768177969705794	0.30974561620146157	-0.3163994386932322
0.211221506018251	-0.10920122401818715	0.8637096870349248	0.4443716289214962	0.04852876640666234	0.1756354927072493	1.031170055049916	1.9839860895344557	0.5196295226351937	-1.0125773241594331	0.3395493312502558	-0.38079665281899344
0.21858534321680098	-0.12057700574879533	0.8661088888687424	0.43305545376776033	0.027590142109194582	0.1762551688691447	1.0056971155205108	2.031858803390274	0.5276228111206128	-0.997133280450772	0.24652207130733195	-0.3150926091881726
0.2108568816914106	-0.09606471418372195	0.8621039607296688	0.4506525346942943	-0.05259945311803974	0.17362535933217482	1.0147919055609897	1.973315511845603	0.5130445660631021	-1.0356263032736595	0.35940912870737574	-0.34460175772220714
0.2102047171613485	-0.11074548796112307	0.8728189674926049	0.4263055990302185	-0.0057425492248821125	0.10447367855190842	0.9946005512163568	1.9974011870697452	0.483525327746531	-0.9615089191732281	0.4340300764054042	-0.28940018070273027
0.24094384817601758	-0.10776634112581555	0.8648682146102608	0.4270075515764873	0.007183456554929943	0.17146506980053086	0.9635015263280047	2.0365875831053266	0.485320753584816	-1.0126581259117564	0.33253864444064973	-0.33715668144383404
0.20942285991284976	-0.11304787140976122	0.8681311786510905	0.43555768982938803	0.050185880752294874	0.09392382419844886	1.0168681577403194	2.0253242600405303	0.5178638476225249	-0.9954378117473303	0.4037373778184608	-0.3939748803031255
0.23027781135439115	-0.11321320987004868	0.8693227051086031	0.42241322551668803	0.010740889701864062	0.1630643623780109	0.9845356335869082	2.023479719111237	0.4911533202118838	-1.0051835124849018	0.2772254514397621	-0.3979244566843554
0.2205976707155172	-0.10709187108554653	0.8610504398996517	0.44548865167465396	0.020814826513970725	0.1614122590558164	1.0057803361218787	2.0002204912340713	0.5145488044019986	-1.0117382723351487	0.4124528652906654	-0.36866984721499135
0.2102605077689827	-0.1103526589716324	0.8749119914970525	0.4220684975987686	-0.09690186753519736	0.11974895827397107	0.9988778366558335	2.0188161893030463	0.4962483037500672	-0.9984550393559252	0.4496863555672055	-0.3170980137334754
0.2277854438954069	-0.1180072723753499	0.8671126375377567	0.4269704311052664	-0.10247734688800146	0.11635836879095618	0.9547612039704336	2.03401885705946	0.5130681529125695	-0.9891541332130873	0.5614862025434545	-0.3359364115469077
0.21331099781160703	-0.1135514629466085	0.865918503937846	0.43793792712363283	0.06528505243277795	0.10017453918304549	0.9998658556153528	1.9955960298264852	0.5162349023216368	-0.9903158921383908	0.37254142863216405	-0.3459553338393604
0.21709479145441146	-0.09649112529172418	0.8736540431690053	0.4246032584869694	-0.10217328707260126	0.08770530482365808	1.0036129999500512	1.9852806776295844	0.45721398919799183	-1.0027337992980072	0.5024147769996694	-0.2807183989388929
0.23335756060216226	-0.09772206330844647	0.865141085042065	0.43304220374553176	-0.08783072651451691	0.06336522384072686	0.9781147425198145	1.9580832591272692	0.47993212167029153	-1.0440357237001363	0.512778929679162	-0.2586888984377415
0.21688187391008065	-0.09527406890600316	0.8730550698894055	0.4262158484896489	-0.016786284135355052	0.1679825764194766	0.9932298949665622	1.998461435562005	0.4540120216939787	-0.9886762943002975	0.4022602941502518	-0.301260956201317
0.21433039054362252	-0.11355527347084668	0.863788473939495	0.4416301120232381	0.010526991358396085	0.09994922413388685	0.9957998138828836	1.9864752771687337	0.5390624355223782	-1.0268578293523014	0.3839171760005528	-0.2856607209231933
0.22347623790566334	-0.1057596376995967	0.8757669252562843	0.4146149572221618	-0.0006882665758887345	0.08302850839258237	0.9689002549089678	2.032489413797485	0.4569267939694859	-0.9689284148232409	0.4056246989247397	-0.23825633500236823
0.20767904003192056	-0.11388323432395281	0.8729054713021679	0.42653963877003925	0.009592776097370413	0.11320359860550945	0.9909794694536948	1.9938947969600995	0.5061198099215234	-0.985908903930965	0.319405595030149	-0.2996953584690734
0.20762230515915403	-0.11438355488702058	0.8701807181999021	0.43196631633138893	-0.0167996753857323	0.09983693398134824	1.0372789084718232	2.0085489233550873	0.5180537911937488	-1.0103049141553737	0.48402068972224516	-0.28177054942792107
0.2196253332044457	-0.09311275216961507	0.8703351817072896	0.4308264150220773	-0.06943609184040138	0.11839002861589266	1.0024671041773257	1.9790336571430756	0.4579886708749557	-1.0085211566986207	0.40647273114180593	-0.35326417979518654
0.210136545740343	-0.1099835869091094	0.8588393404974887	0.45402778545895384	-0.02654116090702839	0.15112228490826027	1.0073685950791933	2.0005368534944443	0.5638880804522192	-1.0482794673346438	0.35844194151164094	-0.3417429317702723
0.22020685632201487	-0.1009935684125421	0.8765034489842336	0.4159939224157242	-0.011695606173254743	0.1324687064691741	1.0136408536499615	2.0166149377590012	0.4468511220952361	-0.9885050109734717	0.33859754073263115	-0.34333761924964334
0.23975779084807938	-0.10452782200842271	0.8572568226570882	0.44350972499111857	0.03342817925188341	0.1513452059047449	0.942603641827367	1.9888213504483474	0.51284132100852	-1.0320994067669265	0.33111528031454257	-0.3603729420658363
0.2166024819487819	-0.1037510426856812	0.8693940362543214	0.43182530690162335	-0.004890401797941553	0.13299303150495553	0.9902506626791471	2.006743994120924	0.49811982404131777	-1.0174284990576528	0.4303734461691495	-0.36573708048776066
0.20108398462676105	-0.1282243408034083	0.8747871954228804	0.4217476879324023	-0.03767490057073545	0.13864480117745656	1.0659852455951577	2.034744531979138	0.5258982310645873	-0.980438861631332	0.3655192673821257	-0.3406608012761054
0.2208469866137958	-0.10186796223206962	0.8626133299471882	0.4435625883364318	-0.010051550818671741	0.12995148521081865	1.0027193355272215	2.001235551083632	0.5060429066654122	-1.023767839964198	0.39333152312543446	-0.3601734703495056
0.21733142383533177	-0.09049158994254831	0.8720389872926768	0.4290994395299759	0.01567860462212595	0.09386220745296303	0.9692314495802826	1.969757655005926	0.4636505018030309	-1.017757710167836	0.45507070953041895	-0.2973367750954443
0.21090513395942342	-0.11369045346711322	0.877255811037894	0.4159516164895222	0.022756246534447758	0.10404218974863866	1.0263249506495926	1.9764223361393214	0.46691809296036524	-0.9649282367983357	0.355304707908199	-0.3339674621803716
0.2047386275889851	-0.06939813332644698	0.8857032605480091	0.41084757236523745	0.004225029117408629	0.11996692504141256	0.9989342368165037	1.9103988669778786	0.3691828757740087	-0.9709897613247324	0.3803221036506363	-0.3615974586292516
0.2133250479810136	-0.10477727052818919	0.8663187406538153	0.4393244667401853	0.046726191422399026	0.15944744526359417	1.0065332632220023	1.9717259945305192	0.507825244179173	-1.0198958825788187	0.27938896061085444	-0.36254733507553133
0.20058014794516618	-0.11222710622701745	0.880299965179922	0.41502367665283046	-0.015251818291022992	0.1117090933055691	1.0039333374193826	2.005148025901915	0.48518074163018526	-0.9720932792549518	0.47798801893184345	-0.3233286209178745
0.2022550469883469	-0.11535527132471092	0.8736590976260816	0.4272070206358089	0.024586393055546787	0.1662630218472635	1.0139947248455567	2.0347466123593407	0.5099036713720457	-0.9734128057213308	0.3978978340287998	-0.3508510545989301
0.21393548337980628	-0.1141839423736133	0.8745623676783815	0.4199217799731892	0.07119059034431632	0.15873468643134478	1.007682030940539	1.98744323326796	0.49378697391268817	-1.0013587383459455	0.2734365826419758	-0.39881448111168827
0.20813405088186482	-0.1121333837711253	0.8660018044686195	0.4406213746116246	0.04162721272927642	0.1265308200072108	1.009474679440252	2.0067774040876767	0.5257902177421289	-0.9995306996252984	0.3256027255266934	-0.30229484717453386
0.22173756837811925	-0.10091623836018085	0.8679000351769036	0.4328947823027202	0.011353379247222031	0.17337293336408469	0.9885587288739869	2.0016198949762223	0.479995304666459	-1.0020739862209798	0.3068704252466366	-0.36337636953433655
0.2236645572886198	-0.10173872187943017	0.8718471193369418	0.4236814827049937	0.05175719391642774	0.08323527147069845	0.9815716009047709	1.9996395730592895	0.47031853330904294	-1.0058213044771045	0.399255232683385	-0.30175784464276756
0.22567526805373578	-0.09707202796120028	0.864304306746764	0.4388915129224651	0.03026496643650706	0.17096914153745613	0.9608390285631642	1.9638988808025444	0.4769080455904752	-0.9988610466949842	0.35542030951256215	-0.36618897633345426
0.20512665720616013	-0.12170966436286748	0.8600424535544237	0.4510396769555774	-0.057532838993928775	0.12366501675946884	1.012216360845775	2.010206268997551	0.5713180913716285	-1.007292405625518	0.4583109307021201	-0.3267666195309333
0.21461699259793357	-0.10795390976483368	0.8681919388826616	0.43419840754414296	0.04003696775806261	0.18370822824785193	1.0083380447886983	2.0315162094242982	0.495526519043757	-0.9841318693219215	0.3197273520112303	-0.33028378454303653
0.23013715180357552	-0.10258295913916221	0.8652206134320163	0.43348231560966427	0.003559022505942264	0.1662789821766898	0.982977659013495	1.986701245207913	0.48403916568581296	-1.0178469433344284	0.42167042016137285	-0.34006587644384295
0.713901969305749	0.25272929355121226	0.6314686738881661	0.16649082947838145	0.048705826793627616	-0.14742411031578295	-0.5643306649895837	1.128727012295888	0.35085157068466544	-0.6242829334894097	0.42612101076165493	0.18548532893990288
0.22787392915324395	-0.10524792360411357	0.8743841610743217	0.4152694135758612	-0.002743280901256756	0.11795443503031611	0.9833168809981696	1.9881299560956487	0.4490576442347568	-0.9812295578454471	0.3462333370265413	-0.31888312674068275
0.20393207920786155	-0.11001925079647239	0.8737423303367684	0.4276468305761367	-0.05598221426709749	0.11168411103954014	1.0293956273375269	1.949069193390933	0.48529232711303805	-0.9809779401946919	0.4695179978950979	-0.305924972667696
0.21088603934994612	-0.11372132622900412	0.8647361748872349	0.4413908542430428	-0.041160566854138735	0.09575963082543353	1.0273095281725113	1.9830753184423724	0.5303054195305931	-1.0188284556451828	0.5091074273093098	-0.3157293232801677
0.21388349122109432	-0.10631449997697398	0.8612363029701158	0.4485789893921572	-0.0020571922262201028	0.05690812642219859	1.0154683091936312	2.0037622573626037	0.5277878590380864	-1.0225913385344392	0.4570844271477039	-0.35130674525071875
0.2109510855783849	-0.12871945923020112	0.8669798652399837	0.4327549578886939	0.016723816594689172	0.07679351617308848	1.0166130937153035	2.0233605019935768	0.5390991115485938	-0.9737562412349343	0.3807245896109548	-0.29298913026827655
0.21995238287101057	-0.11320672235327663	0.8759995432639522	0.4140410456521668	-0.01296430523510231	0.1270206216234132	0.9877576072978579	2.031105069349999	0.46151586489762075	-0.9458303294796255	0.395608624146572	-0.33741484911822023
0.23210434168232774	-0.12270666429072982	0.8589865235602123	0.43955978143228264	0.07067231680531441	0.13940767938522636	0.9960638419416641	2.022562216421885	0.5308725062678088	-0.9987747436583029	0.3722468760192788	-0.35638940021888516
0.21328841963433692	-0.10797608555544133	0.8699611912159022	0.4312965809929629	-0.013830950424066636	0.10628497240648638	0.9989081259735765	2.002155733327659	0.4892512118693598	-0.9796047140013896	0.38823413965983194	-0.3512732103751571
0.22400537985989033	-0.10782885664842096	0.8678644351302993	0.4301230634407864	0.04001923152887741	0.12966493137070198	0.9973000799312224	2.015128002979136	0.48829373351289873	-0.9994451272893768	0.3285499507686667	-0.3253223346000886
0.214948148378179	-0.1127699163577532	0.864738525252622	0.4396675134887477	0.00032494714799857365	0.14187922356174024	1.0222490801476858	1.9942451351091806	0.5187826072586493	-1.0086053278867664	0.3215051926653368	-0.3678491774770749
0.22049852298832845	-0.11583012676459774	0.8694747412167342	0.42658815909464254	-0.006994587434457575	0.1666921071121151	1.0080999002268318	1.9992102266270073	0.5045514113700373	-1.0066160152880474	0.343219983833875	-0.3719534571707844
0.21579038253025787	-0.11242383669836954	0.8664990285549881	0.43586101599331534	0.022562781184365648	0.14889801061906535	1.0013702689139337	1.9956360004047076	0.5142007715072396	-1.0032635875020164	0.3827178754136659	-0.3474804708861907
0.20817600351934487	-0.09983895699122686	0.8714467008685549	0.43275348845610606	-0.05237886340145433	0.16239801720060545	1.004163018695748	1.9836119241039052	0.48396104763584347	-0.9999853690171838	0.35842699867338124	-0.4306485659375734
0.22221311357068846	-0.08711452961178255	0.8599983003071858	0.4510380409194879	0.037714024274909615	0.1582899909296021	0.9912573105429939	1.9839565198207825	0.4993241044787093	-1.0572430088447182	0.29680305905855503	-0.36644539702761714
0.21205979283332915	-0.10961485930179453	0.8637805385202052	0.4437323609536242	0.09564550316702548	0.0603439748525788	1.0537483217832078	2.0224228128858512	0.5024563140959984	-0.9820830812717241	0.4145384524588301	-0.32009417072363766
0.21373331604271098	-0.10151578877984231	0.8733565403792461	0.4257475397680968	0.09837762903126467	0.1553284408620958	1.0020974725926086	1.975224993035058	0.47733302155489205	-1.011273040304814	0.3046042135775579	-0.3118631106297884
0.196996198839565	-0.13593898675454982	0.8650193423756009	0.44097009744311694	-0.01992147636879788	0.08180825107145602	1.0173870432271237	2.0209067165489074	0.5785851851092653	-0.9664799216407259	0.4367283358139309	-0.3709085187096197
0.20764319295758163	-0.10102463044867704	0.8690559721906318	0.43751576618549953	0.007374055758762645	0.127272120890472	1.0433996729353634	2.010078630543209	0.5031388292160459	-1.030461592499142	0.3859688530758277	-0.3374185937632783
0.21132646708055858	-0.09863522799769309	0.8655817604129099	0.4431483184550975	0.024107543753603574	0.10822433957682193	1.0294001927695835	1.975647756461112	0.5031367795004617	-1.033913566397266	0.405115177336993	-0.32855286482126306
0.21049085324177846	-0.07373680943236761	0.8683234102749774	0.44302476093861387	-0.056965038392264	0.1333900925405507	1.0016757528099358	1.929588748943263	0.4520120136120266	-1.0406968635002158	0.466567138807721	-0.33812948102864526
0.21976342022272877	-0.10235953566617005	0.8675383945925788	0.4342852731764521	0.0015089752207963342	0.11972716962053763	0.9948955068065813	1.9676054669863687	0.4926754594490323	-1.0238738496895958	0.3929410895312613	-0.2810280726194765
0.2151112961855559	-0.09681072696041855	0.8678037252198697	0.43734598191052604	-0.03243526318501755	0.143095695330707	0.9885833279465684	1.9958506109602996	0.48451753891195404	-1.0058439677232676	0.3811481432938281	-0.34078663713082324
0.21063957112288267	-0.10804938139196357	0.8661472225556414	0.44016507257747084	-0.01801397474985041	0.15825559359436278	1.0049661539656978	2.0179219028513034	0.5189615171051016	-1.0067757089922664	0.3407296251575271	-0.37235622604867236
0.22940021891364654	-0.10977864302751594	0.8696748323039297	0.4230719503282393	-0.044961451747787234	0.0732548565165338	0.981844039809692	2.006106441261933	0.47938569848511275	-0.9972707275736619	0.46690091366532244	-0.3009280294984109
0.2196712039741196	-0.13124379576949022	0.8599946171154141	0.4415075160731575	-0.022015015344782642	0.1542135552297715	1.0129601324573008	2.019510155099866	0.551497013015666	-0.977909639938047	0.3594952401715039	-0.3211767836090464
0.22619513467942828	-0.10929320088082542	0.8682767385307638	0.42776893600980265	-0.014255875616412976	0.09266140189240163	1.0148811147450225	1.9765445700073527	0.48603734051571634	-1.0181973674470184	0.3897554102810476	-0.2971143106189573
0.2124686597287481	-0.10234094742368649	0.8689536365487898	0.4350896190925789	0.017532468242318782	0.11441691290386491	1.0003740937963461	2.0107919488656503	0.49694421610620876	-1.0080297352980385	0.38633465048323523	-0.33403188199910977
0.22935271674540858	-0.09386898336840865	0.8661305839469452	0.43405501590766743	-0.06783721264527494	0.10705493188592148	0.9625272921004874	1.9761979704164478	0.4689072050398347	-1.0168974210843313	0.3935381225154297	-0.309761873431549
0.22105024108872415	-0.11876514811902188	0.8609401029057642	0.442508496772091	0.01572344540862539	0.08237434835807028	1.003071763427036	2.009239732124843	0.5267595309659389	-0.9866703322618584	0.3837581861868799	-0.33458605374482536
0.22399336085830285	-0.10873822972400123	0.8663416648853869	0.43296084276930696	-0.05531575416568015	0.1117095596429144	0.959856381366503	2.006627835711766	0.5104338552286276	-1.0139817988573276	0.42967419044532723	-0.2808422379040047
0.2144059435720403	-0.0999926946111378	0.8688074427169917	0.43497721763897945	0.023856177319367455	0.17662862976649052	0.9731938365449979	1.9717001404688426	0.49206882988187034	-1.0092850308474521	0.29659151259869937	-0.35915883127955056
0.2208655793809647	-0.11971134428011669	0.864043394377477	0.43625291119716997	0.052198117504900894	0.10746585271749533	0.9897906137587184	2.0188599290770664	0.5291443454707684	-0.995142740790977	0.352976501193807	-0.32971212718513543
0.22466651722501263	-0.09757495413753803	0.8664330031285181	0.4350838257769848	-0.02617577361253803	0.06832456192960523	0.9732941213797217	1.9896291448014776	0.47460513883028665	-1.001513174823357	0.3538923910967278	-0.351088380883976
0.20250150688602345	-0.10011191717915292	0.864208796597732	0.44957079490409946	0.22106792337973646	0.22721971153600964	1.0256933055810442	1.9877805700140758	0.5296497472586866	-1.0375048650206675	-0.3389389716432388	-0.6972641340884742
0.2158874886039138	-0.10363956470882472	0.8678596484227497	0.43528273975750714	0.056779869881202344	0.107556542811186	1.0151482044824218	2.0110103927278784	0.502654984843236	-1.026853335310838	0.42748941728795326	-0.31387067529089785
0.2158405687616949	-0.11091914138073532	0.8688548207677924	0.43151024713273706	0.06829177970421764	0.09041231426836555	1.0064808618303345	2.0038228477670255	0.49862300599429954	-0.9923474523745333	0.3245745586536167	-0.28807360202002147
0.21041775888471959	-0.10887741313924325	0.868948375185335	0.4345098352359872	0.01585957087959974	0.12154628476029561	1.0240919098681531	2.014380334106563	0.5050851257158042	-1.0012650318837664	0.4172274084662629	-0.3599156514660087
0.21456454633283376	-0.1180278410867701	0.8677024137392345	0.43257832282314795	-0.01510204088121629	0.1407994264834549	1.014285041417112	1.990000706390575	0.5064764947247937	-0.9760660146970067	0.4324630562869989	-0.31520366919750714
0.21239683329163947	-0.10348067132738888	0.8655653699990008	0.44156078418243744	-0.018545291083103817	0.1104668176041881	1.0140426695021627	1.9843123756072627	0.5019133736850134	-1.0066118323842055	0.4717048746058185	-0.2917127518984518
0.20336171695944716	-0.1078413109051731	0.8673197375861332	0.441328377210304	0.02170765187535914	0.098394536948206	0.9837560505633003	1.9906772786324236	0.5308928327452598	-1.010211279401734	0.387045442089253	-0.3162387504416136
0.20405040179377812	-0.11414205971413259	0.8658030691082959	0.4424026099094224	0.02945648810377442	0.15007034056726695	0.9987326393964691	2.0142197577394105	0.5474697081114769	-1.0123935708846115	0.3549629426320542	-0.3800766527229906
0.23067402677742144	-0.10576131444383728	0.8794237694256786	0.4027627980667181	0.010534211539029984	0.1293518371505703	0.9688796002626336	2.0087607096359017	0.42051569167867625	-0.9456128577606869	0.3478057909856762	-0.40138283949367204
0.20387663386148056	-0.12573179700087775	0.8656397171935558	0.4396518092824166	0.04350960580958677	0.06412316390167891	1.0367429235939871	2.0279816843946077	0.5504049076447262	-0.9845023162312011	0.3553279899923281	-0.3685213434396975
0.2124544410072309	-0.10595211440946808	0.8617905801039506	0.44827921655209946	-0.007713629087598235	0.16576953827877863	1.0105158498147329	2.0054446096118044	0.5193812776321513	-1.0034044836771074	0.3345419013228402	-0.3635031822916401
0.49303509742352447	0.5951232284205382	-0.41902693503644245	-0.4766142711007052	1.1535121701008495	0.0202570082657165	0.9608612597625847	1.239265899445229	2.574342309740717	0.278077027940212	-0.31178827396431674	-0.4029367949993297
0.20718640092070933	-0.09655567796797601	0.8670173618267044	0.442754661880289	-0.0011082815524218516	0.13058810178670383	1.0030386898091352	1.95276151631093	0.4959502068603371	-1.0147001096501889	0.4026846137161694	-0.31350470064441366
0.22948582294842892	-0.08722007129891853	0.8660697816057171	0.4354905849931997	0.08264691729583443	0.10440689041206401	0.9673843515212195	1.9775071666943673	0.4668344565434555	-1.0421210226043696	0.32673518566420906	-0.2891231293563729
0.20369693956695592	-0.1267951076555111	0.8669508476547955	0.436837252573902	0.0020240442616780616	0.1456509438504521	1.0321048324550397	2.03526916216216	0.5415855002289609	-0.9653536395428346	0.470416137467917	-0.2925913177981303
0.20852057022525664	-0.11168525145510359	0.8656509753920982	0.4412413910809513	-0.06685003943566302	0.17869069116492162	1.0260843914271223	2.014012541237241	0.5201817000219674	-0.9956454906161385	0.407153518812361	-0.3738705456321436
0.09075005375243449	-0.8433473117323136	-0.36256398140593277	0.386105036129922	-0.1947275914292125	-0.09203439994761653	1.6317301789882621	-0.08974490195072754	1.378663154916082	0.7150589952850459	0.33731928038576164	-0.6215839790062067
0.22859775671445326	-0.1136722676089804	0.8664086520027195	0.4291360261462353	-0.008813607129486001	0.05762474304792702	0.9794824509369783	2.055980336701425	0.49624244815231056	-0.9790562175267997	0.4417564739298718	-0.31733217798694685
0.21533895600265596	-0.10447414880095082	0.873673263964889	0.4235673666525082	0.09825094672633113	0.11183242507652212	1.0177553844497635	2.000560232291346	0.4593140310123453	-0.9713825370234347	0.38027791655931636	-0.3420835557340738
0.2155402309516692	-0.12718885351186518	0.8621460041244198	0.4405333948248811	0.028377309929687584	0.0770897597215484	0.9922999501103735	2.0487453188143427	0.536345640312247	-0.9436543238051952	0.4694891330632491	-0.35799731144395625
0.2308909868090562	-0.11013162341941396	0.8636936083903176	0.4342737944650324	0.007577094276563813	0.09824106181171766	0.9585424299933466	1.9833945086007354	0.48999854582181196	-0.9811620411448126	0.3488275445477802	-0.31344088292631855
0.2045957962247848	-0.1033400041866842	0.8658317923614245	0.4447434215792803	0.0159569010962745	0.13528669308817662	1.0544818604167214	1.9552893359780488	0.5219226673701949	-1.0468512037352253	0.37367952881894273	-0.3470423599610771
0.21710840289329253	-0.10357197661467679	0.8671030075752422	0.436198534279085	0.043088416877879475	0.08177485324996576	1.0005162973088713	1.988539924096564	0.4916560043866065	-1.0031667934895976	0.4421161714132002	-0.2902903224890661
0.2338472851895402	-0.10067792266958381	0.8687217774017308	0.4248551242063547	-0.09144922046551512	0.07856670252218931	0.9861927718342097	1.993489773663673	0.44917340619322876	-0.988866060321247	0.524316144342613	-0.2603844814136071
0.20825216032118624	-0.11159193438845781	0.8725885199105304	0.4275132194697035	-0.013430493421676895	0.12237029696262303	0.9986089561843701	1.997881521807274	0.4977551896102594	-0.980906446458014	0.4360327432705228	-0.3784531604343602
0.1959258310928006	-0.10656594071770853	0.8747587932959672	0.4301788262350073	0.018240931506162336	0.09752258544322208	1.0605069122165045	1.96459380913549	0.5017924601887708	-1.0167150288279807	0.4266074795241406	-0.30634086907278074
0.2212065958157848	-0.09998938734811742	0.8719088906673313	0.42525833414596825	-0.0014940154925587809	0.11448924518985781	0.9779724915372578	1.9916356721769022	0.47464192417573803	-1.0135863637116587	0.4137615804694373	-0.2777785775949396
0.2121098863735542	-0.11233067987567827	0.869156252185921	0.4323871225503709	-0.014253503990897719	0.11684197022060688	1.0126346905739572	2.018514980200106	0.5197004319141133	-1.0170273947071324	0.33966893090186034	-0.3299402742888444
0.22693424878183507	-0.10280037938202854	0.8674530623034771	0.43064848011929074	0.10480949673707679	0.15060931787977008	0.9834244449114408	2.006517501287274	0.482662146192648	-1.0114715461732995	0.35433005638092624	-0.3087691670536102
0.20406771756133266	-0.04141785730885136	0.8810014049054176	0.4248263790066858	-0.03187893668836419	0.12981848686155636	1.0052153960191714	1.8960305443793941	0.3514662821107687	-1.02687779963028	0.4157722866548623	-0.3324760074950916
0.21605780182720916	-0.10577053026719559	0.8728704514237503	0.42453362202290756	0.0036428622641455203	0.13733054965678	0.9972470354920644	1.9860126524243573	0.48691169202552653	-1.013847189237301	0.353728510697098	-0.3632468456852287
0.22150971751441906	-0.106243313036021	0.8726404427646688	0.42207163033458556	-0.08516071410714306	0.13300647988217015	1.002757296578599	1.9958468230470603	0.464862330823398	-0.9849815695323957	0.44990704792863245	-0.34164179349423357
0.20513536890579698	-0.10984368977688168	0.868554511147673	0.43756931497205037	0.004518365996309201	0.1570845082359309	0.977574112847661	2.0041801361527933	0.5334454413093612	-1.014044894048285	0.3243209609357495	-0.3143637572588969
0.20281481832492865	-0.1141709014874758	0.8648766462905491	0.4447690877551806	-0.002050365198267241	0.1448666332596889	1.014926316979463	2.0069972538170133	0.5411644877664326	-0.9999389578890462	0.4169281837286904	-0.3321267230582957
0.22047143752902992	-0.08995380678496172	0.8649881361830914	0.4416969347202653	0.019406977243718395	0.09729190272553723	0.9955483443808898	1.979469584053403	0.4820134566497693	-1.0377365916917594	0.43868602028940074	-0.30005227476626894
0.1947541271078106	-0.10881491785356943	0.8723207737144376	0.435070811906798	0.006968765340760632	0.05805193137834797	1.0683066180108214	1.9877018134811355	0.49985219010127413	-0.9832812287727025	0.5007766120604561	-0.2727922325596396
0.2281471696354473	-0.11044126144551107	0.8519151744769629	0.45824898500001593	0.005484014703541804	0.11279445796246983	0.980480787716205	2.0050816542311214	0.5535095338717971	-1.0339212001263618	0.3624957238291255	-0.3483597427456611
0.21788540568004258	-0.11005786370438722	0.8725016206133741	0.4232660376825734	0.06805092727399607	0.09563948500045233	0.9942709821939227	2.03161862140515	0.48939413218358196	-0.9923751660443207	0.3899349797907881	-0.29857632749326063
0.213055114758206	-0.10537925791804335	0.8713059775283194	0.4293350947679795	0.02567567306671198	0.10916225139560624	1.0088271556619703	1.943326618199224	0.4997082450233921	-1.0377634040198616	0.35294537091133327	-0.29159086300628095
0.21479566651649531	-0.10281953425605703	0.8664723621749978	0.43876714850588067	0.020774650006014972	0.15462152007381288	1.011317854195482	1.9662284132763548	0.49133171909314705	-1.0045997281541772	0.38378087566646735	-0.3771440638605363
0.2176375309312773	-0.10173371882449259	0.8682983242903688	0.43398407300131847	-0.0198540362967946	0.08881049122626844	0.9874691505224349	1.9915185730638914	0.4809296900522954	-0.9905805949179624	0.458176368048066	-0.36676269438993475
0.21982307620491034	-0.10051777351287373	0.8732346299495923	0.42312560006766725	0.03191226507606876	0.07449977951508348	1.0000885571845375	1.9902379591225743	0.46077988086419236	-0.9977113258875773	0.435634316366783	-0.3224235375246736
0.20224306319780913	-0.08781037056197678	0.8696299132273921	0.4417362292480137	0.005018171882916846	0.1317359446433793	1.0182094689673957	1.9959472991937524	0.4743201034527909	-1.0031866328434094	0.31579221292231263	-0.3379903250336313
0.21269044737544812	-0.1054369652509779	0.8715338177468908	0.4290391875778078	0.012697037107991999	0.1481267056420473	1.00419376522512	1.9856041496434131	0.4845591975593774	-0.9941657666064752	0.3847097573457488	-0.33511401915242295
0.2207655545908294	-0.10252418611840405	0.8621903078654192	0.4442738279371135	-0.011495700410980221	0.16124509647063706	0.9979822116656769	1.9761666226415122	0.5103398238400519	-1.0302773714298283	0.36401080979385925	-0.37858752431671777
0.19375503820927903	-0.1015873485593376	0.8687188871327569	0.444372018606065	0.04503055178093345	0.1413553508139603	1.0500343632083022	1.9707647759004885	0.4981999144157911	-0.9812507019126305	0.3659348630251688	-0.4108019904054852
0.2179195439321603	-0.11072162034888	0.8615293089561149	0.4449933089039843	-0.011233922140654657	0.09108647405263896	1.0110849189776125	2.0235370313780905	0.5307423989973106	-1.0191973421556881	0.4031371209267461	-0.32233512994024577
0.21768202961643454	-0.12626986378350402	0.8603916644675983	0.44316660433390176	0.02083437755605755	0.15626648518827513	0.9997831945120583	2.028653105484642	0.5462099853436804	-0.9735201115873596	0.3410628249710154	-0.3803201657268254
0.21382943834840812	-0.1147022276311165	0.8714944593520698	0.4261663731346098	0.11464650142370492	0.16019238816878126	1.0109231699466026	2.0256460710963933	0.4958371549178438	-0.9759999295310774	0.29582488364944515	-0.36652669678627187
0.2115993088302417	-0.11327559724687064	0.8701984855777634	0.4302893994384428	-0.006658986942654109	0.08988254219286108	1.0069612796847416	2.040472361739762	0.5090084113396043	-0.9874166888769764	0.42567283868599226	-0.24327191820375135
0.21375966040134986	-0.10765418137395652	0.8571997266211926	0.45598904975706994	-0.03648340755197215	0.1350647128403012	0.9896579114026904	2.0038915220821467	0.5467244551546341	-1.0186071166097217	0.5182181297943446	-0.2991621778918503
0.23436210013397196	-0.11605353329911718	0.8581593100541812	0.44177888360232487	0.022086238932744428	0.1199100084179951	0.9844937185373094	2.005292057602148	0.5339800138456985	-1.0327490155436372	0.3688353063551695	-0.29412627948752895
0.2251308732737024	-0.11183181625507838	0.8595084015564345	0.44503375425467867	0.05533288116578225	0.1283596458756218	0.9734092476163204	1.9973365261810945	0.5336184140402004	-1.021109541290742	0.31948158203065313	-0.3193669850458338
0.21939862565308196	-0.10883988055722993	0.8710888764435076	0.4257021174462424	0.014718645497629494	0.0731137628726229	0.9588315017589434	2.000733424934944	0.4908206300906273	-0.986969762902371	0.3747700187487429	-0.3233165352249204
0.20388484132656653	-0.11999089394557087	0.869761137959498	0.43306895495149783	0.05750893186426462	0.07328531405127915	1.0438814958799425	2.0310736620866856	0.5388327118734425	-1.0108714014515605	0.3066198878435584	-0.32007144785960534
0.21463368593094082	-0.12224933448414443	0.8613217089654458	0.4439734167117735	0.025873435252577168	0.19579470673023416	1.0313726802660057	2.002578105212333	0.5384087174029609	-0.9917183762389354	0.2606016817995607	-0.35297755118236634
0.21749520351672763	-0.10903643952186992	0.8614771624915033	0.4457173878246156	0.006013333098893824	0.07478460073479941	1.0274875997934687	1.9703778512077106	0.5104183759595373	-1.0058939266715672	0.3635092370003548	-0.23915606549163262
0.21159972475399028	-0.10367589051126412	0.8703667055436932	0.4323640411640982	0.06944548599509474	0.17998147130905617	0.9826754085423702	2.01487312338601	0.48460096981895634	-0.9733016397649742	0.13896263638277337	-0.4368686372995789
0.38826647981480034	0.04098087350607917	0.9204725165578941	-0.01732209342080957	-0.47144806296418884	0.09320708090641694	0.38227413007753613	1.6740707780115711	-0.23820147237852782	-0.1286677695662167	1.1043550919607137	-0.2892117275475754
0.2414246680948955	-0.07688716737975682	0.8620256555164039	0.4389923260822463	0.036220091891873266	0.14248289371857936	0.9198027679664583	1.9252998375947858	0.44045685725196626	-1.0335427551733927	0.29695109416849985	-0.35070476688928826
0.23193753211222595	-0.08910731411846562	0.8562956732681034	0.4527942001733331	0.015232283711390985	0.15654348474101246	0.9941787548124503	1.9625734613856696	0.4814720330737611	-1.033560358120437	0.326134250936618	-0.34948429654763163
0.22910513664508922	-0.10640929084671369	0.8651958038542816	0.433155999816784	-0.018668194628665726	0.1780603819159563	0.9738004138413041	2.0001446912593845	0.4998017686801376	-1.0220223012002154	0.35670114544528264	-0.33588368734611257
0.20500171732368516	-0.11634627450580516	0.8596188258410425	0.453313704362252	-0.003998801421839326	0.149972591631558	1.0005284983698695	2.0507438392058637	0.5783151327189618	-1.022788911149376	0.39226699707492524	-0.32161053633840203
0.2071269208288586	-0.09752205794783948	0.8664602084511385	0.44366044905128016	-0.04363708524182557	0.12590647194908453	1.0009818340938246	1.961859189175354	0.4873011304994187	-0.9877661613004548	0.44445058022794887	-0.3096868956934085
0.2020721095455758	-0.0938555383135631	0.8738469505429074	0.43214523889374706	-0.023017568592818366	0.07868128679353147	1.0296308179457805	1.9988308151595102	0.48172109509972233	-1.0214363124211572	0.5577948859417389	-0.20443419234245697
0.20308936596021945	-0.10103781120228483	0.8751980492823275	0.42728730928233316	-0.08653984875755916	0.12215466078093605	1.0197333531005564	1.971706328946708	0.46747058361874033	-0.9759462594374964	0.40105957770361983	-0.34234577561019663
0.21686311384400467	-0.11300585789968949	0.8737897715157834	0.42034688190663727	-0.003979426271610217	0.1310372814912862	1.0107243786012514	1.9971913825310748	0.46864171803196564	-0.9587054584602481	0.3322199647220671	-0.30694623276985145
0.22489319768421828	-0.12180608451190637	0.8592846138438864	0.44296306823753184	-0.042126122974592034	0.12330829911773622	0.9660141321510162	2.018091816992105	0.5467234403108703	-0.9960766860694298	0.4240934179590609	-0.3592103326291538
0.21931121061646236	-0.11703425741542783	0.8590158207492986	0.4475459699199289	0.026037441597686253	0.1022399632199053	0.965518242167768	2.020808865788273	0.5522871369814352	-1.004742591961865	0.3837156365884033	-0.3013183864482585
0.2157215142517776	-0.10796732975078141	0.873028583157013	0.4238258805055026	-0.047391015318578054	0.15044207575341909	1.012617917208222	1.9675559146349177	0.4801984577863645	-1.0033334702174754	0.37501393968856594	-0.33869597800617074
0.21773282660566462	-0.11447444629991034	0.8686074184660139	0.43012692306857936	0.12239270596035375	0.12029560883815571	1.0050393431947724	2.0005521885690105	0.5083985005194321	-1.0029985079138568	0.317198499049063	-0.314870121813514
0.20899665046880642	-0.11470878952542975	0.8619897512175526	0.4473655803639033	-0.06494059959134865	0.11727553606431368	1.0039086732933373	2.0244754916300334	0.5428308495224813	-0.9958366613650039	0.43513947071454173	-0.32198487446442553
0.22567181825676394	-0.10090968631873234	0.8681905872629458	0.4302726691759102	-0.006319269695145953	0.1766437760401072	0.9781588549780711	2.0202274453517766	0.4848648408194187	-1.0175813892075887	0.3026355972362322	-0.3529821360485175
0.21449534593786732	-0.09911982820973482	0.8651740062235543	0.44231317545575394	-0.024158321169185853	0.1895491554412885	1.002518560607761	1.9910984761477148	0.503418081019007	-1.0246641738760367	0.3797658623062154	-0.3652451191540164
0.21106751294488557	-0.11337093169807051	0.8619551027654161	0.4468007807086208	0.039136633838483266	0.16957833644524892	1.0193196558074575	2.0205464116125222	0.5359877700882277	-1.00284388080115	0.347033901148712	-0.3667320785152641
0.20922539785244643	-0.11092619203820082	0.8641393419569389	0.4440532743890289	-0.08814269491506926	0.14338597126150662	1.025810160862467	1.9924682811171006	0.5148806678748075	-0.9875780377329259	0.44074998415609973	-0.32486300192748824
0.21203510157098807	-0.12619934212945919	0.8628819710252306	0.4410777095110175	0.29993316804535414	-0.1909362607336352	1.0337676058923593	2.026853550374768	0.5422886521828594	-0.9779195965365743	-0.3518314602344481	0.22703916333937332
0.21457457898674812	-0.1114137646710631	0.8706375078505831	0.42840991237155834	-0.003934969949774761	0.17929468510401883	1.006117133602682	2.029810745139805	0.506449240036202	-1.005280212780811	0.3237202655725731	-0.3467948615685821
0.20436518217955726	-0.08016740902686773	0.8754873586853843	0.43049964416329606	0.05033038676952022	0.13315331177127832	0.9888329246666412	1.9818051565003967	0.4574702931367956	-1.0307007237594186	0.31643300528846624	-0.3422361435935102
0.21514339908326124	-0.11641277741391949	0.8745717369541405	0.41867130306088035	0.007542424720614005	0.08050202272916455	0.988779376946182	2.028150242397105	0.4865356385061498	-0.9605078468189374	0.4110719479748551	-0.3122621542013551
0.21247308362933043	-0.10085051023877488	0.8674233667022168	0.4384758445075556	-0.02609511806970659	0.14941888304212933	0.9753242278801024	1.998041467995403	0.5008665129913566	-1.0039092624868442	0.34986698142272665	-0.33488444711108084
0.19858677853898704	-0.10952468329012172	0.8663506474958615	0.44497661817584017	0.0619944253005918	0.10645873610898791	1.0043174688097067	2.014418302807445	0.5404292142051804	-1.0045850175620485	0.372629702130955	-0.3062028539914891
0.23249767677456684	-0.1109030425083962	0.8526202771845306	0.45462512951945855	0.0007452856921849544	0.02300488210209316	0.9869257594016141	2.0014492493641893	0.5423980422407365	-1.0337103552669868	0.48547399473803027	-0.23269666303723932
0.2731540601973602	-0.619825886531081	0.7333570277664876	0.05822542064390534	-0.17705613827522448	0.3069811602927483	1.1833121383088974	2.333390925327467	1.5490865056838978	-0.22265003092069913	0.29717013062344744	-0.3617667447145944
0.2348588905909631	-0.11229786828952823	0.8668588599944315	0.4251896131576647	0.02162560486788696	0.12352159859959509	0.9615197431516116	2.0105676350783908	0.47911501007632695	-0.976891436841469	0.4193881505846482	-0.3670565406434008
0.2138077255346435	-0.10908893363491619	0.8720775583497323	0.4264581964071842	-0.003995395840441695	0.12025378478938827	0.9689813462756794	1.9562556510256386	0.48601869288732624	-0.9792656193944993	0.3896959231656294	-0.3776250186418016
0.43505509844880835	0.8454243463213108	-0.2896609092521143	-0.10991493807540699	0.30241411178522853	0.17496100503376033	0.7863095861194601	0.5116698144523723	2.6616164666707167	0.03366118440979362	0.23070394629609867	-0.642263883708877
0.20891465750762545	-0.11028204996088367	0.8674624788666814	0.4378371650435456	-0.021102794819255383	0.05992297745062983	1.014224878438929	2.0027461058620415	0.510727088472806	-0.9913641825196653	0.48364825577707166	-0.31132007815067797
0.21556769312150506	-0.09747958381401191	0.8684893695385592	0.43560821321485144	0.07198443198682698	0.12863889525030872	1.0025598687824333	2.0056871362565567	0.49349752900912586	-1.0312095021097247	0.37752524861854275	-0.3442718721972486
0.22180033731520574	-0.10795701155813853	0.8748032622240716	0.4169761940739777	0.06629431794083367	0.08544101053328142	0.989526276854662	1.9997341367763675	0.4649947451943326	-0.9841589676261017	0.4007362335100934	-0.3543633775963578
0.20215131889700835	-0.09918238841240783	0.8705667065102737	0.43750578009080665	-0.010977679263137986	0.11684339270362759	1.0293226772861626	1.9677491683316937	0.4776129826065078	-0.9798883928748247	0.39204536729088596	-0.32824664099548523
0.2208904067030742	-0.1053653439970083	0.8625103513110263	0.4429237704078125	-0.04938397070866959	0.14364302960389796	0.9832510522542378	1.9869382284504178	0.4990279045255826	-0.9894547491208996	0.477438537323083	-0.36406337887555024
0.21037271994272858	-0.11006650007557611	0.8626258014699899	0.4466602857914155	-0.0362338526370295	0.13268885083782975	1.0215633727412476	1.987237358689003	0.5427519704011786	-1.0396551309034485	0.4150470661989998	-0.30099082732160226
0.21894154485999945	-0.1159069604325662	0.8570540928494379	0.45176150609323457	-0.011555182863640255	0.1474796275204501	0.9900782616067879	1.9869986995445237	0.55455573931648	-1.0221024685530982	0.40834875500497403	-0.3663735289863917
0.20243372261942716	-0.08445801773690162	0.8667832246836824	0.4478551915444889	0.04557044473256733	0.14010050162479937	1.0131718426999434	1.985634410497122	0.492468136639799	-1.036630879369089	0.31317601379014254	-0.35631899772585524
0.22547994945279112	-0.10056711839622871	0.871816490209647	0.4230615256564677	0.03941356086890101	0.1127642421289848	0.9603863073556738	1.9709190711966316	0.4459292944565566	-0.9622872611693124	0.33189040936817055	-0.3585725879691391
0.22494383136107832	-0.1128870837256077	0.8645950681113752	0.43489325961437136	-0.0051608479994012	0.1017500864215604	0.9788140990623433	2.015300561910658	0.4991544206226943	-0.9755111887482704	0.4135726325025861	-0.38332954731029295
0.21359407007399045	-0.1308142094155561	0.8634997554604005	0.43775950950726233	-0.10617089078762394	0.14994315154692145	1.0203316885360634	2.046128699699424	0.5458138142552805	-0.9630497475134213	0.5244803667405421	-0.2891877506966444
0.20855941533306518	-0.10771504956871761	0.8629410787195493	0.4474741702385504	0.01993501452541536	0.11703002218418042	1.0254205568639447	1.9842617810353038	0.5231949540640614	-1.0092485863674103	0.484681585198161	-0.3261265760458743
0.21633604031982284	-0.10481409849582556	0.8726009776390675	0.42518261516504985	0.1625893407828288	0.15322087132791995	0.9860500540189032	1.9964444177893241	0.4859806632599001	-1.006931678295603	0.12274827207746679	-0.3754092238636258
0.21414180035732633	-0.10229700323657759	0.8689866810031448	0.43421280578499444	-0.0469299575843494	0.10186649383546666	0.9897770013900817	1.9959607227693255	0.4854050693033482	-0.9893360188954525	0.4807671993846989	-0.2960534988197098
0.20101896591042284	-0.09120197073391978	0.8668499678750196	0.44703994125092583	-0.02032560198330909	0.12235284522445859	1.0091664605319381	1.9938732991198584	0.4988248738178417	-1.0142779381851406	0.3859399640359329	-0.3574892657648147
0.217507619899704	-0.10525805290842585	0.8671444014261129	0.43551321984394625	-0.06392673781289485	0.11340690809660599	1.0024407458554558	1.9900468814684014	0.4900402430656188	-0.9953904365631728	0.4373324797855765	-0.3270927437120434
0.21850251740096965	-0.10176469556937615	0.8623698683355995	0.4452177072084533	-0.007171668571769235	0.10202583146665144	1.0119633263406744	1.9969754215621889	0.5084409701377383	-1.0250246195812913	0.4429832448405983	-0.3153658134150446
0.23146298563294687	-0.09818091680017893	0.8636604647573111	0.4368935745388621	-0.0014779911705855165	0.07437974379156637	0.9860657544258303	1.991314742877114	0.4764155752936434	-1.0167004953116752	0.4395558655453384	-0.3565618996904046
0.23341410366245713	-0.1175659299439866	0.8667752531728874	0.4247314078508139	0.019217892106768972	0.1570907686407483	0.999777090480364	1.9870968036266554	0.4799047289905302	-0.9787755864414316	0.3689762904650782	-0.33804707705756426
0.16075319566437374	-0.13650086231126096	0.874843899519745	0.43608952767185344	-0.002634159560265669	0.11359682557893064	1.1849449824421805	2.0864829633371147	0.5796615887695896	-0.9465725440496882	0.30753966450663417	-0.2780305591278523
0.2106865589843564	-0.12989778289449483	0.86474031282988	0.436991912086834	0.0577510426821013	0.10633314850799147	0.9925314635087532	2.0459715929688205	0.5534076354176403	-0.9654635361495172	0.36085951130723415	-0.2950683465615671
0.21536170904124494	-0.12191695424895405	0.8602024446736135	0.44587817251243794	-0.04655895378288925	0.1402770747519824	0.9893529383553011	1.9849569674410137	0.547580165248376	-0.9915233710002447	0.3990049050286253	-0.34660629257129477
0.7904216903019164	0.3469973373220176	-0.1903889421983933	-0.4675237427984465	0.9172153322734348	-0.6220344166171522	0.3094876000354608	1.3144791537880738	2.4168311768363844	0.5146445517549346	-6.742144661227481	4.75825978841469
0.20489998053124983	-0.11756716456951966	0.8647676820762857	0.443137468320819	-0.039037125584560364	0.1677270679004984	1.03568454609045	2.0227873219406174	0.547205670074662	-1.0100796802136642	0.39776902103807327	-0.3327058211307216
0.20554302916264397	-0.10854324007011552	0.8698135397940474	0.4351951679289129	0.010504497466237701	0.09650126854025763	1.0134175783727943	1.9862898092950672	0.5086042278467551	-0.9997662269424636	0.41752490586269975	-0.3051405987749291
