0.20759393479861968	-0.10901072207470139	0.8672976350675691	0.43910845233698287	0.14680108717218013	0.24304979853466768	0.6505481538884	1.8681442429379254	0.5607403987659808	-0.9513160534548634	1.6884184309240016	-1.6707347949095233
0.22677905912938595	-0.09438923951691836	0.8652217234860904	0.437096441316522	0.16572185279002374	0.24825919943125038	1.1716408354326364	2.020402885758935	0.3775985788994444	-0.9190324368776756	2.139711509808001	-3.2078034037565923
0.2315989875745215	-0.1132451101364751	0.8688281646251184	0.4226997449003046	0.13418956591676331	0.22826922526045781	0.9476862242142808	2.14731364750215	0.494123318100566	-0.9595904895018704	1.5493655905776447	-2.2132753768040625
0.21278406173131786	-0.09872740056134773	0.8779605373328075	0.4173261773934263	0.14334835432320966	0.24814402944648836	0.8513600135129862	1.8954460972317149	0.4097340947898656	-0.8476672702917254	1.3038968218453497	-2.896092591486658
0.2014854881138764	-0.09798097500964742	0.8739473001609575	0.43129971383835275	0.12243066143812391	0.2414254954874344	1.0071289301733892	2.0386672586142955	0.49282528851062796	-1.0059700361355641	1.7420455651768332	-3.756126677140697
0.21448460567549524	-0.10657789743839627	0.8706945445979274	0.42956782434587204	0.10391038200410603	0.2324863307303362	1.0175741211078835	1.9023169254988288	0.4403811956056486	-0.9287160906316092	0.9015727895304657	-2.735909431942368
0.22830282411621558	-0.1128603252444107	0.8704277047400144	0.4213027157606709	0.1175395701372479	0.2541491935954135	0.8450469702672615	1.9993289110292354	0.6031521082212129	-1.1684757429887895	1.4004319529024638	-2.9477654117474903
0.2223918836346776	-0.10492661240883183	0.8690425816770995	0.4292985526807991	0.08686440916792597	0.2243651725204602	1.0690825437113831	2.15354672115408	0.5227094681980218	-1.0856027846860217	0.9679928076970804	-1.7291162030346283
0.21685945229323264	-0.09372639708416587	0.872177367774577	0.4283619726148791	0.10620929935746488	0.23947341527058294	1.2673890044181924	1.9455621571376123	0.4164567887773659	-1.063864135965684	0.8835093640041963	-3.115016533882438
0.21360280463541514	-0.13142038266511427	0.8701317837702813	0.4242324878469211	0.14949041789058606	0.24256928951640147	1.0527379677969424	1.9087352075335249	0.5615263128170697	-1.0904939544837011	1.4739744483030854	-3.1504271400966757
0.23427366196120314	-0.10187620103213539	0.8651005033203728	0.4316690979551184	0.0790651408489474	0.2724447097121003	1.0678462896148924	2.2473036811285128	0.5215716159745118	-1.094434067242748	1.4353680769635366	-2.53549185931998
0.21206755343211822	-0.10553504024419284	0.8720091847824961	0.42835696529523015	0.12108678264710852	0.2536140836545962	0.9706893121078624	1.8801109238186846	0.5587439833240926	-1.1547939009519892	1.786458399183462	-2.850607891401186
0.2087670882168451	-0.10030311191204835	0.8756281384024296	0.4238289181451813	0.11353676603415715	0.24218590347695004	0.8240365910424469	1.9743722406328952	0.5634021558703094	-1.1026308040745272	1.280876216034557	-2.6793929865843857
0.21431011171404654	-0.1075408339957274	0.8648763574190985	0.44101590835035426	0.07489514107811851	0.2673948589280738	1.0952362446103925	1.9753434795434872	0.46402118263628417	-0.9605346630372378	1.349769011061527	-2.8006064016511374
0.2187132742965011	-0.11196151075282106	0.8670165831319592	0.43348744887324253	0.09382953064706855	0.20868859140255883	1.0051516933514946	2.076633854716481	0.5168751789943894	-1.0045880384597718	1.2167603132062446	-1.1256175733024925
0.2142608372578692	-0.11699158130856455	0.8663741237975379	0.4356617278744219	0.15913601155914078	0.2345723732593449	0.7761242606296386	2.0759409119447874	0.6448933577290934	-1.1066942786203566	0.5852433015504263	-1.0481662056623116
0.20543150000999827	-0.11163548583107231	0.8674203861760671	0.43922350888023415	0.14426951115417339	0.2549707150275614	0.9670568407720352	2.103409417595499	0.6623271374158022	-1.2257196065038187	1.2870121971721888	-1.9111160798935594
0.21769787394568763	-0.11553222099580096	0.8674904227045925	0.4321114533394274	0.14721022569247144	0.26707110250192945	1.2610619961876346	1.936904699810527	0.40135682264213884	-0.9232081452681987	1.2681028744033276	-2.642946147888653
0.21757020029186305	-0.12183163590444757	0.8620810306329223	0.441176333296204	0.14112891620141646	0.24541251613792212	0.9222353367688261	1.9320819827516473	0.5985920333187742	-1.0909403314838508	1.8959094154446625	-2.5775352557588467
0.2220960023090517	-0.11341700691157194	0.866200545637614	0.43302028017017613	0.09726501643552883	0.23750502282567065	1.1125419306698994	1.9406214050588093	0.48506359678835065	-1.032639847547005	0.819750921586539	-1.8043731812290666
0.2229012725208173	-0.11433466782657344	0.8687162890593313	0.4272875092540991	0.13280788869673044	0.23764364952967612	0.8509881600814215	2.227681920543313	0.5428283927394048	-0.9514645982046849	1.0296256311078331	-1.1676893763926224
0.20930323939188658	-0.11374722423956042	0.8669580858405614	0.4377640921244314	0.13147187359405746	0.2483866440363538	1.023386821248456	2.037576922295376	0.4761000288774554	-0.9027424463687778	1.661282583418351	-3.1390574047865094
0.21104288899921111	-0.08797364932026454	0.872977871089072	0.43084936186204753	0.1337370509418259	0.26954943070072757	0.6738754935863908	2.402939601369697	0.41133456326684625	-0.6728737748541364	1.8382331562891032	-1.6608757946373032
0.22589970041284235	-0.12338385569903176	0.8655446072407629	0.42962574688054045	0.10405040931576166	0.24584871390742538	1.2379779970377116	1.920268130768857	0.3995547097086775	-0.9044178562517831	1.0347312800178736	-3.130348828763974
0.21397048981345312	-0.10149957182527031	0.8677812111079198	0.43688698316194974	0.139810657429864	0.24431232577299314	0.812452802612823	2.0696405424585556	0.6109344038017288	-1.1305685706114936	0.9707140950801701	-1.8503735058795632
0.21220203936691137	-0.10758764503719236	0.8677526496941945	0.43634909427267005	0.13070454953718877	0.25404864497670304	0.9729017761123809	2.0728087573980036	0.6357765677535616	-1.2264032089890098	2.037487744238471	-4.629132776259492
0.22042347789274366	-0.11678938769653585	0.8654835493568518	0.43440989296723087	0.15048235395708376	0.2591169037721751	1.0554592963910006	1.9833868145049895	0.5256892827573763	-1.0496650995639751	1.9190630956317536	-2.7793660984717232
0.22273131872396354	-0.1036723373242022	0.8668673605385345	0.433801550672857	0.1261023172689643	0.2551270223440196	0.9592243853082723	1.9241690727646326	0.4381482266641799	-0.908209302786872	0.8608675532923105	-2.187541078023171
0.2291491958889452	-0.11534005879394453	0.8598818431773781	0.4413508045021943	0.09276245526948042	0.2670833174789475	1.093916405131648	1.9738975294253314	0.5683525618674291	-1.1594329290026448	0.9326471135412916	-0.9861910006081711
0.2241745471005189	-0.1140937961868127	0.8642123150407413	0.4357355306098893	0.13203925519162052	0.2272386511876159	0.9859158965272771	2.309900515440695	0.5712997504276366	-1.0354817983982996	1.8333922707243138	-3.7502927474971472
0.21585248645124586	-0.11030857408153706	0.8682645686116232	0.43284681062771474	0.08474689298836974	0.24010193550182599	0.8883471194086742	1.551982558809486	0.4594842675068663	-0.9691855189986944	1.2035588465570668	-3.193505074709653
0.21856671246219703	-0.11999809380106523	0.8706764655194681	0.42397115712994504	0.1284648348834956	0.23927827212008068	1.2362579892871775	2.144954847963217	0.5257245875410074	-1.1098641245572904	0.7259051432045419	-1.6719994492843415
0.23760931374117197	-0.10135624636843625	0.8683776077152272	0.42330728290962494	0.07826270956162798	0.24846030269680663	0.9188031026865928	1.7987259224638865	0.5157253683723547	-1.1430193812059175	0.9249156001496802	-2.0888978753630374
0.21653963448535543	-0.10953625265915959	0.864484676556044	0.4402029532501222	0.1352769383354381	0.23858556090430785	0.9680271756224095	2.005415592330665	0.5306273609744677	-1.0192338806093484	1.415578469766295	-2.466039041377397
0.2084591028498102	-0.0893563735861462	0.8701191515593477	0.4375533144980465	0.1183621416984479	0.19950583189689142	1.099712180027541	2.0603690232342564	0.44036931928514195	-0.9788788578521287	1.3748834218918449	-3.1400903951098615
0.22308338163065955	-0.1080278057792096	0.8597729681578589	0.44649103153790715	0.11640708288776148	0.24873264139623677	1.0362041914544529	1.9213530168638793	0.3771145030439024	-0.779037462342295	1.2302667506007456	-2.530098745613868
0.23145326208582298	-0.1018281996273218	0.869391396484841	0.4245220900596666	0.14474484180285926	0.27651871759576613	1.1244831469013365	2.1685664007345915	0.6462166276404606	-1.4163203059781855	2.3665489847224666	-3.0905933467979847
0.23118821019878757	-0.11138055781339347	0.8679526778266122	0.42521116149493476	0.14624264744458984	0.2548121465713769	1.1137363518748105	2.2709771284542923	0.5054186573865731	-1.0423514990023472	1.1186898204780247	-3.0721249377160547
0.21342086057659893	-0.10537521083369102	0.8689230742655791	0.433958860056289	0.13070641412040498	0.22998638257059512	0.8516561987036904	1.8285479343222237	0.4524539565661978	-0.8807868506189007	1.032802863179865	-2.0726303481400596
0.21765017066916184	-0.10354364753157005	0.8672330560650245	0.43567641975629207	0.12245249256988266	0.23668091364620267	1.020932145070948	1.9299015742664378	0.43623117076090673	-0.9196988417087186	0.9052896660138479	-1.142000155621671
0.2145765577309298	-0.11259834247606067	0.8670533406103966	0.4353125528632734	0.10889510084091795	0.24279002139500516	0.8584832672492496	1.9474147692085408	0.5343605921294832	-0.9837847379066772	0.5333699773135939	-2.0502064517331546
0.21597680589382337	-0.11490502345106525	0.8696188582883725	0.4288518347994322	0.12201665250906453	0.252102606436908	1.1431552969487748	2.225230365585636	0.44630676107750655	-0.8845051543873359	1.1689511244215545	-2.0988469841812853
0.21022247724893345	-0.12215798481048235	0.8723031291960708	0.4242301116152727	0.12975603622773568	0.263640405174263	1.0361630088468596	2.1085525242341303	0.4723184016419423	-0.8774790776585444	0.8092275719804171	-2.167149291759417
0.21553849915344472	-0.10505188620329005	0.8605460432594958	0.449408237594993	0.14274206105646	0.21439945873522617	1.090984766609121	2.204413647936396	0.5687057154522231	-1.0969288488252895	1.3275012448131591	-3.0224434629279675
0.22555661443122976	-0.10453035692735091	0.8574989222329139	0.45043669537056286	0.1309214705386568	0.278144117030301	1.1803947478584076	2.0191675488055534	0.42531827051110727	-0.9321875889138784	1.0336724257053584	-1.7810453586559192
0.2206801855385626	-0.11548049658181311	0.8723865972378873	0.4206021107645368	0.09532425994165532	0.2497430310815699	1.0973168242217375	1.8698440158308423	0.5240817580580189	-1.1493700438000929	1.477198511177676	-3.6572021296682102
0.22163390258080148	-0.11430316728083088	0.8608494634295163	0.44356668099564056	0.1377283349784657	0.2305575627664657	1.1731597412549082	2.1121812354873537	0.5602939293142135	-1.1292816088130508	2.1027260183234837	-3.259744467256582
0.21548869838656948	-0.09243595725642113	0.8665757259396245	0.4405300510589078	0.13131296195809103	0.24433496616081807	0.8669885987896027	2.0222362701771135	0.514999389099208	-1.0128363947732968	0.8809816142918949	-3.5996240829268644
0.21851299448874908	-0.11693259419947687	0.8623835555235301	0.4414447222653535	0.11213881662137894	0.2510158198381516	1.1508875294040664	2.0008493247110666	0.42666417068451507	-0.8731954949657521	0.9786177568551429	-1.0452145248925941
0.23024869746847926	-0.1008182529608848	0.8604686302293616	0.44318726693711513	0.15668096690104177	0.23905170532333977	0.9984494022525835	2.1623859645484336	0.5434007974908982	-1.0818520179518072	1.9155940774284612	-3.3825924224491573
0.2006271742032823	-0.10424450364875176	0.8786415534911274	0.4205601513564137	0.14446277559547616	0.2007690084888809	1.0213798459086991	2.110793091222229	0.6236515445856408	-1.266986742387457	1.2814615442405604	-1.920763418786975
0.22073878846549574	-0.12526513460399333	0.867665784873736	0.4274799633653865	0.13059698118447555	0.2654299120352394	1.0951004514542844	2.055039208342814	0.5536200526772831	-1.0869832534896955	0.46704644564355174	-0.5254833058524285
0.21897673712580001	-0.11442476915066463	0.8678145323155473	0.43110798914483517	0.18014043941094648	0.25013685853124507	1.091452322861226	2.2000047461893173	0.4609689310197388	-0.8983901486692704	1.315407738007034	-2.4868589956058345
0.20831336839725004	-0.11911360854417957	0.867648369347892	0.43543517999183207	0.09719652081047948	0.2851172097188671	1.267636026083038	2.1327695644758604	0.43842333743291934	-0.8966224210276255	1.1557374988025881	-1.4510917038631412
0.2074251750414951	-0.10845199978455168	0.8684592756030679	0.43702568244982026	0.11351492337567091	0.2377679904192458	0.7809396448830046	2.1445791478874807	0.5521356825675366	-0.9356658351908476	1.0571623672629078	-1.1224424976896679
0.22164531751676234	-0.11673037060424431	0.8617703202074334	0.4411340941381284	0.09476513353338478	0.23544646599449648	1.0530408424603463	2.2963917527985958	0.44611458274549354	-0.792936259061388	0.8336797550849915	-1.9350121921885834
0.22308658971338763	-0.11969516591016234	0.8665652237161122	0.4300815664424992	0.13469325690833397	0.23698074698559582	1.1681447717279672	1.8769621212055785	0.48678550162426565	-1.0643690958782754	1.0881314516352767	-2.5752210863009144
0.21911067053908406	-0.10782274837904074	0.8680106282256272	0.4323451379109689	0.07106265163819532	0.26529846139784763	1.0409516024682335	1.8586459052657869	0.5308202737161741	-1.129738466516996	1.0250550740981994	-1.9174222360890563
0.20450256338052578	-0.1132603504751666	0.8712606987090381	0.43157338827373865	0.11875283284927877	0.234325222729609	1.0208103526888666	1.7559307988650739	0.5843482014802096	-1.2025778988543179	1.1759498039306464	-2.852373634773292
0.21548395217819624	-0.10203748101811397	0.8686511804705151	0.4342811825169533	0.1357412705763413	0.24394255481921132	1.1118498736348856	1.8745958215729857	0.40281122328260566	-0.9169386795499613	0.7702586019600374	-0.7082947676794058
0.22369245961201822	-0.10534102957351525	0.867413535324193	0.43180864944730124	0.14733317220268793	0.24496964831740906	0.8657779142165726	2.1617036334764883	0.5068773971725551	-0.9393610348060452	1.463377177281453	-2.2593105014446304
0.21741928050720927	-0.11005379346747181	0.8664109307022129	0.43583152498055	0.09612304102663095	0.2539216124858422	1.0935236439150318	1.949571244755516	0.47914591583683724	-1.0057387924361392	0.9883028108168013	-2.291274863877456
0.21931406762374855	-0.09271894764649671	0.8692924131421949	0.4331688319155382	0.12680307231888902	0.23058542911760418	1.1290599920217164	1.9550390226197905	0.5110037275602194	-1.1786656945147176	1.1870901238215528	-2.1804147797240288
0.2226719552971958	-0.10165988615871664	0.8728793658798287	0.42209487143478586	0.14026765184595977	0.24547646595230224	1.2830264738953263	2.00195853538773	0.3903724586440899	-1.0019624250798222	1.2892686137285765	-1.783446260257982
0.22781928419780734	-0.1065942299959245	0.8627262818273141	0.4386791612597893	0.1499681107836988	0.2414726467717617	0.8995159670532381	1.762464697872516	0.4816039910456078	-0.9860302815379431	0.9214771725485901	-0.9410033846279037
0.2046342032033289	-0.11232526657079688	0.865368074796707	0.4434478238663251	0.1461520245718221	0.2203668350711275	0.9383741846583324	2.1491020264348397	0.4482221854933333	-0.7633415863160844	0.4986791693985893	-0.5091192826404126
0.21354849062005235	-0.08265555386856456	0.8699474456356641	0.43675684699906125	0.11326472777179607	0.22369144400025287	1.1527212850027622	2.350531566483688	0.535094891647491	-1.1845992563620469	0.335676878419866	-0.10516240590778086
0.2007686029484038	-0.12192915099741297	0.8695007131113286	0.4345040392287365	0.16058286010876807	0.27284135635692097	0.88719772835039	1.8151964118194173	0.5859495367909737	-1.0731307170075657	1.9318774255342699	-2.864630407296588
0.21684343749917445	-0.11528881907300606	0.8653752657582714	0.43682154391020417	0.1493066141556056	0.23532272944421428	0.9192152011886663	2.0696010403218703	0.518854507169162	-0.9379752140885462	1.4820831721123258	-3.352569496918953
0.21620183825612554	-0.11419678848516412	0.8660926993195929	0.4360037784465269	0.09028428532058229	0.23584687166718357	1.2628597406831832	1.9926842667476798	0.34534931305064004	-0.7903118951027978	1.5362242037045337	-2.903144699679516
0.22214208808114833	-0.11173887103108245	0.8610196365482964	0.44363555186874487	0.12752138292304743	0.2523135949372692	0.7959140860729299	1.9582328460091758	0.5708921668343928	-1.0133197253618944	1.6146506147501123	-3.7393358545783304
0.19188770057419594	-0.09761276898468521	0.875102776184246	0.4334120312290784	0.09392799152442333	0.24981140292121448	1.347789756288314	1.9358340632602282	0.5711507087604577	-1.3139407395379759	1.0158012287361127	-1.6522399607145484
0.22821584498450123	-0.12281955583091556	0.8660054234861874	0.4276300869864235	0.09076222662629473	0.25441676722216333	1.0369743224647587	2.0869283517078006	0.44606891455970754	-0.8573682452090221	1.4459764469770493	-3.3520323731919377
0.21698067568171317	-0.11066329504135984	0.8680686148806951	0.4325851377132689	0.11221826759515723	0.24040707286241866	0.9592119523481517	1.851415565768134	0.4418295506956139	-0.8941247465736702	1.723135154192397	-2.875861437117782
0.21671097706948925	-0.10309717069187987	0.8662708210396106	0.4381577232324858	0.06875155067929994	0.27069916817596607	1.0919110511101848	1.9933110989680152	0.4732288585505588	-1.006643737166164	1.0435090521627581	-1.3096361737066795
0.201888810793105	-0.10402134190409185	0.87650585032402	0.4244501888947451	0.11282849778834016	0.24075222953589068	1.0928986691339486	1.831055558283979	0.3814429431517168	-0.8587865835132368	1.855042153340717	-2.652065901957515
0.2139543793016262	-0.10533098546706618	0.8675396067737323	0.43646756781812596	0.10686253099918346	0.24959798202071382	0.6747629057551806	2.1812025531106465	0.4327201377739266	-0.6644757682030226	2.3207931031567814	-3.9397899531561253
0.22647969613894398	-0.10112483910635357	0.865200692597314	0.43578489611464716	0.12154934824161218	0.23619744256073882	1.1895812082360906	1.95246580069271	0.4315804085784109	-1.0220107970756789	0.9456111425716788	-1.9570251363493198
0.22058937778664026	-0.0938366962740628	0.8686893060442129	0.4334903579141016	0.13121733150171688	0.22412639247475022	0.7496636348293818	2.326373872755082	0.521293496217356	-0.922536509548643	0.6362035778060136	-1.1716909488766036
0.21053444555072837	-0.09718695136572889	0.8703596853694355	0.43440069268418535	0.09753248214879384	0.2477699532889566	1.027120713697439	2.030006421992486	0.5508525579863969	-1.1473140398097503	0.9480408577118177	-2.4778640317429828
0.2293617673635317	-0.09910850626099366	0.8633453020564643	0.4384125603534007	0.12926519391892133	0.26127723045189044	1.1086997960774547	1.8397308247984625	0.4067479467390866	-0.9651281417052853	1.7166965076531777	-1.9210496060919064
0.2186194021409208	-0.10919041388927506	0.8692068053774256	0.42984013308183	0.11716937609861389	0.2679534446819111	0.7993109130573963	1.870928635432521	0.5491575072646137	-1.0417567136068364	2.260459633271842	-3.699350570944795
0.2093729500681752	-0.09602783087088511	0.8757370775826913	0.4242949380147134	0.11851425218997409	0.25704052539205047	0.9414714777583579	1.890396872095895	0.4079876557643252	-0.8788176184340188	1.4284755977018981	-1.5717303756918442
0.19984355978521057	-0.10100975983908426	0.873878994033948	0.4315032836675066	0.15611838788571453	0.24139560583372002	1.073569367505855	2.0343479985907433	0.39110622446467014	-0.8130562352287716	0.9862971377690347	-1.0492612797892218
0.21507971344381122	-0.09615288226054117	0.8750858318425381	0.4227530331131544	0.12887306620139696	0.24297343456061612	0.9853793197776811	2.472305339037373	0.5668313028253297	-1.1123323143044164	1.828771699010135	-3.9778094789759106
0.20692082574840323	-0.10526663061685798	0.8649086764921435	0.44501201071294855	0.10551199424326228	0.23617056126908345	0.7810826003268665	1.8985703992834602	0.5078506085372325	-0.9011229713982	1.232840844964479	-0.9611943376067414
0.22166228478477498	-0.11079389687930849	0.8679977880057901	0.4303142850700475	0.09128957038721149	0.2594290298377759	0.8767945604367667	1.734539721330618	0.5123365968775109	-1.038503528337331	1.3277303658231432	-1.2711721123537216
0.21001077757965542	-0.10039970210871686	0.8696523917998514	0.4353390524104943	0.12407315252141154	0.23413836720484668	1.1849186435988	1.9295513657902894	0.4719024288018998	-1.069305353397952	1.1424823631958452	-1.8491367974084219
0.22009555498748107	-0.10374592030071722	0.868700292016172	0.43145629366915855	0.14357158402868708	0.2402916648640313	1.2381843988993855	2.0391286021283013	0.3947822589885652	-0.9361668345234022	1.151501611958537	-3.266492349121337
0.21944312235525457	-0.11104675556430864	0.8630404684562869	0.441219315008274	0.13698581490020859	0.236763881769863	0.8645224396439674	1.9619936615370925	0.5517714614096905	-1.0154622842783942	1.707946501934568	-2.8897277343758536
0.22168001252355624	-0.11164329544838712	0.8680978001384324	0.42988365405513435	0.10087261361445471	0.23383870517159835	0.9408107929613351	2.1408400443798707	0.5705270643328215	-1.0812734931081383	1.1266320549344508	-2.1831342310110657
0.2180751235538145	-0.1075373124899525	0.8681784369120141	0.4326027838449944	0.10406046089184473	0.23478494466854158	0.8435696667473961	2.110611663214424	0.5614934101938954	-1.027428720125735	1.5472633468653025	-2.025726991184374
0.21624943115996687	-0.10790179065457721	0.8679968686074551	0.4337912207320232	0.09824245119189046	0.234554445946103	0.7988085410866715	1.7582238396855299	0.4191449885149547	-0.799561892654885	1.9000395341252094	-3.5049726344358256
0.21910749154535758	-0.10689197018254734	0.8640358928627158	0.4404633806619161	0.10457978768490396	0.24699778539659356	0.9412453943126098	2.041927816724514	0.5726770199907817	-1.0960768850759164	0.9061961186635132	-1.9576277579965218
0.20788518641276332	-0.10056954323047027	0.8743290676091581	0.426870235291998	0.13748440692707906	0.2510725338192055	1.0410741031778539	2.015074797408529	0.47134565264732214	-0.9976800953747971	1.5679954465542618	-2.7423747829497684
0.22928080830564646	-0.09953295976759222	0.8611279229601536	0.44269877022750376	0.12221091774867443	0.2578651715508345	1.2016463667272428	2.176561275714418	0.4600671931241767	-1.0279033993626425	2.2564253107695285	-3.4832998453225485
0.21477746368982806	-0.11807740700903133	0.8701389277217233	0.42753551140025503	0.1295226090072149	0.24193711821490949	0.8790803626367296	1.8102936256860143	0.46921458428141877	-0.8966126519016159	1.0738395728625594	-2.1954979492610978
0.22529878121631236	-0.09833574709292381	0.8681847134979958	0.43107521765293305	0.13541431095754478	0.27337832949250324	1.070890812534828	2.2268238412896646	0.4715123271378376	-1.001342192203587	2.223382810069537	-3.047916831460402
0.22082552000000769	-0.096430149917011	0.8649540175675635	0.4402179725970307	0.15583753190318805	0.23386352088121062	0.47617306888257566	1.9955188288548265	0.6428191131423696	-1.0647724295166074	0.6087818248888363	-1.7682621692558753
0.2152207586236682	-0.11289549529099874	0.8681882281559521	0.4326474693002161	0.14020370805893373	0.26160361828040957	1.2218936690049265	2.095705167875152	0.4467184797344696	-0.9574005727219191	1.001258667034258	-1.4022513414059607
0.21028273467478092	-0.10064395208937278	0.8699138470757751	0.4346284218402572	0.14646001345280008	0.2495027407097691	0.9495674274323289	2.05897477832488	0.6083261373544672	-1.2002105262000236	1.5114997229126441	-2.8589938732402858
0.20729970586583268	-0.10862033590712518	0.8681001663545336	0.43775627437033204	0.09975141252233138	0.24787461841417235	0.9949023327449906	1.6954889918137326	0.4043637091900469	-0.852315779774759	1.046872330708019	-3.00762241829432
0.21593640300626407	-0.10164423347304351	0.8684861892774745	0.43447860556382334	0.09063158007413602	0.2683567091161673	1.082857630454496	2.1845435667337	0.49108900772050734	-1.008763471107145	0.7868795566383557	-1.5663965274973801
0.22221195668564878	-0.10899229017755353	0.866517462385661	0.4334628177462309	0.14531964692943772	0.2305948087634808	1.2176523933822525	1.9449097242721451	0.4561663434666343	-1.047086023631188	1.8463445171545072	-4.490390321603911
0.22987224455133548	-0.11068537264964981	0.8688920004783759	0.42418650493742166	0.1083160815934256	0.25739818038793877	1.1047892009822708	2.070252054420541	0.37030242329480645	-0.8170145975609768	1.3302796640143455	-1.7426909357414988
0.2144721684405606	-0.1188806742773438	0.8607753872418966	0.4460210835446356	0.11905503855689185	0.23743274144265772	0.9663916448649637	2.063222325134312	0.6710757874619437	-1.2098808580384168	2.192344778223439	-4.311875566744407
0.20684397476359112	-0.10331468031650938	0.8702427198399418	0.4349933970771014	0.12723794119670506	0.24222059013479377	1.0480315410614063	2.0078505958846846	0.45026519817216215	-0.922263603530329	1.7060126469209385	-3.507732100580956
0.2383708952415877	-0.09199044612452124	0.859864407014447	0.44198447447079964	0.13484740994859049	0.2401419975221439	1.0892273559619998	1.9926687727475056	0.522882929363404	-1.1899558942734578	1.2069788177254737	-1.6524967554252668
0.23330778148842735	-0.11350567479760332	0.8663806144587166	0.42669493994635754	0.13535782992734977	0.2571335114692708	1.10549583975628	2.2909607639741902	0.48629172230523215	-0.9824289352908541	0.9001803067975075	-2.0534416004402085
0.21121813338213086	-0.10863075947360669	0.8712798702813886	0.42948532672164985	0.1276690764135031	0.24051048648704976	0.8416951522740649	2.050213704061545	0.5130405037607221	-0.9361597375619659	1.2998834750069788	-2.7199062578544386
0.21961681314227358	-0.1051325702869118	0.8711084018602954	0.42648065637083865	0.13115139387752492	0.2266969973190204	1.1336374345237341	2.2772124986508	0.505478143725609	-1.0548729204758647	1.0117966703485457	-1.3909240407233627
0.22563771186329915	-0.1173988006313759	0.862097847292106	0.4382835227221369	0.11551324227315853	0.25064233568089195	1.183483235861755	1.9446287432202778	0.47183720235714516	-1.0164908799182237	2.085483712738943	-2.1153643144555123
0.21603744923218526	-0.10824903582298824	0.8693748105684951	0.43104223171475614	0.14763481604820192	0.23647808269778792	0.8382617038809247	1.9310371606431416	0.5807091245453683	-1.1064273047382212	1.7402617756468624	-3.4556061209262943
0.22144371582363942	-0.10881413817053544	0.8714484880416162	0.4239100101983955	0.10047094856787663	0.2571577698147558	1.0670396386761172	1.9590988204816604	0.4594669026613813	-0.9990641886685894	1.4955965101455764	-2.2601205875820862
0.20565496338462733	-0.11198756545377972	0.8730789444253222	0.42766573164115934	0.08848980548471823	0.24130333135399204	0.898446934438981	2.133699540718384	0.4538069932336439	-0.7997638336438574	1.5056774977137746	-2.2377029188474373
0.2137402363387332	-0.10377802237180642	0.8703321469387297	0.43135505960575077	0.10820645905821062	0.25260811473372174	0.6637317965321713	1.7750443765976833	0.46194115376204054	-0.8338787829975635	1.2953241871593242	-2.597902568410918
0.22346517086048326	-0.11226736919068966	0.8735081915500428	0.4176634943615136	0.10958094739572828	0.2538649643004434	1.1148548292566052	1.8120025577124887	0.4152210799208824	-0.9778242171314339	0.5503977602500448	-0.4262968691366605
0.21665306206163118	-0.10785758919390454	0.8671242716345544	0.43534318496427793	0.11142817525073136	0.2675015398427057	0.6954306927233868	1.8169887667489086	0.5124278751252724	-0.9165867821548795	1.168748006523083	-3.092352983546006
0.21916714385981942	-0.11132391621704041	0.8662670307334164	0.4349185903071293	0.14044191171657985	0.25279817475522726	0.9385927517338462	1.9075505658056313	0.5046850260463972	-0.9899431798082267	1.595381821989495	-2.4741414435128544
0.2230694359186245	-0.09620776360072962	0.8708727665776055	0.4272759265572541	0.10766192839310829	0.23998701362151695	0.7835238001184586	2.164979385999719	0.548560514399313	-1.0396532365910576	0.9002299271545712	-2.6055501515797035
0.2054272576781123	-0.11098529254935563	0.8692422400793097	0.43577498173081025	0.14509061978572	0.2571245348197965	1.2189289335672229	2.055486132349928	0.4389880691828963	-0.9267614891928945	1.3051632671614695	-0.8880237952032232
0.20709334351575903	-0.10384134115235569	0.874786411541671	0.4255326745635286	0.09618553757674651	0.2508340351059369	1.0500958642168785	2.1845181919559455	0.5266616365530752	-1.0606494749391235	0.864647631430433	-0.8351619638462129
0.2192777513646409	-0.1136779929440987	0.8681159391359006	0.43054534940568295	0.12264556216906143	0.24640239788771576	1.1114312360039318	2.0716474680247217	0.5648869083198091	-1.1580632460308171	1.0177254648313416	-1.9150737582041384
0.21298184326914196	-0.1051424458481987	0.8645648938358331	0.4428446057765316	0.1108948348389303	0.2345243200719671	1.1074697283754968	2.1410987346149426	0.6209760194800924	-1.2366068042094152	1.3362509286566684	-3.037628027427365
0.2115743491621741	-0.10937055466374614	0.8685284633602233	0.43466387575030485	0.1434868977239645	0.27512232745558496	0.9644981559567559	1.9797524901553225	0.4546846800227589	-0.8798592417253122	1.4970332007921137	-2.368725127731961
0.22142649500684625	-0.10470832893293767	0.8628021374927667	0.44224308326865647	0.13688114266092816	0.25451733404433513	0.9898042427330815	1.95230410612038	0.3896872470209086	-0.7936118995457913	1.2424671670281333	-2.421025144644105
0.23166576318476595	-0.12092112151787748	0.8622969950474089	0.4337660070488323	0.11007583479941596	0.2578566677542307	1.1215825162500197	2.093877517062464	0.4420847610868806	-0.894137868473624	2.1319458130471154	-4.308013413034041
0.21314949944759543	-0.11182704873642935	0.8647386975419029	0.4407822444582736	0.15374976445735888	0.2300288487394777	1.3072824671994536	1.8051076421090144	0.4472312565711134	-1.051596164288708	1.5544772758677199	-3.6848270882074723
0.2169458411522764	-0.12741201108091363	0.8656906359030986	0.4327590603889618	0.15948933289175696	0.2598074362393255	0.868607045832326	2.124659867019436	0.5904604376136949	-0.9910585603845525	2.2163755704223846	-4.2286733339478975
0.206651476696698	-0.10796949651608012	0.8700029647678789	0.4344336500505448	0.14810737958180195	0.23957298607986202	1.0368501851704026	1.888387032472267	0.3981053252359111	-0.821140899096564	0.5902644258521006	-0.8294654557665365
0.21123760359403204	-0.07903637302825803	0.8731191627813404	0.43219770262045554	0.09422501225902613	0.2464502038874976	1.1521167706282789	2.1272099423383657	0.40534833400514086	-0.9929734068350549	0.8910311264902401	-1.770638137413919
0.22154926452956966	-0.11718270804982392	0.8658607771924741	0.43297719436496995	0.10370806985333843	0.2584332583245737	0.9196296774236024	1.9045583552544945	0.48715217991278553	-0.9293051535094211	1.7537494610634523	-3.0816927807621854
0.21906008027634968	-0.11672828742868765	0.8588692806245	0.4480298505042257	0.10921295449701816	0.2327479149487197	0.9224383974003424	2.2237778821167367	0.5004566384179913	-0.8310126617367644	1.8526148571693077	-2.8063606227922935
0.22627299870024054	-0.11296083525579938	0.8659313554973818	0.4315127661193583	0.114620515933484	0.25584073792560386	1.1257279216967193	1.924896381283693	0.5053002236860964	-1.1004060006199756	1.3240215668580375	-1.881877060924018
0.20775876300910234	-0.103041910950454	0.8742791032121106	0.4264442644323337	0.13954186467387672	0.2461386333418499	0.9389391647267455	1.785759634845981	0.5100270335926133	-1.0715837209894201	1.6415808407843488	-4.309142776692441
0.24041963200027133	-0.11117318662724161	0.8582435962237075	0.43960988690542013	0.10791774527926011	0.263938781572392	1.3612944568065741	1.880402733325668	0.47879803570741936	-1.2036965321648554	1.1813132886478455	-2.3174509768288405
0.2099562641982679	-0.10639476130277462	0.8634481685021234	0.44615667898347255	0.13827665240963674	0.26162470492576123	1.1990506139600678	1.9432195405465786	0.4493910932612147	-0.9705687376921651	0.8521842153595975	-0.21751114788033776
0.21947837720253394	-0.12485638075842609	0.8616483056908185	0.4402298529456979	0.0971204353866532	0.2676108376757976	0.7535305725807927	1.615497260885468	0.3880587996062933	-0.6770298091282729	2.435399709376604	-2.978447003636319
0.2271271693293766	-0.1119404015729788	0.8669659419135873	0.4292466086179263	0.12021695803208093	0.26163300593496536	1.0440019897854145	2.319128173377257	0.5553505909479771	-1.0692853866416105	1.4221279409116327	-2.3065627375331155
0.22242972521536442	-0.10957460079327226	0.8672547635005052	0.4317263014773309	0.12799851453723893	0.2617408674463278	1.019269052813318	2.1436368950542186	0.567733912172789	-1.1215381513524687	1.828038558988257	-4.098799519778347
0.20409306144599482	-0.11345404765655356	0.8693943107998955	0.4354626662398517	0.10895518979513076	0.23998288449758653	0.750305977221492	2.0856562100252543	0.5679375153002186	-0.9421421889031361	1.5111105529647737	-2.8758335229558774
0.2291720068748013	-0.08602523964013092	0.8680490887759702	0.4319382234591444	0.10226725864905227	0.26243282807974394	0.9703615024604505	2.0234500874755783	0.397181092721617	-0.9100481932486405	1.530968459287351	-2.6590278562821834
0.21498497980931144	-0.10753901141816222	0.8662738637909566	0.43793425578764816	0.11379781038055374	0.263137041327876	1.0176309685333962	2.0339737534983264	0.5791373156083548	-1.1456865041921824	0.8647962100584277	-0.9644458561746309
0.21635215012688977	-0.11421002277015267	0.8679488729245547	0.4322181993198668	0.10411831058134592	0.244814590071624	1.0329198230341041	2.1861266153616925	0.49364647986296895	-0.930679829207661	0.8738334443347892	-2.2254835717809267
0.23311526635755753	-0.10928570188134254	0.8668250274624005	0.4269991565801457	0.10106572673536762	0.22396412045703454	1.1553442102402687	1.869776402456281	0.5403875555279236	-1.2492062249821545	0.7673409693345524	-1.0029062134694309
0.21547700020935656	-0.10432586359657191	0.8611164109836013	0.4485134371457872	0.15574889115287005	0.271795617820755	0.8812816494211968	2.203255009128594	0.41808442742875185	-0.7135991471701815	2.299490490829315	-2.7900801548375864
0.22073662480030712	-0.10526561308812954	0.8732038742975663	0.4215560307772487	0.11164301547501591	0.24795857011582512	0.8847489693059415	1.9326667585095307	0.47876914563513595	-0.9723884679280677	0.5543431247068167	-2.566930202341968
0.21904094951251363	-0.11407437185397179	0.8622588322161657	0.44217395489557315	0.129145386088112	0.2212930077465228	0.7545835288638061	1.9889098810096515	0.4687023617312188	-0.7746810832915612	1.4127117120771242	-2.826898999754817
0.20915342949168977	-0.11912777677775768	0.8724766420023187	0.42526218370813496	0.10236793101599694	0.27093829218635584	0.9955431084313289	2.410157037207287	0.5854353151616138	-1.0155693598790354	1.5623737319378417	-4.0410877120095074
0.22702275164558294	-0.09989481081333008	0.867013859627684	0.43216740300645484	0.10470861060994101	0.23390411995474	1.4749593677768462	2.108309184179635	0.43021956067355155	-1.150587724747888	1.3241377220936954	-2.737583655538017
0.2065182502090905	-0.11176315689736242	0.8689759917927247	0.4355914769353982	0.12794444460266988	0.2335749383850387	0.965349579795723	1.7400618304649806	0.48555949748389543	-0.9798792473937028	1.768179149950588	-2.967049397091559
0.20584847032632483	-0.11374625593788171	0.8670264189607265	0.4392645960563688	0.12484299994503834	0.268618124059193	1.1424719970414634	1.9374943198341426	0.37984368039881256	-0.7834182341808511	2.180944762402518	-2.848063294333835
0.20603373551545223	-0.10812961611185655	0.871482839087814	0.431712574665708	0.13191207244954672	0.2597637727633149	0.7162997778908311	2.229613237669079	0.6812516841250212	-1.1586270048367562	1.7153731170747675	-2.348145808479217
0.2281781468438844	-0.09771463943784482	0.8746718126528907	0.4163361654876127	0.11995957220390835	0.2458746598025389	1.0436850842461984	2.0954047479167643	0.4533876680844738	-1.0327227325236352	1.056299885782807	-3.597161939469698
0.22212644024227246	-0.10133930636853866	0.8662553590411048	0.43588053691648854	0.09645883500224768	0.2565774283333913	0.6369691713795248	2.2178311259154104	0.5232960172691328	-0.8489532672915162	1.3362232169946313	-2.445639813140168
0.21418309305413905	-0.10266838421300371	0.8672277511627082	0.43760808167368775	0.13939509142853126	0.2298524803237567	0.9261665108910262	2.060755588995544	0.4282719582525906	-0.8185499849023736	1.5944376303640624	-4.421806422404308
0.22022760427270768	-0.10517820944524299	0.865990726233532	0.43646008826892285	0.0969753008959338	0.25413045940858625	0.7363198409012041	2.226126670143456	0.543727635083261	-0.9139003489120151	0.7753615752720262	-1.9495029291902946
0.2261576143594024	-0.11705385317055521	0.866722837185214	0.4288853604715401	0.11163848635832885	0.24348603952467726	1.189459106739647	2.0151683942160203	0.34670938303516097	-0.7778837412495623	1.5951558389355756	-2.247185936906367
0.22002926061236047	-0.10698349504786109	0.8647438655410055	0.4385883072665318	0.07243725280973969	0.2482659011140089	1.1037081823424033	1.9372781590630985	0.40123534211872736	-0.8722464811609525	0.6647658184905045	0.2932169130307929
0.21385097031666953	-0.10395932500483203	0.8703203913397705	0.4312802310068796	0.12288934666447286	0.2631221149580463	0.9116578050890191	2.2308165620334295	0.3616217136109984	-0.6440626153321367	1.5488460760882568	-2.56679805567181
0.2137165732027536	-0.11308914084184923	0.8741610297353384	0.4211633491344865	0.14813530377707976	0.222280943856488	1.1030756031749607	2.051879951411195	0.5510983165366998	-1.1526379727608356	0.5566456278376916	-2.3901339475807544
0.21879010846933905	-0.097250433198459	0.8720353290119495	0.4268812793197987	0.09447108206576395	0.21913339411782395	0.6383875528851252	1.8758281221829216	0.3650464200540499	-0.6455686225187851	0.953721744584357	-1.8780439098717487
0.22655599580398114	-0.10217761792064546	0.8656551444925891	0.43459554297627556	0.10633082054554123	0.2320289220502421	1.2504578154891415	1.5539823911226887	0.35368853787862725	-0.9910106210400647	0.9914881036073515	-0.800721154839047
0.22625777437903066	-0.11253621739021033	0.8713365202343616	0.4206134660402884	0.15556602725789873	0.2431658153678772	1.1331215053259862	1.9202868041096322	0.5381714159384116	-1.2106225468821328	1.7111769641204002	-2.9576752052217468
0.21404830902788888	-0.10520592605528571	0.8614552260653043	0.44834130749901535	0.10319037751848142	0.2558939939786366	0.8093396945841713	2.0614124176295143	0.3807074327684275	-0.6341762257478426	1.182829309113418	-2.081394480901786
0.22129964690324067	-0.10325355211395973	0.864917509496338	0.4385007092616874	0.15564679554181196	0.24732615121364177	1.0415546341782056	2.1000822140937596	0.49420632951995197	-1.005933223884534	1.5933421725138872	-3.199477075694358
0.21620772341850905	-0.09389344385243167	0.8638880231451704	0.4451243927286453	0.13204257235677602	0.25465283620142143	1.112415780864232	2.1667645123732426	0.6309864968379839	-1.3078806470421447	1.3482352073890524	-1.8509891258598319
0.21333067842723752	-0.11756301976851143	0.8681406105979556	0.43243593543470926	0.13483048528112387	0.2738089378128268	0.8294216463927998	1.920259077215994	0.6042563912549198	-1.1002072218056929	1.4882248623383878	-2.0637924336886884
0.21554440069991976	-0.09688275684634168	0.8688060607797926	0.4351210998159758	0.1085354090165625	0.2400303557966322	0.866727479577039	1.9987932504759776	0.4859326754597928	-0.9545639327297217	2.3172750906764206	-5.01238711195414
0.21490499090930373	-0.11467877271010414	0.8689404227064248	0.4308215010404613	0.09869802309640245	0.25337514460464244	1.333274190006042	2.1187207092211757	0.5528593381877009	-1.216180744903673	1.0860758424609012	-1.7646596540625386
0.2093696707175465	-0.10734505278935358	0.8688459578345067	0.4356008289476911	0.10946834525573901	0.23575059745354973	1.2600887951904949	1.9747625506973394	0.4043652772761297	-0.9255595851294152	1.4970414003780366	-2.4065287271911378
0.2143909134089361	-0.10652362073435921	0.8687257876883602	0.4335951571207439	0.1209791406852145	0.24465873705871632	0.935711744152249	1.791134313338541	0.5163139255952442	-1.0570810061364668	0.9692151546809683	-2.2851712787889524
0.21065987702805827	-0.09555845417805962	0.865897996501194	0.44352187961907946	0.11011574400771403	0.23956246690675584	0.9239604687003349	1.8428968609619143	0.46045205774636294	-0.9407462335744472	1.1177705053350837	-1.9469679362692105
0.22299728062241705	-0.1106421808242975	0.8675024196891545	0.4306623648415457	0.09897650489197539	0.2209331609884845	1.0777633278380876	2.097900604666888	0.39678784167157083	-0.8183589622290305	0.9067940877468463	-1.851419010620272
0.20860046617639438	-0.11915880221412488	0.8691823609906394	0.4322141236801777	0.10430554926842343	0.22591617119321608	1.0277161822592007	1.8955031960053377	0.5544398175050037	-1.0884084256385094	1.1188651971962196	-1.7951416830096518
0.2174114217142447	-0.11151017196672178	0.8606864501392935	0.4466727994883555	0.09143872069752523	0.2462927897453869	1.0980118075699223	1.8955110559644044	0.5165952818889485	-1.0566528881895842	0.8522698571853442	-3.0473781121403527
0.23071253516285778	-0.10740210297238136	0.8663451984679967	0.42974703197030273	0.12984587313453172	0.25322511072847015	0.8240031428271382	1.9334743869427837	0.5235535146983324	-1.014612504625736	1.0718053350639616	-2.032463475339945
0.22448257128309887	-0.1139064451371657	0.8621332895338325	0.4397261511712887	0.11274705926419006	0.24978965118081317	1.181708948389703	1.8800723382685278	0.4000774989834064	-0.9006533630123836	1.360625028176628	-1.9578670170825354
0.21665118715673795	-0.101143649339675	0.8729294410350731	0.42523689430248623	0.12295588726399305	0.24832755036591903	1.0186739358629202	2.2230632135055024	0.5551883345001488	-1.1299311991640506	1.3702128271186023	-2.097415361628832
0.21576045626172782	-0.10927780593217049	0.861362482233602	0.4467219054901492	0.11537519071751652	0.24022475026360046	1.125997477460925	2.0897748941632237	0.592958707589455	-1.1759712069975898	1.2622620424832112	-3.331249630260045
0.2182702410861569	-0.09238443651988902	0.8629101604723948	0.4463286599565384	0.1105927862568557	0.2352857085773462	0.7129879537477238	1.9324616884011279	0.43517873564755205	-0.7900340099669352	0.9730270373873428	-1.2542905563758413
0.2177783946568772	-0.11682426719509602	0.8679117713326736	0.430875641684678	0.14085352255549732	0.2423486617027776	1.113030053761172	1.7167536823638687	0.48340257377202156	-1.0708105700326924	1.374979064002149	-2.4420592652121926
0.21320078581544208	-0.0958140212278674	0.8722585081284268	0.42956977694129655	0.11491366210656423	0.2493885597534732	1.0094869405591393	2.2638861319289245	0.4512644565262689	-0.9123794497536776	0.8991649643560731	-0.9586670902838877
0.21743680356776593	-0.1017386822503911	0.8602424031163177	0.44983717595242095	0.14468709571244776	0.2621437534029896	0.9341424303068534	2.09622842399185	0.5825300220711201	-1.0914314754100998	1.8000809509566809	-1.3647681650591892
0.21753563092218062	-0.11417878434860762	0.867553928128329	0.43242529559805937	0.13575554636206683	0.25242376081861484	0.8922718403269657	1.8974794225724427	0.5070174459145687	-0.9650545539881489	1.272856237588682	-1.9209964551881606
0.22169031775618978	-0.11232378378250994	0.8706259263027931	0.42455537572776425	0.1251486038093694	0.24524644588793168	0.8559076232198085	2.0268244307462755	0.44054658206313174	-0.8141155186954122	1.035986009461435	-2.2550992007189885
0.22326525454562307	-0.1259941533100689	0.8679965772132839	0.42527642938491256	0.11778441968216545	0.2615847372484435	1.0563290219443675	2.115831497626751	0.5819617310290387	-1.1155096490217897	1.090552749340774	-2.2116786010175282
0.21660863094977303	-0.10428722063400381	0.8695140436585477	0.43145127707663694	0.13806348387949444	0.2722675863814041	0.8416619313006384	2.089204364981637	0.5550072042953533	-1.0360856586091063	2.058145659224253	-2.684675242035597
0.19593648674902706	-0.10930904877265715	0.8641180292951987	0.4505113277863802	0.12266413802116559	0.24013204857913348	0.9959023100024724	1.7390957275501147	0.5127089951565384	-0.9945938291102948	1.8513231097413163	-2.4888952631673575
0.21580251563009817	-0.11195416345498166	0.8698682011016559	0.42921422651746494	0.1574559917793663	0.27506318421638076	1.2631656772649378	2.179047018934656	0.4639506001820083	-1.0069955559598378	2.1563674446251397	-3.6997153203302173
0.22787863534598019	-0.10739186946997552	0.8682124054792512	0.42748746519229075	0.14062910066470083	0.2582838317787111	1.1869929423135053	1.9055125897173228	0.45226546052742506	-1.0725840949391166	1.3293520012045996	-1.616243475180582
0.2289782842610502	-0.10952438414209884	0.8703126691029996	0.4220535660481646	0.1264785467468146	0.24570876008988699	1.0974550041027156	1.7698127057195783	0.42491069684093324	-1.0123380402894973	0.29814972353347363	-0.340708423536704
0.21993709357816416	-0.1008850783182135	0.8670830168081116	0.4354502472201177	0.12881714304992734	0.24228749705106792	0.9446470740519192	2.0758612379220738	0.4932999062478623	-0.9784619069093373	1.7208509455851748	-3.8781111371564982
0.22460231149752707	-0.12017786350093794	0.8625229002910033	0.43722457532475667	0.12930754378846862	0.23523886556821963	1.0923432498561716	2.1847693507704506	0.42588716374287844	-0.8007768947037157	1.4501578725612987	-3.267093071620559
0.20797225763045674	-0.11112682264785935	0.8694225576402875	0.43416907491264645	0.09779687036988094	0.26361316869596935	0.8493345321059562	1.9747783724701093	0.704730408930437	-1.3126123477429075	0.9110138691164774	-1.5864345461576894
0.2141211347868893	-0.10926399870502962	0.8662247002791194	0.43802772383824295	0.1494173200805047	0.24126341613357835	1.2959646283524782	2.0056853204684066	0.4275707862396923	-0.9787430599371107	2.6311455901503105	-4.931903911359892
0.22056263504500914	-0.090322372301683	0.8755168862819481	0.42031437629346025	0.17565401019450264	0.24985586689128636	0.8119621372576828	1.8802923903887512	0.46744054627437553	-0.9957026321971255	2.075904286249458	-3.262175607562505
0.20812101272870454	-0.10729486766414859	0.8669502410008677	0.4399667431320789	0.10598538513471019	0.23930994995154628	1.2029710355945284	2.154244733741598	0.4808512354682707	-0.991207285256337	1.158099109153013	-2.274069982050614
0.2237932333271369	-0.11245369664853512	0.870131441003013	0.4244314199079577	0.12467516951663898	0.27604799025151117	1.1374079103082626	2.1041477834820292	0.505455475859968	-1.0784726988038142	1.1823828700941954	-2.2725068788834277
0.22000289685030835	-0.10711768269584244	0.8652217304557306	0.4376252787243172	0.13894847734529517	0.26009454952147265	1.1037963258240737	1.9969966745936172	0.409623859093403	-0.8759553342038214	1.4156662011530743	-2.530560493132739
