0.21882336200797395	-0.08793433735326475	0.8671303136218899	0.43871278503341155	0.20209746004774573	0.13556143563903125	1.0150270680889821	1.953750466790035	0.4672873362742927	-1.0382849848743039	0.6427276431613121	-0.28207844968942386
0.2241022700559133	-0.09525319631653181	0.868982077783443	0.43078434237845836	0.3017206167652755	0.15318484125679643	0.9774649778932756	2.000800377317645	0.46953892628061655	-1.0132457430202353	0.5129282165039676	-0.32913072010092265
0.2095172241835615	-0.10531587447329183	0.8748810882436674	0.42378553631278776	0.23778260415121663	0.12371943292535582	1.0253995149924147	2.00549433417994	0.4788359104589738	-0.9970914925836561	0.6861902195552237	-0.361594306607445
0.22013203236130408	-0.08383920285445776	0.8652176238702061	0.4426187295377429	0.1747815154370086	0.1333368013024359	0.9783456083871329	1.9336257105844648	0.45603495294141205	-1.011753496706184	0.7182896751588149	-0.28159895241502947
0.20644679860716036	-0.11312109032700833	0.86624411881567	0.44068635659088295	0.22315736977738657	0.15792372259438694	1.0039689766601212	2.0198126339029776	0.5416282999097614	-1.016516841082631	0.5559165618208438	-0.3787257950247573
0.22466821854406097	-0.09960614861398281	0.8672591117604923	0.4329716385664642	0.3183420926252335	0.12019631353199788	0.9663569563763462	2.0124983464257182	0.4874479169899727	-1.014838143810741	0.5588169402995461	-0.33800758948188964
0.20384507819638492	-0.1134866840328742	0.8637343572872052	0.4466888365338794	0.3025349830599611	0.11129382527953152	1.0366499963209421	1.9920338433568308	0.539043649677018	-1.0092869300256861	0.4761037656388081	-0.34454642397439317
0.22733260051377563	-0.0950735874187251	0.8749718888271757	0.41677943265135176	0.26826858379432095	0.11982463160341587	0.9840001988627596	2.0145291640857055	0.42598846603387563	-0.9714844604801499	0.5566325203600503	-0.3273752317410332
0.2010163316928592	-0.09839569966725549	0.8705877701754993	0.4381639591529519	0.23513711534590656	0.1222899580896873	1.0360746486681438	1.9976116684439444	0.4839667865372977	-0.9883220286371505	0.584042433762087	-0.3363438206366954
0.1988338768187894	-0.10620195256090843	0.8732036352041718	0.4320898589040023	0.276687322399311	0.1028935295562519	1.0352256533799649	2.0072942885737057	0.5082208202771551	-1.0100668090021934	0.5966966493951577	-0.30007944481912585
0.22780365679141037	-0.10525437922518972	0.8668952818287899	0.43071983927997093	0.2598907686837944	0.1531768526675749	0.9458376755028041	2.0349520575436384	0.5053631575742435	-1.0200937186607337	0.6101414123354609	-0.2847372897521531
0.22728581269128761	-0.10099606962710467	0.8619717240693296	0.4417529854727474	0.2468825284698292	0.08410638492533677	0.9670150083828786	1.996633473869397	0.48389785372839217	-0.9852631227928957	0.6950316762826442	-0.29483434865015445
0.22473268114282818	-0.11140634286050466	0.8631442170787553	0.438253247928987	0.22259308665734526	0.12720462332036486	0.9908686443161768	2.0092048405999314	0.5016252230780084	-0.9853145783400241	0.6711233062405716	-0.289235496700295
0.2251464530156203	-0.13420814397949118	0.8751037593277073	0.40680543161882593	0.2740768163819118	0.10557573414076292	0.9992030979062794	2.066658048519255	0.4994808077331469	-0.945666392486992	0.6114155376126031	-0.36707242454692074
0.215394978590226	-0.10263851572776421	0.8617397415520188	0.4477442976936472	0.2269979800073402	0.1318411059695737	1.021945331852758	1.9901058097940256	0.5144556467054597	-1.025556919012889	0.7348591648300288	-0.40347137681894757
0.2243874165165895	-0.11555875639033517	0.8608637603172581	0.44182581104204444	0.21660638743261543	0.09919547694887133	0.9840358136158492	2.016774936373715	0.5322948964803408	-1.009408290431065	0.6245092250839034	-0.3339565652340664
0.21721106333132464	-0.11274389160387831	0.8638108024435657	0.44038513423399234	0.25361156855523953	0.05022227488326345	0.995767275087415	2.003121824401159	0.5175376549082499	-0.9934634522908755	0.6429879261374242	-0.30646954777882035
0.20971936308995062	-0.12483211483679578	0.8727961002222335	0.42268392362068763	0.2708548804273081	0.11042485493133487	1.023170679766206	2.035479207178953	0.5130820908782189	-0.9659737556832005	0.6281641647370134	-0.28333147620645377
0.22122799573256216	-0.11687348347287439	0.8654043879339672	0.4341359327557496	0.21886917815625417	0.15132774932564091	0.9861711586368842	2.0405532213466837	0.5196114240238519	-0.9889900366674651	0.6532627927138696	-0.3417530974877116
0.19725027770387696	-0.1158577472751956	0.8678298516443241	0.44106763533164683	0.274323725648335	0.13395688320123356	1.027001445998299	2.0246034899771477	0.544040750446919	-0.9979084599328168	0.7118573345853925	-0.42772469781408273
0.22005023225143666	-0.10382901504578494	0.8678766310435077	0.43311382361832135	0.25368553875193195	0.1755200186235755	1.0670327023151267	1.977378368802311	0.4717329297264031	-1.0133537823737235	0.5793352277855747	-0.30722990598377126
0.21058283473481557	-0.0900333336333022	0.8615267105525072	0.45312315715983925	0.24182031443457627	0.15452790431542704	0.9964555029029699	1.9611896345336772	0.5011688311290579	-1.0262868073950375	0.6415152117762201	-0.3630254892026632
0.21860940753185865	-0.09839937354828045	0.8701707993619614	0.43050002341653926	0.19827006904324562	0.12686168788324503	1.0041593424273985	1.9659225446398452	0.4698301138923216	-1.0102335753599556	0.6207603111106056	-0.2797387897636115
0.21041815209040626	-0.09685232275766222	0.8740366407842117	0.4270875547401906	0.2663572361151833	0.1580657522125372	0.9889589431541864	1.9757791985803832	0.46471833247443106	-0.9902347989443698	0.4585669946514084	-0.37724158493686816
0.19658658855821756	-0.100648467858785	0.8693195933349176	0.44216178460008815	0.20347959777290592	0.1424900302630777	1.0457450870618936	1.9791944933869372	0.5059518700311711	-1.0091565016619133	0.6202861432545183	-0.35563385251308044
0.2049960037553106	-0.08377779449274704	0.8808151124707171	0.4184765910268838	0.18793236155799753	0.1117036263967887	0.9808605149235693	1.9639109749630488	0.43183513948131713	-0.9962499256319557	0.70352878634742	-0.16881018316577037
0.2059179634405274	-0.10475577706316531	0.8738472627503219	0.4278025021995175	0.25324045756343105	0.09271321884821875	1.0593545950428311	1.9805147165699464	0.4747791856014681	-0.9947447062931539	0.642339588185157	-0.3155343526833136
0.21594454069973915	-0.11071185550899519	0.8572473820881372	0.4541340840487194	0.18706043497313532	0.13750436586012357	1.0038358000740812	2.0159268707178972	0.5707590820024213	-1.0632709637251851	0.6730584149388794	-0.29855868685081005
0.19799661551518874	-0.10892218160915584	0.8824563349598897	0.41255801469271125	0.26973231027162453	0.1345696494859116	1.0300096826932545	1.9570866651497472	0.4599365555367275	-0.961421654511525	0.6027357626088923	-0.3161704326702638
0.2286539260993962	-0.11444497615619745	0.8559104464864615	0.44948530243744933	0.26985500855968975	0.14985747018585374	0.96695150709537	2.0203098352543187	0.5325655125210353	-0.991603798187526	0.6019427640849372	-0.2375740876844283
0.20662726288816077	-0.10703614352491463	0.8722339674068326	0.4301817572984675	0.29162965289501314	0.13484169400518012	1.072049399769961	1.9986916098815266	0.48150267746957776	-0.9939179766930274	0.6227150750209526	-0.37196451372188827
0.21623966074666587	-0.13838071516184094	0.8606401633546583	0.43976095326021325	0.1961925898057828	0.11376315342949499	1.0614643196786142	2.0127710640407246	0.5610884995940578	-0.9866662326731984	0.6632316740390328	-0.28744150989147293
0.21263605889212772	-0.10559611788219504	0.8651233937991973	0.44181090960770986	0.3026212601011123	0.16433215695360634	0.9917319492850645	1.9980547045758799	0.5186822645715494	-1.015401168979369	0.47809257449122927	-0.3904087812636337
0.22754032963134327	-0.12807654624507564	0.864105054548679	0.43028391951898093	0.2475226875187101	0.06945863100412075	0.9609133128752019	1.9982218696568788	0.5191446171881505	-0.9559192090552072	0.6035423013435667	-0.27696579045463104
0.221283619575113	-0.11245795674994319	0.8684946200256606	0.4290732602456693	0.2439858091900102	0.08553275423283448	0.9752163074145178	2.0538378631670366	0.5062311065755916	-0.9893135197784649	0.6805615602437003	-0.2823866358595389
0.21262637559602207	-0.10438604861091118	0.8704223833380652	0.43157670446906915	0.27736076036478474	0.11657557676118903	0.9870795627906349	2.010381331967335	0.5034294049345402	-1.0153921756285662	0.5758450752152074	-0.2984025784985154
0.22572393520730571	-0.13364103072764005	0.8625337703021408	0.4326942050327875	0.22449059109178812	0.11130589049547375	0.9999641855087857	2.02507395929651	0.5410480169539981	-0.9747185445785972	0.6202776197936011	-0.2872599516406138
0.2133159619160415	-0.11494766512186264	0.8696378477274662	0.4301317803590036	0.2609588603731297	0.10483240060399114	1.0188779859865795	2.057605814154604	0.4946575046713633	-0.9555184249793731	0.5762436837574002	-0.2678474535566974
0.23185428460252858	-0.09275219810234878	0.8634402479614501	0.4383053258390796	0.3007261675920996	0.11451474268148608	0.9567782372851796	1.9532077254834663	0.4714373798491879	-1.0214953038457992	0.5147014305447554	-0.36007574996034936
0.20053293323663005	-0.08533001772353459	0.870062938617157	0.44214908527293356	0.2106611688975142	0.12135767510462246	1.0166604698280968	1.9723604444967378	0.479198388464574	-1.0234220256342283	0.61140572370524	-0.35932929694715504
0.22208189373831605	-0.0993561841849443	0.8717460782627974	0.42528432391900284	0.2693796862279809	0.11467117489273197	0.9762735528694834	1.9942018193497293	0.4685737132202546	-1.0043955749489915	0.5930621014080725	-0.2694994679694373
0.20259733573844693	-0.10623840133054639	0.8750708445017992	0.42651932985190805	0.20470911289186378	0.10661880687005258	1.0600473804666444	1.9754634549086125	0.4808382176191966	-0.9979857208610379	0.6954851648787209	-0.268368592581388
0.22193123897647038	-0.09705874186447716	0.8659730341298826	0.4375120912088471	0.18461537792538452	0.07677661729436332	0.9775337542525174	2.0007589724667807	0.48981815324568095	-1.0215110619779657	0.746962182010601	-0.2540442800488653
0.22120406159824466	-0.1186018291753472	0.8658124761543563	0.43286386472442345	0.26517740446506566	0.12276956036267388	1.0261357125547688	2.010823729423823	0.4934358264489983	-0.9603964283204977	0.5577599902762609	-0.36447417305784774
0.22559374321463765	-0.10486017948241375	0.8629391249244139	0.43982709381757146	0.21245965031741343	0.15774090534353338	1.0028287080506584	1.993923929900757	0.4965276787791088	-1.0131750130422852	0.6518706188679696	-0.35740221141866074
0.23004784360170827	-0.11704037775203956	0.8752517680021916	0.4090401963608245	0.2815473054197715	0.12254396131311025	0.961512736583828	2.0351256137953673	0.472862166261213	-0.9702604086533483	0.5562224032940323	-0.3828402895042407
0.223444187443761	-0.12439293218543021	0.8593432078926281	0.4428637991174216	0.28626560646285754	0.1083888093147579	0.9921499445854631	2.0372786170521273	0.5364878541131227	-0.9693595903323287	0.6013970065603323	-0.316651588694083
0.20821278256460354	-0.11484752054469134	0.8754405169360422	0.4207866270548493	0.2257765440266862	0.08535231157826344	1.0094713791658636	2.0273730077544156	0.4978898158857868	-0.9820155224609969	0.6460386180899379	-0.3076874656338803
0.2065767060908341	-0.10092126625433295	0.8766178180912255	0.422708130420107	0.21143417326658287	0.12836157699196568	1.0229886352448108	2.017862655821449	0.45731675822561024	-0.9665590927967899	0.5312704266588858	-0.3219027529793726
0.202556287076016	-0.1212517705046294	0.8790566163022658	0.4141599015485232	0.31022654252192544	0.14170623149642944	1.041650707706207	2.050791215436877	0.4873169876264544	-0.9433797302073201	0.5761336796495963	-0.3098609331522298
0.21460405933197427	-0.1135329716261024	0.874839433741836	0.4191793497326042	0.26890445159437687	0.12335873444474534	1.0179208035766647	2.020263153461872	0.4957638556064396	-1.0086308598571985	0.5441641690942883	-0.37791917613031534
0.2126619934743507	-0.10191441634003406	0.8733570525073127	0.42618750229133257	0.1809250426225627	0.12083616934887613	1.0298374895964273	1.9865023757865874	0.47049650482815375	-1.002998684098716	0.667434303598327	-0.3351578977287591
0.21058841896385072	-0.12072299056968322	0.8627488979086421	0.44355700479604804	0.2446414349970039	0.12982129964191783	1.0016187011129216	2.001142052397791	0.5366173652243389	-0.9746469592933147	0.563881737041236	-0.3219538198715562
0.2312668822336368	-0.11365142082686816	0.8621260190883894	0.4362771033835876	0.3118322883642361	0.1133258804136556	0.9598742658641305	2.0247144805006747	0.509477687238308	-0.9881550470897414	0.5091756720123737	-0.37117936420841874
0.21015321776224932	-0.12002063829778686	0.8641375368261853	0.44124481741402627	0.2540789085219843	0.14220069115085673	1.0532001624513778	2.009704785657358	0.5328637027957459	-0.9985270356314411	0.5788457135177448	-0.305104214934002
0.2224369176736456	-0.1279535080200056	0.8629502013586935	0.4352776900051422	0.2618701970383714	0.10944692865088557	0.9925030884630756	2.021287919074984	0.5496799681629952	-1.0027733951150575	0.6932204882865988	-0.2892159193278376
0.20386161521816804	-0.09712668957719295	0.8609874042319687	0.4557494243181351	0.2644755121602474	0.16587799861112282	1.0113286224341944	1.9408105351511062	0.5386998849030444	-1.0564586019897388	0.4780841648830374	-0.362861365241366
0.22313166680115729	-0.09608279505528715	0.8679690700507342	0.43313975712253067	0.2303994447002866	0.13237849392904938	0.990051449494245	1.9951981474213558	0.46543064567178	-1.0001091172646202	0.6402044102457666	-0.38384500826869683
0.22414570479150547	-0.10690627736963113	0.873598517233503	0.4185156885588779	0.24440649388166813	0.13686848009993963	0.9561798684339748	1.9988065671504838	0.4610433347483498	-0.9638955620688714	0.7135727131233671	-0.32655856867762
0.20344728021294886	-0.10399861183114721	0.8718685560607038	0.4331728452520677	0.2753005967693414	0.11586567776652353	1.0171147160969558	2.003885078287173	0.5054989549940794	-1.0140446360822792	0.6321472872320252	-0.3188677510191176
0.21356309547546237	-0.11784122151306364	0.8717418892721819	0.42493567660460657	0.190070846130484	0.14231691511951128	1.0215006982416597	2.025945753399429	0.5016869593356542	-0.9807518868068708	0.6296677773975095	-0.3164006890591502
0.21397722219853224	-0.09365111338964455	0.8796730277883102	0.41426873104643885	0.23817612184622658	0.10064775550952182	1.0004334538872401	1.9824864833529454	0.4293758596980569	-0.9803256609430749	0.6976514814768189	-0.34546455440452745
0.21149718973675238	-0.12169804018830412	0.85872946599123	0.45060207499100485	0.2562441538695971	0.1340543293355553	1.031029798347562	2.0212319927603204	0.5497071767751159	-0.9856361246739411	0.6605320644601601	-0.32671572930396503
0.20722809730960293	-0.10133684813402781	0.8739705861753774	0.42774147962989284	0.2580580083885318	0.13906334780271587	0.9969460893240835	1.9877470910940418	0.48580254651508314	-1.0046730862457898	0.909004569099135	-0.19232972931738865
0.22470567558331286	-0.09995677094306951	0.8594911204254057	0.4480971069011298	0.1886717354769121	0.13415048284296213	0.96938409317764	1.9783861734322445	0.5045449304592218	-1.0125593193529876	0.546185731827502	-0.32949672743199515
0.21928760633908925	-0.10555170102167338	0.8691224512114392	0.4305786210644039	0.21675692536981103	0.14197259722391994	0.9467523203813407	1.950989208935008	0.4969951953252679	-1.007087861872567	0.5565848660428304	-0.33267700044435916
0.19236820305933394	-0.10354136659227987	0.8640100698909757	0.45360804554473816	0.348925290511114	0.1520035574015165	1.0524344670996548	1.9971052274088912	0.5314892154107798	-1.0028128059462948	0.4874382982109788	-0.39525674165119645
0.23698176143164557	-0.10622521232793408	0.8667195191874373	0.42585575500882655	0.23786723598802684	0.14046798505248698	0.9598604392227116	2.020958902806107	0.4716806201446244	-0.9900240266847795	0.619852102416201	-0.30126587340382477
0.20285857393643716	-0.13450514709381275	0.8704003135510194	0.42797203010948504	0.295794455265689	0.11020239508899564	1.057295482702977	2.051051577502606	0.5353517882504703	-0.9453300580680173	0.5979781523540699	-0.3246673020658901
0.21734267372516594	-0.1108635362927295	0.8739492759716181	0.4203380800348106	0.24664005849453305	0.07815783780788686	1.001649222143242	1.9675994854460326	0.47858728325059424	-0.9940262675285587	0.5757023655406642	-0.3021681237340453
0.2345019548921671	-0.11680281505845051	0.8663022775338949	0.42530730006168477	0.26355605143434296	0.14269067222360324	0.970454827278701	2.0061964392388085	0.49560852306215475	-0.993613217315402	0.6226037454036261	-0.35815018848502306
0.22558618505407638	-0.10802681582761545	0.8613211682773422	0.4422294938742203	0.18428148698063965	0.12764942352561706	0.9727334521407943	2.019345999887393	0.523434966240484	-1.022404278826593	0.6230018966496967	-0.2986793089842623
0.2189172997089439	-0.11956026203020088	0.873740499181453	0.4175620908578261	0.30383879412313863	0.12255561490510924	1.0086352813614068	2.0016626968567723	0.48415423508149114	-0.9687506781672462	0.6457499076726814	-0.31276513138344547
0.21541222862066972	-0.12065448092024006	0.8607649971858271	0.4451108711481072	0.18752705663024197	0.10709567507059398	1.0398037313184816	2.0356234033213743	0.5535188869838621	-1.0218331357271986	0.7017745714349012	-0.37865733992584744
0.2183787606562914	-0.09263396217282445	0.8655984516382028	0.4409863790049891	0.16662829218153172	0.06111420550680966	1.0565065948201309	1.9836426135981797	0.4785900372441004	-1.0459114910039153	0.6991286855888109	-0.31039588826105063
0.22120396236587841	-0.08609430751543903	0.8633506468094325	0.44528893754595616	0.3274165561700926	0.13174245666580328	1.0010159100669023	1.9670086262900965	0.4657866510541094	-1.0200514953431357	0.44670884553046125	-0.267583842171499
0.22483837541623045	-0.12195579668845269	0.8708798460896093	0.41969367670863617	0.20453245323678626	0.08963651112675758	0.9606361021652826	2.029676858984403	0.5022138962316811	-0.9669551518058931	0.67444254535864	-0.30106291336607216
0.2022209543756759	-0.1312062619144664	0.8683867936464479	0.4333543343111555	0.304528403270558	0.14066487690764798	1.0384168182954527	2.0351342443999947	0.5367352067536092	-0.9439412881695823	0.5587317973469892	-0.2945611234054319
0.2057174138767779	-0.1125445796983739	0.8779781069212031	0.4173350056913839	0.2289907638639013	0.14426659028103225	1.0099187172835893	1.9867852212828225	0.49045957586573424	-0.9938507993547255	0.7209674340657171	-0.33665650768670247
0.22745261610156733	-0.11541867803363265	0.8676084199482448	0.4268482936880877	0.2408718203539613	0.0781321752896237	0.9533493620271759	2.071611874872202	0.5145512355298146	-0.9937209382537919	0.7513082885699368	-0.3494356700510935
0.21331981494527935	-0.10209023680248716	0.8700773509128071	0.4324784890949788	0.2209077074765513	0.07632681874262508	1.0093909275342734	2.027266524678189	0.4829356697939091	-0.9909171562157719	0.6613128310256361	-0.2734407903603465
0.21505067530718575	-0.10534126957436449	0.8759697290223922	0.41872838190266165	0.22907777483156502	0.10454525507336389	0.9777356952382378	1.971348098580885	0.47382013784547544	-0.9974258394224292	0.6632085292827272	-0.3342793182334485
0.21879608390489413	-0.11123739412009602	0.8714913929491755	0.42456715350196206	0.26759761781792485	0.06063197052556649	0.9874656290258691	1.9866284263578773	0.47889717023431105	-0.9713916914055352	0.6051381367521429	-0.2949008342473028
0.21003301777016067	-0.10648734879413409	0.8695862595243751	0.43401188144976177	0.19072151224886214	0.07507786153043501	0.990784940321766	1.9942776046726212	0.5017472475154593	-0.995467513115848	0.6209513064080239	-0.2960040552031174
0.2267532247413581	-0.1112661442664612	0.8692629348169544	0.4249526683795332	0.23124277489849754	0.13589838950948516	0.9660368249425995	1.9949151782079866	0.48071655298788435	-0.9764723410361762	0.6537833583574767	-0.2984619351324483
0.22923308113231025	-0.11115608933802774	0.8574431005758412	0.4470881877130641	0.2456491433513344	0.12233931941283337	0.9668438047790928	1.9926753736050873	0.537307936444001	-1.030771060713818	0.6325066545196455	-0.3623890971553801
0.21689733348192797	-0.10418008110591319	0.8663785698889358	0.43759596783608157	0.21041800093763996	0.08994707155359198	0.9766268238263646	2.006867946010461	0.5167407167715944	-1.0293631678967508	0.6698409038515578	-0.33438614024782515
0.21589964273583054	-0.10559023960639673	0.869481254918078	0.4315557819245255	0.2413622927359045	0.16939316023654702	1.014267689457941	2.010019784044042	0.4939594049566639	-1.010831097052146	0.6613715665287462	-0.33031800545912193
0.2307804612735296	-0.1088415256508068	0.8674781791912164	0.42705445743543474	0.27806062621625477	0.08319163048033941	0.959833020570361	1.9859702205060894	0.48291432976389675	-0.9934852912498113	0.5714346558425065	-0.36863093123145646
0.210594175480182	-0.11193591455300188	0.8679166999374659	0.43570752375494315	0.3333541726018037	0.1394715530288526	1.0063353861028863	1.9949295101383533	0.5060952682844209	-0.9820180361420405	0.5033995835325705	-0.2830664712127489
0.22963735157124485	-0.09870413478186964	0.8648206849727061	0.4354415728701687	0.2618324689967725	0.16401454957725337	0.9925132090356021	1.9509634438295438	0.47873672910625703	-1.031990053300244	0.6013922228456987	-0.3497375817068186
0.20286757885796294	-0.128949522395192	0.8743217144779187	0.42163764741155735	0.2606622651586595	0.10221420474512473	1.0320003197693062	2.037857314093356	0.5370993926820886	-0.9870473931825684	0.6574420298960303	-0.3389627835327051
0.21347402523809725	-0.09291794932436696	0.8663296342076571	0.4418914574141773	0.27983850576332037	0.11625208683995127	0.9984403370598384	1.9884287133479701	0.4886739747711456	-1.0222716405154444	0.60967288358235	-0.2698164037935402
0.2030782174067153	-0.11652922308056994	0.8713710763128473	0.43115267034838095	0.20208905460389037	0.11324271257722958	1.0195038191876675	2.015821355574821	0.5140496434464826	-0.9742834540590688	0.6374988882414186	-0.33573517789709123
0.2188024627809271	-0.10151636601456283	0.8703093918032978	0.4293966374474446	0.24793647260295534	0.11679186073119324	0.9999835128444223	2.0044399713925225	0.47869752492318024	-1.0059006234930792	0.660688155476741	-0.33247244548642413
0.23332812730920233	-0.10197294957397082	0.8647697980340624	0.4328194761903536	0.2769123631221267	0.17597348056941198	1.0013266178449587	1.981521693793944	0.464620924068493	-1.0012631577700968	0.5749767412306624	-0.3504191365989268
0.21684521360681908	-0.10374456407421055	0.8711061202227718	0.42823982307965613	0.2109485582159656	0.14285845319546175	0.9901299601687227	1.966171410582789	0.46361226774456143	-0.9681043385606408	0.6817101439986887	-0.3118243470313342
0.20575965733430307	-0.11175323860342717	0.8702140285083891	0.4334763219167987	0.15506000697362604	0.1294474801786044	1.0388958855902057	2.02183493030499	0.4893717191708098	-0.9543183198344296	0.6326071706035742	-0.32426909600254883
0.20838150968046362	-0.09931742217825125	0.8676767807788056	0.4402842265769762	0.22137908852107993	0.13628998362858	1.055202758367066	1.976530041563275	0.4938240394171076	-1.0267470436740012	0.5718249259297478	-0.3473928398188324
0.19920013785417975	-0.09060389974714507	0.8777554326816518	0.42621079154255515	0.23218380754621526	0.1428208782636416	1.0072970669870298	1.9649721557205218	0.458974768675668	-0.9983022004910518	0.6160428761825433	-0.3157591607861542
0.21993258103084598	-0.1131766949349901	0.8677124652258807	0.4311563210905383	0.22966624544529482	0.13098305908251576	1.0083445226471215	2.0557748537613096	0.4924484692235561	-0.9657881951687137	0.595216854693626	-0.3531701518364043
0.19937357181265525	-0.11892879703153955	0.8712355076956706	0.43249833552230227	0.23397603784569865	0.14007341047255198	1.0237370731433506	1.9775226252591784	0.5340218415515603	-1.003889459286159	0.6274800403191994	-0.31273322871231574
0.22368447187601975	-0.10589447390103157	0.8644872434393075	0.4375081980597362	0.26409245788255414	0.08203215268301767	0.9850696026040441	2.031419805196823	0.5167611788570976	-1.0330368466399855	0.6630050227635483	-0.2845468950206895
0.22508419381509523	-0.09523362993948549	0.8765860685413233	0.41456546631675	0.2285091344501983	0.12123114714552125	0.9899775237256263	1.9682523348157515	0.4402945279034104	-1.0163425605611283	0.6250039873015488	-0.34357743900572757
0.21534363907460505	-0.10482789575877567	0.8649930605580791	0.4409367693527732	0.26232635074036	0.12809298471004696	1.0219648729888442	2.0107202982751557	0.49796073698897886	-0.9979359160723581	0.6345062508622897	-0.35022067247416233
0.22856057258326595	-0.09611313411794326	0.8645607717948032	0.43710067717175866	0.2354077081805411	0.15367188189953465	0.9947515842181774	1.9795463094266303	0.46748377824635134	-1.0095356765719123	0.6632933461636388	-0.36371470390947486
0.2473980237552961	-0.12820176135262043	0.8609810798707838	0.42552333230106043	0.2660217607702104	0.14180452951058026	0.9289238476399726	2.032616228410661	0.5219953544233416	-0.9838639520990282	0.5934791322245044	-0.3482690613545964
0.23600772998593741	-0.10388975656868597	0.8562043273221626	0.4476845091599521	0.2745647977208163	0.12617542892402764	0.9496870971024166	2.0023059468263513	0.5178818554523601	-1.0264529928329782	0.5545038741443028	-0.2728418004202321
0.22167446728430176	-0.12876347615847006	0.856955804106325	0.4471097712757912	0.2472211272351347	0.13287857821430854	1.007312536428679	2.052599691663464	0.5562437666757934	-0.9744182542664337	0.6162959075984399	-0.37732127325224196
0.20999337398044104	-0.10100483144403936	0.8668329260713419	0.4407964214780642	0.25935129458943534	0.17414745292031328	1.0142282714529902	1.9850306460359397	0.5023142344594007	-1.0161290489983472	0.5100345640018502	-0.3005395687774157
0.2295045095791575	-0.09345875703154233	0.8655819079116458	0.4351564104008863	0.3168435514905937	0.12400390782329879	0.950126300439258	1.9433312933216675	0.4669854013231169	-1.0126268338421804	0.5892314948345364	-0.3878364651241119
0.23072020221545522	-0.08919085233217354	0.8689424949040778	0.42866317861439457	0.19934273993654553	0.13499966304541514	0.9257011747517395	1.9517344867882216	0.4574576450125917	-1.0194612203684565	0.6501168240871253	-0.2456576127073542
0.22513682083251835	-0.12886417037456643	0.8744485335754995	0.40993560424383696	0.2581542208791413	0.13406528146424346	0.998829794563753	2.029601939439218	0.48874234091404156	-0.953101935153147	0.639689868992506	-0.33376802699555713
0.21851416459498976	-0.08725684486994784	0.8727929443355158	0.427633346703501	0.24429608379902126	0.09569701002675036	0.9674405047252498	1.961695959518127	0.4441439987401826	-1.0005622932155853	0.6199132920510252	-0.3065466517865541
0.20809200476647746	-0.09976446678681705	0.8705080542092939	0.43469586641209224	0.19661865450830715	0.12059633563694237	1.0326802587135844	1.9903898217153393	0.4984384274816439	-1.0357057117274626	0.6857937803014429	-0.287189825072276
0.23346489370986176	-0.10987463862240962	0.8584840565050018	0.4432006677785526	0.26830732072465646	0.12217164511917546	0.9819881044978558	1.9998751754320634	0.512324210273945	-1.0138665963306515	0.6252239569288328	-0.2646364160038522
0.22142658554927513	-0.1111695429444703	0.8714466291886406	0.4233112004297344	0.26682331403173887	0.16316004489191527	0.9723255862840073	2.011866075517995	0.49437846296224014	-0.9980008731053513	0.5833241181580228	-0.354408186163701
0.1910343506789756	-0.10019959843765493	0.8735498090655583	0.43632172581149486	0.2787624577830696	0.11756509956187684	1.0375149415060771	1.9686984982108988	0.5025816534283224	-1.0083575388749877	0.5978156871998682	-0.3734361518391998
0.22788930326593265	-0.10437433202811212	0.8639475907470942	0.43676884585893333	0.2663245376281109	0.11903610375780381	0.9911850347385711	1.9874449998454151	0.490687904110152	-1.0128260278442538	0.6344916243607707	-0.2873277731211939
0.22632435722563393	-0.11133298349714808	0.8675852318232551	0.4285768514913238	0.22557318403026339	0.15601398953574372	0.9505315547839998	2.021510289347353	0.5036329690122897	-0.996349187233118	0.6009718721974907	-0.3400142813526918
0.20312577662956552	-0.09826510043208693	0.8689354226595399	0.4404941772069121	0.22448383533516048	0.16036079364536523	1.0318622631632097	1.9621062012691344	0.48292648610340766	-0.9907581383632849	0.6299010797022865	-0.3382145814971445
0.21723084874051554	-0.11974609558433592	0.8567311956771542	0.4521982853808449	0.2617484596206922	0.1484127604862734	0.9796120887309668	2.0173483049501724	0.5611565066365886	-0.9995452924642187	0.5762003262163329	-0.31865908597632325
0.21972887251122547	-0.13747149317526436	0.8555726316639125	0.4481252984342618	0.2746680702257874	0.1382544664244669	1.0001373955628683	2.093612209141577	0.5916942605301738	-0.9778168804928563	0.6455818911545426	-0.2890832852961657
0.20453174577384156	-0.13200837842033641	0.8663859457786375	0.4360228732013879	0.2790698272998084	0.1241313941636736	1.007666144297915	2.0443882686434653	0.5627856595472515	-0.9719969923848852	0.5140510168969002	-0.34694834828284876
0.2061237487742506	-0.10000003691402021	0.8752587626480295	0.42595198228941794	0.2286427460726371	0.07400742069380177	1.0301365047021565	1.9818642025296187	0.465792263014797	-0.9903413577204787	0.6798400533861546	-0.34570643951203484
0.22260742942461176	-0.11006006181775779	0.8631996116137228	0.4395669979281383	0.2822153565710216	0.12707461400846556	0.9749867199568765	1.9689083125429092	0.5130934913034891	-1.0083632787826535	0.6614760557831948	-0.3528472825090035
0.22997409597023602	-0.06612721357910349	0.8637795405766648	0.44342306219692956	0.21155179939308852	0.06685483046095114	0.9360728746401735	1.9680815129978675	0.4579145998414722	-1.0839896933855988	0.6252388577644217	-0.2906376290023898
0.21884596835584302	-0.09860366943525359	0.8691057040996528	0.4324800962006728	0.2522573452833084	0.1439586289963919	0.9572217155227661	1.9985493735640076	0.485429994259008	-1.0042306969750732	0.5601068982305305	-0.36725124826972716
0.2218951625545957	-0.10211375701089762	0.8735156647199277	0.42107683497538984	0.20198897651411865	0.10927048944072242	0.9712990039808022	2.000807314526057	0.4739265114744966	-1.0097891757930337	0.6873268286467679	-0.337841040593895
0.20052367672122845	-0.10144097507504825	0.8697137692999979	0.43942911048315164	0.23592830864985023	0.11303587445528435	1.0288355565943743	1.9982412412689334	0.5089594288116266	-1.0155252831616488	0.626504332602129	-0.36575213995829436
0.241338997355474	-0.09166032421464215	0.8610957345661865	0.4380274069418953	0.20424974282354894	0.07409081577013725	0.9538582642886885	1.9866327348143336	0.4664992042211741	-1.0268952681018033	0.6958196174561854	-0.31183155816604835
0.21656773104283059	-0.11776704057348214	0.8649029742310275	0.43723241781899796	0.24608193031323944	0.14310270028867395	1.044095398643089	2.013138476612986	0.5244897451513011	-1.012433509766334	0.6305840403667133	-0.31693404013311693
0.2100433781992433	-0.10894225168897426	0.872464011437244	0.42757445412280937	0.2781668924799306	0.09974512106043833	1.029696573365438	2.0039023601986754	0.4938473649570562	-1.002948984529236	0.6372942718099973	-0.3565058994435877
0.20560053549709378	-0.09052440438985812	0.8655848456143347	0.4475451117552042	0.2810396356521932	0.10670684377346595	1.0366737861366502	1.9503200987188847	0.5000396768054178	-1.0488683137820012	0.6066956112851035	-0.35006302858887645
0.22591361814840635	-0.12182102246641907	0.8672481574816827	0.4266184583031527	0.2713050864445664	0.1308073286851983	0.9879665591543023	2.0358067703067766	0.5161174937881319	-0.9910330296040243	0.642573284407901	-0.3371198381849588
0.21893156534842467	-0.09911892902896582	0.8731096797807832	0.42417436824416593	0.25392142029109516	0.12373201686428903	0.9836557924957006	1.9852279829687318	0.4629069998696416	-0.996637809680323	0.5121350592135155	-0.38491062712839724
0.2365769103584896	-0.10679360224249786	0.8447590276571825	0.46798362919763986	0.2657933171056318	0.10428813722087833	0.9674519316024467	2.0006952568626577	0.5556738700167198	-1.0355615524195545	0.6716590342856424	-0.30991008943484716
0.19714606062971282	-0.10266036825589517	0.8791975556432013	0.42143319484678665	0.18557855400376025	0.13957954251333918	1.0189495032050624	1.9866800697923728	0.4741788710040837	-0.9819479868946719	0.6251076725711079	-0.27049581690823177
0.22094028232741855	-0.10150786337496984	0.8697515841419005	0.42943419426122054	0.2801907226079235	0.13408868808739657	0.9831871911796982	2.025811545155175	0.5003447229600937	-1.040358395844731	0.5639198238681051	-0.35592334159095107
0.2198952830211775	-0.11339694923399352	0.8649552429102463	0.43662297714565623	0.2794385046398625	0.12296124422773587	1.028024536681903	1.9936425927239283	0.5075383707358125	-1.0054045625000663	0.5355133764220987	-0.33612685667209047
0.2286212518535001	-0.09979338266837869	0.8681481722071711	0.4290598502189283	0.30572369408528477	0.10895300593938743	0.9723313741788063	1.991713528000129	0.456267900945356	-0.9780545295582407	0.5811280694596924	-0.3580442436462916
0.22709760272487847	-0.09606626433981155	0.8689893531940058	0.4290168478368537	0.23828653163761604	0.15897598968795476	0.9551963712113679	1.9916802884709937	0.46107934040723253	-0.9935799978528042	0.5831052979159118	-0.3049448630263209
0.2204564221037965	-0.10692371222299246	0.8701659386602957	0.4275248822151689	0.24981713452270402	0.11363056250173398	0.9651390037451449	1.9658025790525606	0.4876288507357032	-0.998534159590894	0.6050118473451257	-0.2828221189931965
0.2209483378414715	-0.10807929776142108	0.8684581391953733	0.4304429786461834	0.2338097773978618	0.10274925582054245	0.9620103423402996	1.9846550626080526	0.5112530807010184	-1.0269800687071673	0.5981344297447241	-0.3297556999178401
0.1884263799362215	-0.08896725550371837	0.8761961659444466	0.4345809539965119	0.23496288081692138	0.17906627879723647	1.0412446583614212	1.976549242738015	0.4721222341692753	-0.9987126392758234	0.5967113819230824	-0.392127218131263
0.22272282364738824	-0.09906333977375226	0.8616169672108881	0.44519344149899126	0.20800160071196463	0.11822519146910031	0.9857132561327151	2.0040098663347843	0.5123987573521213	-1.038893095929122	0.6480849692852544	-0.2742136195069367
0.22419970654396004	-0.10921659908337182	0.8565190267243739	0.45186434128994485	0.2621161466839391	0.15484687919194354	0.9438421514585534	2.010651946767186	0.5440633567856528	-1.0136077153986087	0.5201535061978143	-0.3217415340856808
0.22698894377721457	-0.10640584059631489	0.8611176709373598	0.442300998517201	0.2852135916637441	0.1310630169785068	0.9936049720335466	2.008202018096153	0.5022767371968844	-1.0046829984596166	0.628369346761354	-0.36681729430306764
0.211982781329997	-0.12422342860185157	0.8629297296529379	0.4415700645278243	0.27040109241819604	0.1593374485641995	1.0232010183446414	2.02039963773641	0.5507405578502712	-0.9990949652558943	0.5596292150710501	-0.36013842921295464
0.19570811192666243	-0.10821310213972234	0.8589557589963658	0.4606335458239839	0.3204483402989361	0.11087657536378587	1.0318051457648818	1.962403058915451	0.5563598501190304	-1.014827113379321	0.6227971705983201	-0.3121084134965714
0.20723032457165874	-0.10634101425699218	0.8693274616815995	0.43590933189247794	0.23518194157124464	0.14940453968525266	1.0003675683228306	2.018972153050295	0.5154822109829184	-1.0110583993806765	0.5881066863608516	-0.35345414994890495
0.23503218174073912	-0.09044441780819791	0.860333916160588	0.4431763007396839	0.22775239518737359	0.15826491755977426	0.9567573662498773	1.9789273778670513	0.47510652395165404	-1.0258583146172366	0.6525338940149862	-0.3507009842350028
0.20642597120357725	-0.09966019681874784	0.8664083290331887	0.44361331242944696	0.27319323781992816	0.10832120931209543	1.0251836613808956	1.9829150183758983	0.5001997444830876	-1.0085000702677747	0.5469695668023662	-0.3440188998273874
0.21444912122743925	-0.10745884418935302	0.8691290660272262	0.43252611227174353	0.26680806224048687	0.08847031286066072	0.9860032544847495	2.011272820173603	0.513185941962941	-1.0203853241711422	0.6972381617411519	-0.3491143169306363
0.22049610185475976	-0.09760688592565785	0.8707170708778561	0.4286095511869021	0.22895813844765056	0.08254074177526576	0.9888041760623624	1.9403558875907816	0.4605777375582385	-1.0024701220787826	0.7193155602265913	-0.3797026546560846
0.21326494709932578	-0.09305377634482305	0.8597258684148293	0.45467624550338775	0.2714880260078721	0.1314488185495794	0.9856411569908985	1.9725320858203699	0.5248789704012947	-1.0510845530746775	0.5143847148337355	-0.3286456013822074
0.2069440417610669	-0.09894722479226832	0.8693008098980821	0.4378352569129633	0.22097570056821345	0.10683442465460258	0.9910068882448593	1.9838328907635596	0.4991955563932197	-1.0112006887374372	0.7117625912584713	-0.3608293283816246
0.19127728697147503	-0.10059510790319275	0.8677294791941391	0.4475926436976428	0.2507503661452733	0.12677709011738625	1.0118934042717278	1.9890131057081963	0.5205604575065812	-0.9945938523194685	0.6764377482274379	-0.2170677304255664
0.20783353539183053	-0.10245515884813093	0.8755135129755407	0.424009729356727	0.30132385082229707	0.17388868559918416	1.0451178869154845	1.9938863053831912	0.4608027018242302	-0.9819718054351383	0.534401808344401	-0.3629671604728329
0.19840009089564006	-0.12236099130100123	0.8785678614282825	0.4168737274112778	0.29352162756594297	0.09685699152747111	1.0614220714606994	2.019454843076906	0.482649787837324	-0.9295964351014929	0.7087109058744	-0.28895485961544515
0.2111966115858214	-0.10631383095486054	0.87719305008288	0.4178824158643949	0.22367123222328678	0.11023807319869168	0.9997572925926381	1.9812717493412237	0.46213940872339115	-0.9713120841197614	0.6037535745799698	-0.3449955257743475
0.2230726379262422	-0.1179851353920156	0.8612009946060095	0.44119264831224864	0.2531857674169421	0.1515411854727903	0.9814337298858516	1.9947895212939366	0.5412892227807704	-1.0193604042944264	0.48050075310540513	-0.2769940765951621
0.23338862876248637	-0.09061227709043382	0.8656023067497614	0.4336494088020237	0.2554498087261636	0.05674511116243214	0.9719989231661609	1.9363480486731606	0.4498171650003976	-1.0163956334313258	0.7050111713954214	-0.25600071482286796
0.19707091393965417	-0.10279172315881757	0.8722402674415951	0.43565333968930514	0.25835450307912583	0.11170552783703241	1.0050554835385093	1.9809904191054275	0.510522386316664	-1.0093712745308339	0.5201902387273003	-0.3231338111350508
0.21574580545146582	-0.09961497896477593	0.868713246886054	0.43458934418671064	0.2460694993502637	0.12369411338829457	0.9991212422898429	2.003569398789736	0.48449279748510327	-1.0052156379036528	0.6655195075980032	-0.3127796876163182
0.22157237105835112	-0.11583163616512374	0.8591868513660432	0.4464153569116946	0.21083292188587963	0.1303859007720091	0.9893655727881062	2.0114284852874205	0.5246182166089468	-0.9788509518281064	0.652300467464208	-0.367554200966272
0.2161844250453097	-0.12230328058918602	0.86992839644994	0.42606429910869964	0.3112799231005891	0.11576689332990402	0.9900454163864884	2.0221877009229727	0.5202837403650481	-0.984174947659808	0.5851285397652555	-0.3803820721856603
0.22127817354815615	-0.13060202853434155	0.8612800886929787	0.43837847674688796	0.2816712222253487	0.11489849382278643	1.0010668669802316	2.0212584679272894	0.5353575371219261	-0.9549432763734347	0.5890532515274208	-0.37651136445637756
0.20067689264037974	-0.08765773976494064	0.8736572224376719	0.4344743526400558	0.2544049301909193	0.16737024464385988	1.0156534272104234	1.9321984775990004	0.4603942011194779	-1.0050598816054206	0.5132072771953947	-0.34046325510984515
0.19743551085527605	-0.1138737302713935	0.8705144699420085	0.43618407837629547	0.31918716316225293	0.10513533679838871	1.0401846274335822	2.0412003238369754	0.5349072279186735	-1.0054809240333533	0.71745977648429	-0.3350140421397088
0.20272004598933507	-0.09812584461741924	0.8774593889681445	0.4234866258618452	0.23180122970332195	0.13058791367257894	1.0377488909583148	1.9921331262448452	0.4764851504295517	-1.022438726050583	0.6353222997421434	-0.39900806490618224
0.24326555804839745	-0.1300973674244271	0.8618511913864461	0.4255691097370658	0.21727511502396327	0.13117606966408224	0.9307750591734266	2.071146776451601	0.5376220951732557	-0.9876774527217306	0.6387437101292093	-0.33133179384689865
0.21729496869401138	-0.10146370900221645	0.8725093530388665	0.42569406995573805	0.298311373480559	0.12793242335524527	0.989018405727861	2.0141527637480325	0.4735982448650406	-0.9954665609391661	0.594064922952298	-0.24208620728060995
0.20343984621384653	-0.12510448536864432	0.86677939673709	0.43778370698921565	0.22436772353201484	0.11562176039585219	1.0110345998366415	2.0513787012983604	0.5587227426246798	-0.9898436183503332	0.7425966492586036	-0.33604608153150806
0.22248051744056394	-0.09765387594039561	0.8595950940422609	0.44951353057685967	0.27114268004858916	0.10359625207259687	1.0035028338135978	2.0031965422221805	0.5147613406828563	-1.0458556065082525	0.5857722968647483	-0.3380537469666853
0.21433036764654873	-0.08788809427695998	0.8692783831268085	0.43668440436693046	0.20151835099032175	0.07547207213553396	0.9954379035109386	1.9804974904583292	0.46836401391529	-1.0223152691939779	0.5566214274354074	-0.3790519491147562
0.2135048533730613	-0.11347988824549698	0.8667767485912559	0.4361605904383248	0.2903400418293464	0.10654987598362264	1.002584250046536	2.008495672016599	0.5207547266028273	-1.003095734066583	0.615389317616054	-0.3235398045381604
0.2116040556247121	-0.09399343105417478	0.865858715808316	0.4434835316227784	0.31357274292526366	0.14641421861731527	1.0144891242618568	1.990931611153799	0.5132078690054104	-1.0640779030224519	0.5284477850953737	-0.312442889166983
0.22171304188745292	-0.10773404864700252	0.864575928574346	0.4378871607491423	0.25462771447860405	0.1810418319276663	1.0207048161871122	2.0372933211690087	0.503442411923559	-1.0095795042521543	0.5612246064258583	-0.3657249656068566
0.20226324872015644	-0.10111847721640647	0.870566519255543	0.43701094646918337	0.1784408596495812	0.11370892750672586	1.0290164362688015	1.9971342692031593	0.5103831492492742	-1.0308838180281887	0.7072317340432194	-0.30101156046488514
0.22020529711328551	-0.10147624741658814	0.8675270963354488	0.43429130253469495	0.21151800338029172	0.0769734068331512	0.988456405976918	2.0081848276204814	0.4835105669157272	-0.997806752680965	0.6284697849170428	-0.2753594699710832
0.23176007290658304	-0.09714398501722078	0.863194915445691	0.43788680355774084	0.2488852346818752	0.10610869867605738	0.9774933127496627	1.9491839293495927	0.4798827286267192	-1.030916562666583	0.7101815231745272	-0.32676348901748076
0.20567697429287665	-0.10169297167780322	0.8620749277486334	0.451865401092243	0.22089533136038605	0.07551913605496981	1.0116468711356295	2.0175220450253946	0.5351620890457275	-1.0274176191618893	0.7088032462233048	-0.26907172471748964
0.20638775773598547	-0.10637832220361494	0.8667239825965526	0.4414490729561305	0.2702764057212705	0.15646217232163206	1.0325981491579015	1.9850189157431828	0.5205292629993917	-1.026410198799395	0.6162708816570623	-0.3028206248656593
0.21467353043774176	-0.1163251571317848	0.8699987835065529	0.4283524831780244	0.2548817461529351	0.1501018391527873	0.9865341485966783	2.010900061356803	0.4990211130446205	-0.9618533344294106	0.5213025379782824	-0.3435239421654526
0.2077633050291462	-0.11144452016231061	0.876885793461791	0.4189102925854697	0.27729209760082246	0.09825381369693514	1.0052749604133389	1.9797392921063606	0.47123104326050425	-0.958305315390795	0.6284365404127293	-0.3451583791803579
0.2192944739060403	-0.11344900488272572	0.8666500899203733	0.4335399389288156	0.187150122181827	0.12540293310822184	0.9928789472690955	1.9878707556377786	0.5023181265605502	-0.986172018983736	0.5946345995838948	-0.36311122360518305
0.22407480328519122	-0.1135974216585148	0.8759031247765373	0.4119221095449211	0.25786371571678496	0.15115509625674448	0.9993510149695233	2.0003223705529867	0.4770095887830463	-1.0062875919257315	0.5416060043983166	-0.3208076156019268
0.20059709938715017	-0.1126065845531863	0.8627282069410633	0.4503116718240666	0.24123527573987968	0.10929497391053695	1.0338698882593063	1.975874645457233	0.5442400244136648	-1.0091366807473288	0.711714777786704	-0.3332409085829595
0.22312744477504737	-0.1330997727050363	0.8593373531755192	0.4404973408901795	0.29091179171142323	0.0986287865445001	0.9883890080984782	2.0382502813372385	0.5884287694915711	-1.0327074507344673	0.536975380349052	-0.36821150144184983
0.20626100127141453	-0.10816671455654682	0.8749466966601049	0.4245287260246667	0.2971597634257174	0.08889257917112893	0.9948217931075406	2.0056301063246713	0.48200823384454056	-0.9657344880298604	0.5992887730149065	-0.27361363917738574
0.19444355673997285	-0.09692087771153389	0.8793395307827236	0.42374524930523333	0.22112677544945694	0.09895830200397195	1.0251836855105827	1.9755363588731862	0.46117308679836005	-0.9755799521106735	0.7521270941942081	-0.279715324990312
0.20565507740549405	-0.09834606543832776	0.8699580996453093	0.43727216400276653	0.21068370064601258	0.1562112415046592	1.0225179928204637	1.9925635579888146	0.4963037881833004	-1.0201626539161488	0.5832065543852737	-0.32422706835702503
0.19512716564907312	-0.10256638309251304	0.8787710205132596	0.4232812537677083	0.14153743779170821	0.11717925783784305	1.049505066070566	1.9703778792945348	0.48006667114540497	-1.0030236189524262	0.7116417287262059	-0.32662563317798915
0.2225929712644005	-0.12262016075298024	0.8601508063547172	0.44221856094914075	0.23915032021632357	0.10566492461339401	0.9834570004995425	2.0344357306729055	0.5422209436810935	-0.9855750073210604	0.5619642440496995	-0.33479955080155643
0.22528982269102313	-0.09715501250368692	0.8641099128008052	0.4394535901965538	0.23635705358792589	0.10882645425906118	0.9954180086346557	1.9922081610448825	0.4798829023181196	-1.0134770102799593	0.6261494506254138	-0.3828284165673976
0.20785603846911538	-0.11641972368395322	0.8700922744906713	0.43148783190366785	0.26159481102560606	0.11365042982555446	1.05778041939321	2.0260521897291586	0.5191355740225463	-1.0097375443841086	0.6032705694265201	-0.3208080768582081
0.22455025385901947	-0.1095845895864442	0.8639526116284537	0.43721194640288014	0.1831726978285434	0.14302989359802407	0.9718674926929854	1.988685495735103	0.5099808289089287	-1.0084424293038983	0.6927915449440838	-0.37276758311378444
0.2229839458273031	-0.10097752282804777	0.8619929170101447	0.44390304212872805	0.19493077876341677	0.15572710048828967	0.9679594534136339	1.980321237666169	0.5130940057376074	-1.032105754105257	0.6549713492927733	-0.3589926375891654
0.20818122274891515	-0.13911475978348292	0.8485125957426527	0.46619098765550604	0.315823218973256	0.09834628707695091	1.0559442152492984	2.0470046529408505	0.6480411524947571	-1.0401965945455658	0.5683310821732238	-0.3021815636030675
