0.21798267704857865	-0.10604120841714561	0.864577051173878	0.4401651249334141	0.058322508600819084	0.21599212510870222	0.9928551686661299	1.9863450921033292	0.4964670821544506	-0.9883219158879533	0.3856218913842791	-0.18625948801261374
0.19343166180637503	-0.09179387518021415	0.8741592030705074	0.43589421236965137	0.22515377582776405	0.2518522416678283	1.0372106384613426	1.9440593306672125	0.4727499907058926	-0.9989474066621064	0.2669888209263833	-0.2027223671320708
0.2153559468001818	-0.10793430738013186	0.874215213954471	0.421568216494919	0.21350098191840228	0.2355829360833961	0.9997247288361689	1.9758770944865272	0.467555011437879	-0.9743985152187088	0.4106275861429331	-0.11257169540020591
0.20997875289672696	-0.123753635543997	0.8552454917925958	0.4573282298196993	0.20583464771939305	0.2978355111618049	1.0197196331375393	2.0169019721602117	0.5956746955681892	-1.0363860622081584	0.35385800222990055	-0.2279782994935182
0.21357108942100086	-0.10622143880239535	0.8667749624321228	0.43795611675494156	0.07543177904806209	0.22494953992331876	1.0284575661517938	2.01111934282991	0.4900796246141539	-0.9836911607341086	0.37052929836625464	-0.1673112528363082
0.23439441678268255	-0.10565049992653183	0.8596157061388071	0.4415405609973559	0.19576642719695544	0.20460088658217904	0.925372119720957	2.02958693390647	0.5158212882408907	-1.0098353456426064	0.33207119578970334	-0.19110943325198515
0.2159851384294834	-0.11461090476478983	0.8657324961605757	0.4367173062499034	0.1728763590209904	0.2666805282912443	1.027393368379051	2.0123574494777063	0.5314536682453215	-1.0335296889780496	0.34499345385285757	-0.15848901586969893
0.21094167993571053	-0.10795555857010937	0.8686709401768525	0.4350402311648649	0.14781594653728833	0.2222759917701473	1.0195088121228653	2.02142011400715	0.5074275717048701	-1.0059321379053006	0.46595613609927433	-0.1766240329776938
0.21743653515824038	-0.117108828233159	0.8718324194223727	0.42298357884481513	-0.01394090350978501	0.3015760727898998	0.9813717743430221	1.9978295045466061	0.48094202247951784	-0.9426452302883542	0.4484561939958373	-0.20312770738919939
0.2210151779620248	-0.1167701808687026	0.8714348104003098	0.42204074115289036	0.09477571519421835	0.31061939944641065	0.9817540739343543	2.0384995017385577	0.5034565881609003	-0.9896584655656377	0.3812521722559576	-0.2820479570051783
0.22456781638045092	-0.11012880813874813	0.8698475740233039	0.42521305181029856	0.10478443628125599	0.22633994435667412	0.9509790983667413	1.9737180330352015	0.48427924914390996	-0.9817318946442904	0.41092935621481247	-0.17853734456593962
0.2144563205361204	-0.11021122876180532	0.8700678395304543	0.4299347930229996	0.11409626900536123	0.19575678847592728	0.9958257197383996	1.997252701886853	0.4907492329255501	-0.9778845001451548	0.45133786434727136	-0.124672221886087
0.22864217053858077	-0.1005415707755664	0.8647405733494321	0.43570390312766705	0.11371669720525567	0.2599175900305427	0.9750999205885675	2.0284653128331263	0.49536052465558766	-1.0267574249699567	0.38011494325102774	-0.18710302772277357
0.20828861119071665	-0.11399115500522809	0.8652297410585148	0.441587325697457	0.1715821336981387	0.28318470804000656	1.0420030790668535	2.0384605945231535	0.5282278315934957	-1.0002762779589256	0.31972435723531833	-0.17829840346563827
0.2146945866042982	-0.10868295316198442	0.8615867919283405	0.44694792778290154	0.1371958270162311	0.24614205028127276	0.9671781017802364	2.025562055477284	0.5487962002485767	-1.0299620284861117	0.313839761564358	-0.13351574920374357
0.21451334149718554	-0.11082010756656173	0.8616361140869641	0.44641475891794147	0.13361034521240758	0.23210995139582083	1.0082829945954694	2.0080692681970556	0.5231864800985455	-0.9958274425676458	0.39079718991085083	-0.13436983199690047
0.20375125807287475	-0.1007660045373627	0.8736515245566423	0.4301914118193805	0.07435164654501099	0.27395145526516124	1.0244558859962902	2.0052430475778213	0.4902807439330171	-1.0111972322721574	0.36002675188999667	-0.19249600280443688
0.2924823883066685	-0.1619039176579264	0.8167955607723937	0.470198028366723	0.010059266804611602	0.18586951629180196	0.8461306015134635	2.1368133445294197	0.7202406573223002	-1.041708364148209	0.6833781370564985	-0.07730955772529625
0.20510225556213962	-0.10054779325836442	0.8672296138309183	0.44242061765798407	0.10270962288280185	0.2714070093388153	1.0350543585204441	1.9863204809907484	0.5092076106177749	-1.0265610233413034	0.45152594070395624	-0.13466614763959417
0.2274255749274921	-0.1077808252850391	0.8693516034364138	0.4253101117682388	0.13824750382667392	0.21127225189435705	0.9578371819088213	1.9932856890694926	0.492092639269129	-1.0129084831361876	0.41797138334254114	-0.17452165843041137
0.2312986344129957	-0.11558858010010668	0.8647946653580064	0.4304304922254674	0.14485878872842375	0.2550292606375469	0.9750216366654901	2.009280655465432	0.5016399897508423	-0.9922318931323497	0.31348078058167633	-0.15587611980520308
0.21610738043699723	-0.1219464638582895	0.8726717649109712	0.4205599253379815	0.16393701741605518	0.24514385397441987	1.0162265675898872	2.0188732285459747	0.4955530637367482	-0.9650819123219814	0.3678333255469999	-0.2664614315099608
0.2154146091425719	-0.11350944483117638	0.8665662553125594	0.4356318138699689	0.08642117905724961	0.2732332907579197	1.0108696496088012	2.0090665174979705	0.5035049289466705	-0.9779553115245301	0.4064007411461237	-0.20700892826194206
0.22081541628059886	-0.10245257086922996	0.8628710192362451	0.4429420129286844	0.11261926509047722	0.2683913113524457	0.9731836662689414	1.9875193510770128	0.5187215456910256	-1.0359308095675404	0.3146583288386929	-0.15033436634461692
0.215173038639319	-0.11400060339776541	0.8699209849280277	0.4288844901013764	0.1288205985859424	0.23967741638070683	1.016742598316924	2.0510320516804077	0.503451487406468	-0.9860923546158425	0.41667012596411457	-0.17323727056406546
0.21643630972160538	-0.10845195909657057	0.8703590412854685	0.42879906209651314	0.1332820206499515	0.2869696198044547	1.0206005885816405	2.01801672420548	0.4925632698259255	-1.004535903261276	0.3175952365364283	-0.24643832232350826
0.2405832492171719	-0.1097834743691959	0.870992968131345	0.41405137171284223	0.12237931474069454	0.252608322884744	0.9806036563910668	2.026168242684156	0.4499256930714232	-0.9790068746309293	0.39422740668073725	-0.1656437405359788
0.22604578560135216	-0.10750125026386081	0.8662965996462781	0.43229270806349535	0.28431212319367977	0.36031268582959736	0.9736080176346719	1.9718580210052497	0.4812000294379271	-0.983048587075552	0.15531042649091656	-0.15062021069767753
0.21597651104712648	-0.11328135023615696	0.8722885736797507	0.4238326634325506	0.092106742946464	0.2245405289270206	0.9835610436637403	2.0006908285988834	0.4760803512282608	-0.9462804764155904	0.4043008507784735	-0.19196025863293598
0.2181792814742442	-0.09515107469000826	0.8755642508593127	0.42039423965831124	0.1770270783853157	0.26994981964227777	0.986637733640044	1.9638548629319434	0.43320381333139724	-0.9698010697721756	0.27088146899840165	-0.1661136757186671
0.22090031943177033	-0.10353782215330436	0.8711481957502484	0.42612649448230694	0.1313247996449994	0.255903263015437	0.9966556572724671	1.9907683603266118	0.4754858896687255	-1.0050076985354888	0.42522524714859505	-0.20197703788261753
0.2151728272357362	-0.11125925709677754	0.870008320093796	0.4294270078805292	0.11470522735895883	0.23646018509500152	1.0020288346834894	1.995528469208009	0.4943444489313272	-0.9865987423206755	0.3510613936557114	-0.11934880543798104
0.22496451831846448	-0.11109331729189845	0.8644009427318934	0.43572956125908735	0.16714345093662955	0.2457811364357991	0.9983521708556643	2.010165064806031	0.5062218177940668	-1.0071763897305313	0.3978273400428222	-0.2257343855285301
0.2075132773167318	-0.09431616768463512	0.8678395596407092	0.44147162872960805	0.0854748166092909	0.25196471581395113	0.9998350624378115	1.981532828086615	0.48960721515433847	-1.009099903825373	0.42276215948827406	-0.22223477259532212
0.20750675398049093	-0.11187295808900129	0.8671034648178882	0.4388131374534154	0.12128986351896377	0.2853523662397369	1.0226872588487999	2.0067435241862803	0.5221129161353601	-1.003707638306873	0.36568006816186444	-0.20728911384899576
0.21768480476783947	-0.09641187065348478	0.8684191040923666	0.4349325655980418	0.1206406374451231	0.22132150677167228	0.9842271587111855	1.9540163947490683	0.47257859759588383	-1.0030456163324895	0.3767732665116241	-0.10428326256895681
0.2345144073880148	-0.11243384466210396	0.8686915276615822	0.42158825063197947	0.14078398276026752	0.2310784140695051	1.0069307737409279	2.008069298656638	0.47091999147110336	-0.9949258032152172	0.42795855216843925	-0.14617663915009393
0.2203439998327367	-0.09960782447353239	0.8756653309603037	0.4180155872638515	0.12937166035083084	0.2628803597613131	0.9974533182043722	2.005784636006713	0.4472232821690616	-0.984673647967197	0.33559273863955835	-0.20087332835216984
0.214835128076017	-0.110425841864834	0.8643002914424762	0.4411768436868085	0.10507459900920489	0.22429999139200532	1.0103733268615822	1.9972909520593598	0.5217565698952531	-1.0142542839144997	0.45268844339953485	-0.13162151794044258
0.2884773389504243	-0.07061065916378897	-0.06036951968510877	0.9529692968913146	-0.34009292795244495	0.6873218707586153	1.3969490882633717	1.7499507386968507	2.400330850505934	-0.14115476791992024	0.7308946170464278	-0.37076194335994556
0.22431446192219076	-0.10195423998815212	0.8700324244114058	0.427003437449639	0.16580435515217906	0.2257844646055416	0.9836627072211075	1.975879978401787	0.48540501909081885	-1.0339929289458947	0.3319951191610688	-0.167445015050795
0.22939525524618243	-0.10934600936459182	0.8644107243847137	0.43383794978686707	0.15357723908426998	0.23568381968865804	0.9836651190421865	2.0031742936770507	0.4824302368120933	-0.9764633699289698	0.37202557373102696	-0.13817267612997122
0.22266058193845922	-0.10723665048199342	0.8664381347767957	0.43382891172527555	0.06405737648074471	0.22232699662927793	0.9846608485495066	2.00613097365875	0.47806215082512293	-0.9642641568340554	0.5321486343514302	-0.16782890400831052
0.21336700726897592	-0.10933440348402208	0.8624754281170589	0.44570914767162895	0.24250582305176993	0.25668688824011515	1.0141643002097342	2.014665539218601	0.5155727703013806	-0.9889538833975882	0.3630214009574135	-0.18582742714846143
0.2064250464379338	-0.1185063189190122	0.8673463954486978	0.4370985962932313	0.08799352670423198	0.3231530048077919	1.0141071183377561	2.023263054051275	0.5216393120682419	-0.9654792600136257	0.37500261255365047	-0.20076659121339824
0.20757491512414067	-0.10916308624326113	0.8651558699313542	0.44328477972560054	0.10936880939910365	0.21267233634440627	1.0209372640793537	1.9792016600162203	0.4976116658984464	-0.9618576536633688	0.4697939747243238	-0.19860648183507953
0.21939150939508678	-0.1049787384835922	0.8788747706893271	0.41039732883819036	0.14227886838173234	0.18809169571620254	0.9618375702257144	2.006391777296983	0.4475855861338735	-0.9594657916809669	0.4317682170391366	-0.09365685901261249
0.18161307344179706	-0.12470192320209263	0.8687161079346105	0.44361970844369153	0.15591074845871525	0.2562757113773427	1.0593591070854158	2.043519240787753	0.5692524405781819	-0.9739906507238232	0.3862215613252899	-0.1553369647531313
0.23082787338629404	-0.10510766723958363	0.8669717964623577	0.42898808292800694	0.11351298483487361	0.24500901534855357	0.9576552628908827	2.032906429333208	0.4839317490169787	-0.9952133172631739	0.35183995032424004	-0.17395561051370836
0.22639649300067408	-0.10059823918136461	0.8756758286449275	0.41450749734790604	0.10761887211072763	0.24617850748250578	0.9372031703426705	2.017772553149905	0.44515732540987973	-0.9626090177811332	0.4767879686753483	-0.09086400018971924
0.23497045843010306	-0.11266208974387733	0.8612653264754183	0.43625471299560864	0.11288659688119995	0.2396892568084323	0.9845793164238265	2.0314028421540233	0.5199794369521124	-1.03225297090092	0.411560188477928	-0.20734337652093993
0.21929584994169146	-0.1097989372439139	0.8579973147093867	0.45132486252137705	0.13017828724599978	0.18155225257840168	1.0042756928974008	2.0255496923283958	0.5435783352164896	-1.0285696149196328	0.4151139623415307	-0.16244490506711506
0.21709537551225136	-0.10773718843198996	0.8641550567549736	0.44101965267408766	0.15475015394946512	0.26721706007971197	0.9604894905255055	1.9983105921297666	0.5189437033495068	-1.0014820984821382	0.37406318020160584	-0.16983462378837147
0.2126066644880641	-0.10888910169345431	0.8716959049884647	0.4278876242356091	0.09586111778679833	0.2016823584310596	1.014163854736954	1.9862589237535426	0.47868157640329495	-0.9736220231895086	0.38370367513326925	-0.13437771292242454
0.20458588053787144	-0.09821538428742398	0.878643524218427	0.4200998846974847	0.1413187117857017	0.3085333845362334	1.019581483742924	1.955013702133961	0.4486691921908887	-0.977862286537034	0.30695379283685587	-0.18404459578049936
0.22346873490247332	-0.11496335881534041	0.8543493556204801	0.45489815255928856	0.12397076137144268	0.258278949420706	0.9943570149850243	1.9922511563795544	0.5645383836298292	-1.0452555615823569	0.38720223307874574	-0.15063290524870854
0.22661467621121756	-0.11291797519344296	0.8687576131192268	0.42562369418452456	0.12235602546381907	0.26559475032909835	0.9605537927513789	2.0174886620193937	0.4946759564177977	-0.9858904965472343	0.37865964406718916	-0.06971774466464203
0.20713312245246415	-0.11219353184021301	0.8625283358974681	0.4478318331363414	0.20105248413749277	0.21028581068725402	1.0371158368573843	1.9891212789388282	0.5376537239431797	-1.0168908018507137	0.35289183037767075	-0.13561520399093627
0.22431283696573934	-0.1273418285223026	0.865349340530627	0.4296956233477216	0.10070016433217656	0.22293157431346342	0.9827033972453817	2.028638967108698	0.5344984362086846	-0.9882117426012942	0.4206957994049525	-0.18248504626735176
0.21568893655444654	-0.10863733407831605	0.8662384907662875	0.4373866589269875	0.12362055814040662	0.3103327618238028	0.9997888879625564	1.9814217308188835	0.49686308154830067	-0.9849156223404342	0.37201001610519424	-0.16583872581349327
0.2207991716082558	-0.12471503517995983	0.8632247754464667	0.4365052953545543	0.11608151385277421	0.2219276238884044	0.986309233901628	2.046955676712573	0.5476092875718276	-0.9970097075342981	0.41079419241238724	-0.13970391252056097
0.22543254625524145	-0.10184978714554123	0.8642996890135323	0.43794158916275305	0.09992559415699244	0.2500631065722728	0.9458876747110908	2.0225001458991474	0.4972664891604675	-0.9979183077671698	0.41619188249224104	-0.09617230951233365
0.20797122488463027	-0.0914053566251428	0.8691336719664386	0.43931730065449526	0.0910581952948149	0.25134936548499914	1.0064086082838228	1.956972321774552	0.47508987360035176	-1.0091632715527905	0.40517151421239933	-0.13900555735140216
0.1908307732653434	-0.08256523645513528	0.8967044190840323	0.39075284067966404	0.08671706879450657	0.21019760777584565	1.0197671818583116	1.9616742790958814	0.3915207712317732	-0.9819897002474244	0.5290818487534833	-0.20245342676424685
0.23568360561797097	-0.11748878416352948	0.8575749256055171	0.44183126939068046	0.12248316743855886	0.27714960578486586	0.9695177792370271	2.0044969863068265	0.5225942848963694	-0.9984745709395467	0.30495779210082957	-0.15190512156704206
0.21462004773330956	-0.11184553628650333	0.8715952778026765	0.4263220412268306	0.15175036144948756	0.2782190166651258	1.0328568716979993	2.0050835413640877	0.4925764363746338	-1.0009790762761486	0.388813122363157	-0.23827176241586637
0.22889270156921918	-0.1113654766258715	0.8594110114264051	0.44341693159291995	0.16999321361882924	0.21945289944138943	1.0025856200731957	1.9964186184004022	0.5068033023013281	-0.998393898006431	0.39299148595570976	-0.13919309084398193
0.21968340084734897	-0.10263755854913958	0.8622993264435509	0.44457238621197953	0.2102695912873989	0.28085937951524315	1.0031594061982811	1.9626458622124408	0.5097845552076258	-1.0313802277405042	0.24206822499701244	-0.15468492359322372
0.1948367983150572	-0.11068495437828016	0.8760442424022089	0.4270057941650855	0.09536943284625025	0.19497162335983398	1.0315050950851454	1.995606309823611	0.49509445790196877	-0.9691114541235014	0.4914164626663706	-0.16125493775767455
0.23221536701875276	-0.1107206876838342	0.8628446719573728	0.435104613528676	0.2519089551900103	-0.08943513373307306	0.9632894401910007	2.0089094638208094	0.5037630057866029	-1.001901578352054	0.7334574445031173	-0.1178450962346443
0.21279024406727837	-0.11156468569601602	0.8712974545761923	0.42791865884112273	0.11476324733361797	0.24647819639487167	1.0114914815066671	2.025324826883761	0.4919925890550729	-0.976710581221383	0.44227484881844087	-0.15028544133351637
0.22090664375054483	-0.09828018873448985	0.8635904400608502	0.4424396129243969	0.10880857284043403	0.3012131937874613	0.9773930902603317	1.9753455345212985	0.48806783568036327	-1.0018678239741936	0.41743614535276047	-0.24597896640305605
0.22936002913764453	-0.09588879385701074	0.8630232584153271	0.4397614940860762	0.06376163333033937	0.2481235816367602	0.9671865599020668	1.9634488221972985	0.4801088891331899	-1.0185210440603674	0.37082984759236237	-0.180531594237204
0.19191463117361007	-0.09972948958789973	0.8584253824734097	0.4651114554312919	0.1870222074313412	0.23316735864666974	1.0350408730804088	1.9862407333761998	0.5557255522826597	-1.02685415949205	0.32021932927220664	-0.1178304242478293
0.20204919654450412	-0.08361132563357569	0.8754228895636892	0.43106847812090976	0.16463204685290833	0.23405082176233313	1.0346189763273101	1.9422169021130573	0.4516190167516378	-1.0253828570264263	0.34350458153086744	-0.1779943855626439
0.21575277652183786	-0.13316619826163154	0.8695149148137844	0.4238647378351247	0.09655185153451058	0.22289822760609157	1.0442671145908247	2.042202232005604	0.5192443715245458	-0.9551206114177683	0.45209073460788773	-0.24722555024872958
0.21549166680680443	-0.08828750986544047	0.8695957111366898	0.43539861771859123	0.09823097924186129	0.27720779055436817	1.0033537406385413	1.96638338030837	0.4574019875468907	-1.0113998221271776	0.34479409728896737	-0.16427542476903081
0.21829136079685305	-0.10635664981586265	0.8724166571310943	0.42417722852790035	0.014334055620156364	0.2373137675856661	0.9780319012632671	1.9781563863567544	0.47229982993414693	-0.9787137060615709	0.5479517188261326	-0.10073191814401167
0.2088405210147438	-0.10315444608797507	0.8705591801528171	0.4334414734266074	0.13678018364359235	0.2947784861882073	1.0299211371016164	2.002526135920022	0.48795002947383564	-0.9996947609503074	0.34127072476654696	-0.14943561355836096
0.21861017722676376	-0.12784846215079748	0.8605093127517701	0.4420272432848857	0.17706743545519857	0.20860166297157076	0.9937430959766257	2.0459871964801533	0.5662754252185161	-1.0020905303717553	0.37303070491458507	-0.19332379058865942
0.19460457417542168	-0.10936616144599623	0.8706928808603925	0.43824879881136164	0.09218771789486463	0.23741730606233746	1.0512824472445796	1.9908720142437506	0.5118074699410526	-0.9868309154020678	0.3684308648912736	-0.07765751202336439
0.22210213093107908	-0.09678732807370191	0.8686457678661199	0.4321543549803778	0.10477036811157274	0.2656929990047133	0.9640533161953686	1.9872111552564975	0.486404534760119	-1.0280925629757312	0.39370434831256795	-0.20248664198480526
0.578270856981868	0.5047454074171184	0.5073746510229522	-0.39167059266189536	-0.035433452967957656	-0.17681370762997975	-0.20028415991161785	0.25817397509633006	0.8269339464700385	1.1082245287086798	1.1205106411953276	0.07225625333937129
0.2165261756293368	-0.10309959201851206	0.8653853312081854	0.4399944521498528	0.1405076266481875	0.26027748466678996	1.0122658560296909	2.027088871526335	0.5013780022371958	-1.0092745152657658	0.43785770121165485	-0.1654592853901736
0.16023461747949397	-0.06889754199700948	0.8762237770060134	0.4492325552286772	0.09071879509444931	0.298456059318242	1.0989979734653816	1.9676341827729824	0.47156360165805483	-1.0100060559035535	0.2875498726703703	-0.0914456926491296
0.5975955461395291	-0.4478160497985576	0.034098434602632066	0.6642120486220223	1.4206006082080151	1.3968337372783963	1.3924236035249569	1.841897568005531	2.2452148352998673	-0.1262144554175331	41.54285745738278	-36.76197623064627
0.20911601557884132	-0.09489220465185594	0.8774886770611745	0.42104582072996516	0.09225645631483496	0.2744036733067425	1.0383998186104064	2.000334076514862	0.45200999211650855	-1.0069297715640395	0.3862381296076887	-0.2389233262141867
0.24280260841864976	-0.09965075610712382	0.8725020866754238	0.412136784210545	-0.01191900028472592	0.2733606137800845	0.9180940333825808	1.9750663339416237	0.4437385992479037	-1.00272929317318	0.4653743624854784	-0.19188438968761168
0.2179681906605304	-0.12632602577921903	0.8682497216608736	0.42740381831099533	0.17899586578937177	0.2693087558520448	1.001798699234581	2.046872488980459	0.523097618840618	-0.9685602404401773	0.36853374497948316	-0.17808649543009583
0.22751642204131114	-0.11359348246257397	0.8607060289764944	0.4410418689048227	0.05657903505817382	0.19635313467890522	0.9814472272688043	1.990201825440476	0.527023649275579	-1.0222019031426315	0.4459507141491601	-0.13393239303481103
0.20641653574728863	-0.10644886721319986	0.8616011964824569	0.4513360506973861	0.09650288132696867	0.2538487211545846	0.996126835557649	1.9905972420138327	0.5288360731996565	-0.9956351188614171	0.41839440345032797	-0.1650291542315052
0.215871910595727	-0.1135649567857958	0.8693526802815982	0.4298002281213819	0.12433676297379341	0.31016524157806064	1.0224253065388262	2.0065572247296233	0.4893219522989176	-0.9730838730101508	0.3172756187661134	-0.23259213627495748
0.19281167134127833	-0.11744745655896051	0.8725150623766345	0.43329807323401703	0.1496194542889021	0.2897958248238525	1.064674002992017	2.01461853286073	0.516028367110209	-0.9667993008140899	0.29089419962042656	-0.17194356812552566
0.2107937881508548	-0.10845737526576918	0.8741968004197782	0.42377226285269687	0.16944913014776142	0.24365891038543044	1.0300550788492997	2.00705607772817	0.482707902952398	-0.9944749081368754	0.3434573572424013	-0.18013399129502358
0.21853215677247656	-0.12025143755543476	0.8646579740215037	0.43606178023675707	0.11967229724708013	0.21918897958082686	1.0233095136874193	2.027848618969495	0.5312758210600816	-1.0070733517209658	0.406721049625925	-0.1698784849108009
0.2130326316426597	-0.11375549539783736	0.8644454288232959	0.4409204981725204	0.12150572099082078	0.2360403044569853	0.98934699269416	2.0143782573925866	0.5302168270857596	-0.9978218548605428	0.4591671013726624	-0.0931686197880973
0.20806364587747123	-0.11385070223654029	0.8582903794394989	0.45506610665487013	0.063549577100687	0.26868301441587245	1.0304048039919012	1.9937134956185847	0.5579906708944979	-1.0247349045332848	0.3871680371249732	-0.2266204023201118
0.23168322850723147	-0.09670509093710854	0.8683480507978124	0.42771797915326315	0.13335391284420683	0.23746094476754867	0.9708317628587837	1.9538971508791805	0.44764708975614237	-0.9929138685606756	0.29946988264569846	-0.19069918545499653
0.21152819893709662	-0.1052631618494273	0.8685518574440834	0.43565256655082596	0.1663777569095742	0.23463717390737504	0.9867889024403758	2.010681363170699	0.504266825816914	-0.9986510424132161	0.3869328223050564	-0.1962422114671448
0.2116301425461942	-0.1083056827093695	0.8664297480632898	0.4390695315433756	0.12277724552096374	0.23885208708793984	1.0145863309041754	1.9939154151238576	0.4997157753613877	-0.983291396619976	0.45365050925502853	-0.1818569193746242
0.21923660529843852	-0.1021034008635924	0.8675556867585315	0.4345771931455196	0.14167220616454604	0.2512110355266143	0.9963604833197444	1.9733934968429057	0.46827389890806065	-0.9738251187133562	0.34202036653674606	-0.15140972770339448
0.229474865674247	-0.11085352553361838	0.8690851511172845	0.4239620053825584	0.08172698559829833	0.2558901178889915	0.941196689319008	2.023673364694101	0.48460182620236014	-0.973695526876281	0.3645853824562478	-0.14194299482946568
0.21747303211972882	-0.10191544821257739	0.8736417939913578	0.4231651421228391	0.1507342763345038	0.2951159025847539	0.9926945078160048	2.0000396861648904	0.4594109404145307	-0.9769470604644248	0.29869321948549993	-0.20261766108437362
0.2241586078117934	-0.10472600085227303	0.8661175077010288	0.43431077138740964	0.15832344636190887	0.25769716305585977	1.010907360287268	2.006555476824769	0.47081680299685924	-0.9768298644142497	0.30022940834469763	-0.16320765935230613
0.21783942170848467	-0.11797920331894472	0.8650417913299301	0.43626779985078634	0.08270792914781983	0.2755581732817914	0.989752434691836	2.0235216122315864	0.5298126545535907	-0.9975151001546103	0.3646807880480118	-0.2027734457094653
0.20370492245339558	-0.09479873531970931	0.8715660011406415	0.43576393839526356	0.09513369772100806	0.21764539533564134	1.0160933174240168	1.9808473874881163	0.4802978775438911	-1.0047015026888113	0.42493599194029086	-0.162687533630097
0.22959016645004074	-0.09628858867658945	0.8675851509430204	0.43047981256185514	0.16732929191367063	0.25897913103824427	0.9704569550407377	2.0116934854596855	0.4624253682823702	-0.9995767923609977	0.3409407299472352	-0.2299365084371171
0.23201531014708554	-0.10830556612362659	0.8632085946881186	0.435097371010853	0.06889969705496408	0.23356536224974045	0.9868265001561958	2.0025929167335876	0.5150853640315577	-1.0496340373240596	0.44889996596582143	-0.10657639618810728
0.21298197496720997	-0.1264423174756637	0.8668747117786681	0.43264217636414176	0.08997898359320565	0.2948592790403141	1.021875160143956	2.0303071221233693	0.5432335378603359	-0.9981451005518424	0.39369424144257775	-0.13787940230914222
0.2222462693531016	-0.08811850782654591	0.870718617999943	0.4297566900064745	0.07793786853475838	0.2582225159340512	0.9616782531682004	1.9581104691924407	0.4560469247667611	-1.0198146757163922	0.4697485890520549	-0.06313608356588889
0.21826250874321157	-0.10855586075799155	0.8611449982545036	0.44610132745090747	0.12201309292297986	0.25667542833079876	0.9902680759366516	2.005425925688853	0.5073263546410984	-0.9758303394927238	0.30791224932193284	-0.1290964179717197
0.22558928164839934	-0.1087584312522222	0.869332138167629	0.42607829466638303	0.14592056355918	0.2880513574808253	0.9960486713405035	2.020514073855044	0.466747798468394	-0.9639280621139846	0.3745817203141831	-0.201162891840824
0.2218186954104012	-0.11529443613606159	0.8723809702890883	0.42006559254474046	0.15745638357864597	0.26637477404363336	1.004895657105428	2.016429874693626	0.47504312582945823	-0.9637544433471744	0.31505254989647385	-0.19797296706027992
0.22480694883532668	-0.09404562744955182	0.8608958423167238	0.4466269185738244	0.10032707846103713	0.27629884894382667	0.9851810916905412	1.9709228995812196	0.5011862185380126	-1.0469319847230116	0.36703423324925133	-0.1546234778785027
0.21660194678348105	-0.09799951982866466	0.8798016423853835	0.41161725039038277	0.12020075329677637	0.041433931059117114	0.9771098880042017	1.9682494763682417	0.4339948412422482	-0.9731996754455368	-0.011441523536380454	-0.6339788859504342
0.20976761558401077	-0.10032841811991845	0.8666713899154116	0.441375642590121	0.10450057189118096	0.22286947427256057	1.0048676688907145	2.0170206335623204	0.4924635129059763	-0.9860721811899904	0.46964530869129145	-0.11288182038676091
0.22246313750374214	-0.10847955951796004	0.8655508168773017	0.43538961979107427	0.16445371049860724	0.2170489050616925	0.9944217353150261	2.0056938140307374	0.49612601119822675	-0.9946669657413032	0.3181732720322753	-0.15535176294291034
0.4490906626148927	-0.7349148263043461	0.39970399719174443	0.3137745838322653	-0.15206810173759633	0.06782542005476129	1.3532028098710003	2.0153888019389807	2.2870995768227056	-0.1298208336655779	-0.10751081133196753	0.3782140602797102
0.21231547787959143	-0.12088557494969526	0.8661237890766567	0.4360486184100778	0.09250934895945824	0.18468024522070817	1.0258945379145574	2.0058547447972774	0.5237549812769998	-0.9837688179738386	0.4913273225849964	-0.11287829931431982
0.21819533315849488	-0.11233740104975719	0.8601449509494853	0.4471261212111711	0.12301810050887292	0.2659981214272945	1.02949283061325	2.0003081698492617	0.5399293134181664	-1.0384957640339596	0.40516610754232135	-0.14985852757991677
0.21943248045792219	-0.10619879363729508	0.8672588517646356	0.43408903094405943	0.12531219929700957	0.23441129534075622	0.9942758834009863	2.0102440673619095	0.49403485531649527	-0.9978299357053243	0.4151909501632351	-0.2242248501099621
0.2249830577152871	-0.10255136176338053	0.87316384123256	0.4200604103049429	0.20231058156732687	0.2984903760243704	0.978121125188892	2.000225362150612	0.46371155112012813	-0.9994538779169918	0.27728310124628613	-0.20445789956437965
0.8475702721703169	-0.18175180490390594	0.39219916859857806	-0.30784854603829426	0.7863209699682958	-0.1583425967133915	-0.09786273296555666	2.1506652777496624	1.5635533656768188	0.4527924288799745	-0.05354141467892617	0.18841806986203635
0.21494222568960528	-0.10391496726480516	0.8687396334957844	0.43392737685880506	0.181958466876853	0.2380083862072513	1.0208637507487268	1.9863867168210103	0.5014859909049307	-1.0339798683549835	0.28757967539092916	-0.16459766037767257
0.2202278103721554	-0.14263098366853302	0.8640926495066	0.42953464016898174	0.12404272002906143	0.2582484693430937	0.9947276330833819	2.1000356777650735	0.574062166914692	-0.9675108687841987	0.41383538583790935	-0.20818234049059423
0.23032388824885316	-0.10148322806638191	0.8689448547105844	0.4261301449031247	0.013334939723513772	0.3018692590366079	0.984408138009424	2.001300351005347	0.45677397534229053	-0.9868949443948093	0.4348404585673351	-0.1417102182026623
0.20400568070186717	-0.10110791832367798	0.8735285961787688	0.4302402384152018	0.020479143572624512	0.282105797059115	1.004198704511793	1.9859573131239872	0.48206888946369575	-0.9882088023774867	0.4986675022171931	-0.21110511594254686
0.2168549982969673	-0.12232628401187427	0.8603042878290129	0.4448446046615419	0.1079743394787951	0.20358156001339342	0.9971247953511743	2.0349390177195494	0.5597098302549018	-1.008949484324228	0.47864281690493254	-0.10524574528730617
0.21029619321967924	-0.1058244192889144	0.8685761682768693	0.4360643797662758	0.19151194387138662	0.1827459173271031	0.9846579910686843	1.9825913443694745	0.5203600859148954	-1.0302048042284941	0.4122320239467463	-0.1294156043277361
0.21202482724370286	-0.10372840230799794	0.8707562183930696	0.4313577393726802	0.15838276171889254	0.26345321443814457	1.0190319216456454	1.9998754877414575	0.4926262738803778	-1.0144099186579871	0.3794231147510563	-0.29097727441091625
0.21504277094771893	-0.10882605978460425	0.8751985518431666	0.41945320385772306	0.1018280526031544	0.2779131011452316	0.995919123534034	2.010740334299866	0.48055034911064015	-0.9915795753539876	0.4066227419250535	-0.15971917248071738
0.22228373766213258	-0.11715425148243591	0.8644408508109327	0.4354386716632014	0.10182461351869831	0.27557240171383873	0.984231239487877	2.0034416239870625	0.5221033493919045	-0.9998982329400885	0.4299816185611232	-0.23610993130360491
0.21187423658301024	-0.10722139573913207	0.870011484615978	0.4320797343134956	0.1429973596819591	0.2722461588931428	1.0194933428297923	2.008501942970975	0.49322387566633946	-0.9946322269493957	0.4109101597799861	-0.16644709082948805
0.21464358390599858	-0.09819736510324702	0.8670167460497388	0.4388249895392137	0.12489687043619702	0.1843227742782323	0.9969767393823886	1.9864036255078412	0.492068383599012	-1.0153628388514997	0.4843171770112047	-0.11285232499383994
0.19966798350183187	-0.10518924062064447	0.8705506470177162	0.43727507475157995	0.09914925891782622	0.32229678946798745	1.0388160373193123	1.9710942570598922	0.5031673197616401	-1.001916313969255	0.42896655763994823	-0.24262351568897558
0.2100937520241584	-0.10200070488108544	0.8811681346151815	0.4110951107748357	0.19743786809647199	0.2784160028150919	0.9932726582839964	1.9319690306721917	0.44000029210116703	-0.971386919423971	0.3252381169703077	-0.21920105139865134
0.23125609070307895	-0.12378164417906704	0.8564442062949471	0.4446369829207578	0.10940753183100144	0.21134273006961402	1.0122577384855973	2.024589667968336	0.5281205216496374	-0.9801017621762012	0.40609397272926445	-0.11309068887404657
-0.28428393008843633	-0.643784804496616	0.4392255394856602	-0.558394751100203	0.27093319380095066	0.3130603497038458	1.3237509934231944	1.488908213921874	2.555887102180155	-0.3801015796516874	0.7568035381678061	-0.08361172285402911
0.2112387919232298	-0.12111331936019366	0.8616320784689294	0.44530876705234845	0.08388869481254872	0.2686785443582556	1.0304414046756047	2.011805128237867	0.5494340837797749	-1.0047474138788859	0.43704975301286453	-0.19717446577021738
0.2057638453360016	-0.12754483890913992	0.8753043230786565	0.4186118679875172	0.13549081402883276	0.2521174963196339	1.0004585709482798	2.021444689501094	0.5120621527491525	-0.9465655698266967	0.3735380901876337	-0.2076077414070391
0.2009850475151553	-0.11943182366379285	0.8711782855036767	0.4317284389967213	0.15374458855345266	0.2619458359109904	1.025153261828151	2.0483243089269636	0.5374222727657016	-0.9950606555979001	0.41384536396748267	-0.20993627717614746
0.21203875809956454	-0.07254134848044924	0.8632090511705274	0.45237976502216626	0.07747573401817799	0.22619609741635308	0.9854687889188825	1.9654071136548978	0.476200358600929	-1.0554069665388914	0.480977641298006	-0.10771328111966288
0.2142344670438244	-0.10146811746602875	0.8623988545699619	0.4472985914406244	0.1458874751531779	0.24073391773415467	1.0116743375640387	2.012629535876922	0.5177836325114292	-1.0262804371514653	0.3864553868683793	-0.12276476970339167
0.21723393047050246	-0.09055885871491792	0.8656103998432628	0.44195831052688117	0.15221462283961573	0.2800068622156976	0.9833630994917468	1.9492099562375924	0.4671409963645989	-0.998880881478766	0.3269626180917035	-0.2304919111571019
0.22301640690136362	-0.0980371575493521	0.8647292654813716	0.43919892464861127	0.1266421262243646	0.22377650869167	0.9890450825975916	2.000536012212453	0.48906254571563995	-1.0185660464924875	0.3783428474845143	-0.13711093521922194
0.23355246953980993	-0.09619993464694342	0.8692005499715292	0.42507554678547577	0.09632486652378708	0.24572846782694455	0.9861867120168942	1.9831848067581643	0.4391793962366041	-0.9910686915461951	0.46413579903045826	-0.12100300107053104
0.20697188629441085	-0.12238924241367896	0.8749697862672202	0.420251573161403	0.08489469646254173	0.1966765170975181	1.0166235634650975	2.021238097597605	0.5187015020070155	-0.9919840068428154	0.46281538673947903	-0.08922758888399661
0.22361959178578056	-0.12308338478729258	0.865027875850215	0.43193926952863326	0.13258352258402054	0.24126374031223385	1.005345693856783	2.068255263362112	0.5414698615069451	-1.015498451576398	0.34021489365954033	-0.07711851373445884
0.23230541824896037	-0.11222158724446747	0.8688829719393121	0.4224723530391267	0.15256040825388914	0.25417172923528064	0.9820958900392229	1.9943012087717595	0.47593618697219664	-0.9891189210087443	0.3096122457725304	-0.21651557657323714
0.23691030463489282	-0.11743314000814459	0.855967078941121	0.44430093962834993	0.13005208222136208	0.2571656188017522	0.9716189206693057	2.0018003081050018	0.523395276107332	-0.9973374457109736	0.4161571453917248	-0.17114759911365998
0.22255637046853272	-0.12152899106900797	0.8698685994996772	0.4231169884300234	0.13404721163128352	0.20811881534586932	1.0014732040363379	2.0192862923055714	0.49526254486120985	-0.9649713036257304	0.3835858834212375	-0.13138098342220458
0.2193512176363542	-0.10431013004998224	0.8709987541023724	0.42704286721887746	0.13234522048665306	0.26396067374301174	0.9768932649581911	1.9807357017450304	0.4889368574078111	-1.0152032862321383	0.40131098726827785	-0.1443009831906322
0.23324108817196187	-0.0985909006848178	0.8595629872930206	0.44388050189934447	0.16148101851978197	0.19736205924660385	0.9802197749027148	1.98785126940378	0.48873810543974466	-1.0199697077173968	0.42112745908657495	-0.10323052206563826
0.2138243649163933	-0.12314496449759246	0.8728099686098353	0.42109050972716816	0.06589682720419933	0.2389371238842771	1.0050947642915329	2.0494083886928656	0.5071911127532741	-0.9623130330168224	0.4386790635250666	-0.21957758928259272
0.21404763361766344	-0.11569074111910871	0.8655130182425229	0.4378201436831203	0.08036780173591275	0.2536137824483064	1.0051159834197236	2.016394932774554	0.5256603979843898	-0.9977393629174295	0.44514485170757295	-0.20705826614293263
0.22133687250254913	-0.10828570734220531	0.8688581851862006	0.42938286934987335	0.020562093902486353	0.2792687954835457	0.9850539251894392	2.0021337140602298	0.4799663569970244	-0.9740700371936992	0.4638231155335699	-0.21981658177511298
0.2100429844607161	-0.1087000040385852	0.8675212756852901	0.4375763819428716	0.13407628239094346	0.2696273298725941	1.0312744813064705	1.9963814893020435	0.5090084104320859	-1.008237504720452	0.2867893041692117	-0.15681882025246055
0.21789728771225875	-0.09569403230739458	0.8743137449234221	0.4230117015241702	0.14260094025852504	0.24119867426673225	1.0111207911537776	1.9964562444088643	0.4600993252722819	-1.0201672723231061	0.4025105760471661	-0.2357438024195031
0.21278557450866356	-0.11000093240076766	0.8718988224768865	0.4271001492804686	0.153255019700989	0.246496024172325	1.0140369426360436	2.034647518228232	0.49087133569430597	-0.9832575558374601	0.3489494778720561	-0.15985151611036943
0.2153326951320062	-0.12583930459979198	0.8669356138007382	0.4315309274536004	0.11450582947384517	0.2975811998404507	1.0194862772199893	2.0064271335723864	0.5317046915652545	-0.9918062377901029	0.24647556320912042	-0.22863645198664262
-0.27434476074241665	-0.8197609693389913	-0.3305661079715683	-0.3787518365131882	-0.23006631814434142	-0.5448801171266161	0.7122173950308422	-0.3719852072761498	1.5041607809885549	-1.0235692464060806	0.13709962907206683	-0.8859149006161103
0.22082267410284942	-0.10129542273706853	0.8587260678615514	0.45118302750615924	0.14269935987441243	0.26432449727929747	1.0035360032731684	1.996130887824473	0.5165145323785044	-1.0260782140280933	0.4534608631670754	-0.20805108599663158
0.22106079050616612	-0.11830746044699426	0.8643787886000563	0.43587243721262175	0.15620415613337799	0.28164133330879965	1.0040974606655775	2.0119726277073076	0.5267358006959318	-1.0077133173498143	0.33971432117664135	-0.21800078298333647
0.2282997252576232	-0.12031860224821263	0.864732430437863	0.43086017818934796	0.17418509843354626	0.23472415529992344	0.9788321768331272	2.007093003230612	0.515201941730995	-0.9921741232835238	0.31261048690913396	-0.20650924020578357
0.2136297489000407	-0.09559899215572272	0.8773079982872416	0.4189914548352374	0.0012497841760463664	0.047934118534757174	0.9972872715362904	1.9921894180036066	0.43235923926194925	-0.9592347121995731	0.7200582526412206	-0.0753954070514428
0.23032432152093166	-0.10326800126493015	0.8695558775624187	0.4244514137416917	0.09044106762155497	0.27605146802798636	0.9578098688092316	1.9879810050780053	0.4704177093443269	-0.9998001032941591	0.363601273690529	-0.11351585941770548
0.21369066754081814	-0.11528561457922407	0.8668409584115514	0.43546788457611096	0.13020527397255355	0.24291716292172935	1.0169526902788508	2.0037620300976227	0.5092321440110377	-0.9822346424413271	0.310489516809693	-0.1888790638233883
0.21631959962167174	-0.10184418818204766	0.8693245798676439	0.43256024666051274	0.16599391053099322	0.23800034357826658	0.9889871281388078	2.0004158519137514	0.48343059176158065	-0.9951554044250026	0.28553853598487805	-0.21906630441687272
0.19262143937603832	-0.10114076722446384	0.8815398351192598	0.4189928942068805	0.1348859185711467	0.2504419819393113	1.0194490025493441	2.0097121293125637	0.45290867612222496	-0.9364381894784	0.26738402411428036	-0.17345932791915822
0.2062075973848977	-0.11222212720218024	0.864463820302482	0.4445075076250161	0.11155653540227954	0.251036347388151	1.0202037927546894	2.0271528199472164	0.5373849282422145	-1.0065796228288253	0.41748320825870905	-0.27961910257990885
0.20148311297181226	-0.08651221097964469	0.8686023755709139	0.4443535818367691	0.06524094463753999	0.2609019766553479	1.0429660641137621	1.954166829185046	0.4802053352543371	-1.0311343713614465	0.357686989715549	-0.18367584986430396
0.2141833525516912	-0.10065279087727194	0.8707863859314601	0.4309589043688046	0.15963499983615512	0.2232398453469071	1.0184042740992865	2.021391329385481	0.47035980898504787	-0.9844314081331249	0.42446766868305663	-0.11569236607215083
0.2223115617142667	-0.11679789118395559	0.8712494182161745	0.4217348377845043	0.17726263347139193	0.24353291943043207	1.000810527960771	2.013497535247253	0.500921166669879	-1.004770586867881	0.40618751114235413	-0.1757573612541031
0.21761881046320197	-0.0980596601815076	0.8720165991474322	0.4273328997269163	0.19120561722340942	0.2804428842520658	0.9609766871664587	1.96961138562157	0.47088672470242443	-0.9983041813809697	0.3043525928458026	-0.17376841611993665
0.22071396932288112	-0.10199327651863997	0.874224503395153	0.4202549618436751	0.12926018244296222	0.25731730384045365	0.9703480086051575	2.002957126814421	0.45275992579444657	-0.9653545076986367	0.3617632555801245	-0.12514445898648785
0.19797317636528416	-0.11910308285293285	0.8742964016844796	0.42688040373896097	0.10018121579863398	0.23468409357753786	1.0287485608323244	2.0317752885098352	0.5144046861737088	-0.9637736524587616	0.47482956552294375	-0.13980872269151098
0.20921190709988402	-0.10347622624090641	0.8706641611842824	0.43297455694283027	0.015824543988181772	0.1789967863235232	1.0168928811262952	2.002437844682298	0.48220053291602394	-0.9824505925809852	0.45123500550486906	-0.07845159709143737
0.671627101515503	0.623525415004967	-0.3914593272046613	0.08302221688946738	-0.5777348362967134	0.06501521693768668	0.6592559002023382	1.0495585306825088	2.760824628979025	-0.19813968660241485	0.7734162239680207	-0.06594550063858157
0.22137917216355177	-0.12626612720253633	0.8620854876899512	0.4380145421876222	0.14644001117473596	0.24983635732317536	1.0047197956475706	2.051475262296152	0.5571363822771112	-1.0129604094970304	0.357259978896265	-0.24088379529527967
0.21209363040363277	-0.08966465403760451	0.866065031353943	0.4437430599169046	0.1781085258587186	0.2260221248753699	1.0095524387664068	1.9601545196787358	0.4787696568294671	-1.0208806936422328	0.2969998214019966	-0.1783969263300489
0.24602039099084044	-0.09917874742565481	0.8696242972493565	0.4164025995468267	0.09163121193640617	0.24975697678034284	0.9095715815552312	1.996178039374316	0.4247904628216734	-0.9490882782294322	0.4067943401879474	-0.21076740991801388
0.5304634599765754	-0.2719601211363781	-0.7870724151404219	0.15862920117743104	-0.10101506895028246	0.08003254757316121	2.251177988307591	1.337137423191839	1.0874110773354166	0.1598170676467277	-2.7017371152393737	2.187925988580732
0.20949526778920802	-0.11154068621654614	0.8704060513280679	0.4313510332707581	0.17954453558223848	0.24087897658689625	0.9905766856274411	2.0257387996537495	0.5152550740747387	-0.9969837406060144	0.33620862422708075	-0.15941627379712345
0.20737143902333974	-0.09267810917717927	0.8773454250544365	0.4226971250112571	0.16716083099728443	0.23155994930347143	0.9993012077322051	1.9586218229896362	0.44041511206740597	-0.9749329286390342	0.3207693884779201	-0.12665326259898152
0.22512883909584513	-0.08381052903435694	0.8767197332305485	0.41671970243137574	0.09481462103786521	0.22752604924080322	0.9595265957491288	1.9705862961239617	0.41235868904618667	-0.9895961867086636	0.5061595467458864	-0.18396870537538912
0.21663168501296573	-0.09856019615400681	0.8670656272338283	0.4376685947747849	0.13179498793683597	0.2861501428473801	1.0031950473721547	1.977323075016866	0.4916265330670715	-1.0252299502203852	0.4571165506189759	-0.19796339503678925
0.2007122374183757	-0.09869772921069452	0.8730055405524949	0.4333989872667081	0.042651564778098894	0.22393810271187486	1.0342594510300482	1.9749904691657763	0.4872564182058827	-1.0107061151526215	0.4607514087792359	-0.18741623229288218
0.20932915782510625	-0.11338375638264787	0.8639476404077016	0.4437565797898174	0.11263448055889176	0.22111930862810292	1.0183688023569768	2.0114546880861366	0.538714722653637	-1.015262261861997	0.40985545468477663	-0.15155470706932953
0.2072855452939031	-0.10756066050965009	0.8701771280457548	0.43388382413841975	0.08965342468913584	0.23407858050376718	1.0519386403616942	1.9798258985962727	0.506021175724937	-1.0266074049733032	0.3713462833106896	-0.11539573819622546
0.20469986115853953	-0.09828605777657445	0.8681656312401242	0.44127797862781587	0.11005532954030921	0.27370819684878	1.0305788580762334	1.968471095738602	0.5007379928543652	-1.024772644155844	0.4036596626474424	-0.14183653482622172
0.22149107063015136	-0.1208962029622958	0.8681700805948572	0.427324847043005	0.1846328382626747	0.2860053711058241	1.020653217772042	1.9811606750067992	0.5135336563012062	-1.0118422311529507	0.28313695875250655	-0.17953706271581618
0.21038434742224757	-0.09942534804721469	0.8759358224315	0.42259846368231985	0.10183957309021034	0.279275003443039	1.0039061168395988	1.9996455319913777	0.47444121874657097	-1.0127124828714493	0.5101454147157299	-0.2706739161293389
0.21890207960039954	-0.10604744239115631	0.8622336961971828	0.44428467523768905	0.18835638155014542	0.22339304647474603	1.020256285051983	1.9718855386082073	0.5258830738549045	-1.0526064414736038	0.34887045078191364	-0.14832690469830073
0.2336054126412489	-0.09671470568772844	0.8652828446348043	0.43285144757658944	0.04991044784736856	0.2138515816021329	0.9574491749253435	2.0106467605395615	0.4644472711355756	-0.9959177871957471	0.4541744556837284	-0.12101075533708723
0.22229205688945877	-0.0958808133241029	0.8716094256359411	0.4262512407286894	0.10199331982891373	0.2652296036583028	0.9960495110970071	1.9665236039567016	0.45997201895934714	-1.0176579393159852	0.4729455351965892	-0.1746381743334319
0.20907732175112453	-0.12758435422686365	0.8681835561251121	0.4315857029140855	0.00229885125208997	0.2628465138165308	1.0320590078166947	1.9968831886695626	0.5349428843196478	-0.9857548429209619	0.4879084784174364	-0.11398869580438664
0.21625056113272753	-0.10490392562878605	0.8673462231385067	0.43582265935219383	0.07572218232689805	0.2904896594317255	1.0251905631220806	2.0177363146909046	0.491375489656051	-1.0009168637369656	0.32525298502039474	-0.19697049220663707
0.20889569983802914	-0.10341917274336754	0.8710431283421934	0.432378225476379	0.1176309461476499	0.23644564238746849	0.9926295752567906	1.9826747377239349	0.5024104266400867	-1.0174670980626455	0.38399838276459675	-0.11806910691638677
0.20786069830011758	-0.10756599338994247	0.871208166935363	0.43153194207769496	0.18404332882257515	0.27455844834303506	0.981621195174322	2.0515619146831146	0.5134950308875942	-0.9981259655020351	0.2987509114927908	-0.15791377371276538
0.2262830798061519	-0.10992221497503249	0.8602887413714506	0.44341442908181394	0.18216219276149984	0.19390658257854967	0.9967962636752016	1.9797906799953697	0.5163212470456185	-1.0196341793660169	0.3529746495594545	-0.08905737414222864
