0.22987065728356826	-0.09246108746181998	0.8650711204818292	0.43619076644710225	0.09785879397759904	0.1515622359485096	1.0286414992616189	2.3380545105055637	0.4501970757544557	-0.939331951145977	0.3798107952873928	-0.8203734058063881
0.20634738164942953	-0.10498469095527523	0.8659003627903337	0.443413502806374	0.13219171872954677	0.14095823959881584	0.8669419948463816	2.126259202171973	0.6085827666090861	-1.0884616295799996	0.6593074931514805	-2.405845019612284
0.22553001105124035	-0.11101519016434923	0.871153525261596	0.4217859375231645	0.12709333728577998	0.10487037097402148	1.0861532127199045	1.981125163965569	0.49054934298880587	-1.0725083708739303	0.5265328667517424	-1.3992382949676403
0.220005029966594	-0.09702348712779155	0.867145121577527	0.4361691963667968	0.13440992712881628	0.11516217604436295	1.2469017679550607	2.235537315404904	0.4245628941921891	-0.9757284121072253	0.19685177655945776	-2.5076473661908207
0.20431744128742887	-0.11330983644307907	0.8678244990514861	0.4385155675652096	0.10824361895112984	0.13975594169065372	0.9260210148294964	2.2298465828299503	0.6652935228208464	-1.171900723507405	0.3540646417267426	-0.956040478164467
0.21108787113851235	-0.11576299834421384	0.8658241231589042	0.4386221912177758	0.1324133974597713	0.11162127491821755	1.0609658805204594	2.0153577933148323	0.4811127822205879	-0.9283894639604721	0.5498564126234164	-1.9468794345715483
0.21208151550698803	-0.11107685835374241	0.8642100443333549	0.44252046460233047	0.09717043895442434	0.1347915045116547	0.9499773446784686	2.13504027441022	0.47785312986488554	-0.8525810070748364	0.6243223335376619	-1.6877355435312473
0.2028030277735301	-0.10413877630410255	0.8726476599851982	0.43187047678456875	0.1304651284917643	0.1336374198277878	1.0428596340304452	1.9470333967220494	0.40551149997981434	-0.839608394212291	1.0072087777946164	-1.675062992544861
0.22659993308505394	-0.10444153724997245	0.8644615040993182	0.43640662638536576	0.10833415100864456	0.1370276662330435	0.8995072559815286	2.0835957331752453	0.5946588443078562	-1.1463483626602788	0.6446516047757859	-0.7982671767797275
0.21199323067000278	-0.10053764264507387	0.8717106210919531	0.4301995416512528	0.15168794797292337	0.14494120483404807	0.7232002293533585	2.0336863340475344	0.5862247304930799	-1.0689687052889718	1.1210070559590648	-1.7017767400343002
0.21489287145972227	-0.1155616673557862	0.8697028640473486	0.42904951124734403	0.1548145998561475	0.1214450466006586	0.9941026139336365	1.6965612899330709	0.4242494063263108	-0.9009194216921252	0.5456999848099381	-2.1097108972385716
0.21107575223117986	-0.12042307579475124	0.8621578421808463	0.44455501886970067	0.096151387528066	0.1143771668343463	0.9976073868110256	1.9481714396234389	0.5233704194553357	-0.9609470729913913	0.33155098659024995	-0.2479887474551544
0.21608705678516907	-0.1114276957060988	0.8676197888743407	0.433735120174971	0.11382360572520488	0.1120640927519762	1.3116959354548763	1.7215704429591265	0.4475911693315217	-1.1065482598657679	0.8081767970964654	-1.3498673808184893
0.21992387314530376	-0.09582790333466372	0.8672646343131689	0.43623681301891076	0.08332029998605178	0.15236104919433693	1.029849230249865	2.0971588975198654	0.466367255607144	-0.985670869400979	0.0963916901708985	-0.8798393281445871
0.20609445058106043	-0.10601625823455234	0.8706500080211711	0.43388269608544006	0.12154212587069768	0.11904755544004392	0.8585198767849925	2.0821125823552786	0.6034383853412651	-1.1099360184148863	1.0119863080630822	-2.2524135993555396
0.21286461236609613	-0.11935011010067877	0.8663943437143353	0.4356662130587976	0.1429103741953167	0.10269882389735419	0.9275140999374296	2.010666938384893	0.46461149428459386	-0.8263169572424245	0.9976567058049485	-1.4367186274214836
0.21962050215666257	-0.11041362547247506	0.8744316507067181	0.41826421623754	0.1522846082919805	0.11219070686347797	1.2191656748763182	1.9213853179703504	0.5405944075006688	-1.2631238782698055	0.5351912293265212	-0.7591387168607614
0.2222236997190813	-0.12365476145938283	0.8655622215383303	0.4314257385659983	0.13695732411298303	0.13036944995142788	1.144139573977783	2.040363625313101	0.5662112533860106	-1.14050989104673	1.1193701939926555	-1.2946281207678518
0.21273932823616834	-0.11599534840894689	0.8745505540657389	0.4200575981367555	0.14315422072468814	0.11455310458412891	0.6787774023983796	2.079838694180486	0.6069565008038322	-1.033108746607548	0.2189447315710924	-1.20780184442282
0.21622677831185172	-0.1154584055036516	0.8735702379062535	0.42046447695833145	0.12199259581489168	0.107371358879296	0.8202513680500568	1.9454588261837633	0.5576014560555895	-1.0460925890348491	0.16346082564561926	-0.7630716466869741
0.2243850301008248	-0.11921491152400401	0.8677299775909798	0.4271812836805161	0.13132385569938673	0.11250650548887321	0.8690551547876049	1.9774311273519134	0.6292997709957934	-1.1829309608431706	0.9669235573702358	-2.3968773437300395
0.23758787974137746	-0.11451853004162098	0.8690681982121771	0.4185187839671514	0.10170273821579752	0.11920351524856161	1.1249485543042161	1.8881913283842136	0.48293430290402817	-1.1247860525848588	0.7944705431472148	-1.5247665034810503
0.22563953536941406	-0.11971941546592373	0.866386619045515	0.4291017221797813	0.13682355855151088	0.12235874593269687	1.072366748104934	2.0505549440079354	0.5225799601702956	-1.046915817772652	0.7274683460542062	-0.5628531506524337
0.21872639509003605	-0.09762992493012945	0.8722275008103889	0.42643446000425156	0.11302204344637164	0.12249916292146917	0.9358507926635554	2.3342704612676504	0.5355736740057059	-1.0410572998595866	0.45234951351334907	-0.06277563180671468
0.2245341078178652	-0.11043205374149183	0.8680041181115402	0.428903307138426	0.11983838921439649	0.1214534212129893	0.958225344985437	2.260309433071052	0.6021512894607208	-1.1382832703595334	0.9024099472163624	-1.12606443065028
0.21957362905086109	-0.11057160912979155	0.8651039769235238	0.4372144208406062	0.12490231249953075	0.1274387148028828	0.9047036155103788	2.0206018502409293	0.500574475697988	-0.9338137268414943	0.49685801704949834	-0.706151122415894
0.22358574648063156	-0.08142821857639469	0.8728073237977447	0.42612936382651756	0.12503954806198597	0.12995700188809314	0.9480635612822282	2.294736710630681	0.45217098944416795	-0.9850889505434275	0.5256067304817275	-1.358034355057922
0.23385749248392995	-0.09468974250475054	0.860543005081869	0.4425045336244354	0.06315651987541723	0.1432430964448275	1.1426359735109486	2.362507401598374	0.42808765575825747	-0.9308302457722113	0.4440627831398092	-1.154624112378305
0.21890147764907336	-0.11329296295166502	0.8674600828063478	0.43215720793050433	0.13401222851713582	0.11613108693537028	1.0901095457253915	1.869744556802956	0.46845197633792673	-1.002322932006366	0.2515899960232474	-1.7538917424485014
0.21964115817113974	-0.11801813137075337	0.8639230607757775	0.43756876872648054	0.1153001016051231	0.12198370011490799	1.012548246145513	2.2167763509891794	0.4735163101715733	-0.8452594273674259	0.3187416801905963	-1.723646568513716
0.21664262667801595	-0.10015315267664632	0.8790197483373542	0.41274641167175874	0.1196172486373957	0.11666907920958125	1.362643579052191	2.319451078853783	0.4946460682779831	-1.205849389709357	0.5240205503778388	-1.621507540623268
0.2194913454764127	-0.10911571206566854	0.866754508447071	0.43434310484688543	0.13257861548743166	0.0988791915695834	0.9742723826301418	1.9244819381700544	0.5760972932724449	-1.158503633915142	0.814230319029262	-1.0297543521378667
0.22463369042045717	-0.10107177195551244	0.8652516598560737	0.4366506236777506	0.10275679634772224	0.12432396323765453	1.0105548985896595	1.9618926375324004	0.4518253201255927	-0.9610780253784079	0.6532359857304234	-0.9744354093404978
0.222205423167896	-0.10523750483471458	0.866457120552791	0.4345133780843875	0.11552513144407524	0.15299803629594547	1.0046063727333412	2.004211026797275	0.5651156163614524	-1.1552216608218773	0.12931952546904282	-1.0772311684981608
0.22086371212607503	-0.11958198477339436	0.8568538310865036	0.4502453572619351	0.1134323280962463	0.1282207932706034	0.8747826168425168	2.1777810065486003	0.4608287182124559	-0.7277081446477435	0.2870292113169581	-1.2006525906073013
0.21708516830062408	-0.1184112103985069	0.864891352146756	0.43682463751213296	0.14084582192653464	0.1070586229261676	1.2071899712925274	1.774124740098398	0.390583681231656	-0.8923471684720464	0.5383516725641396	-0.11083691104573586
0.21301957916685826	-0.10176999025346967	0.8737172567396337	0.4253042243509369	0.10431542936729266	0.1107814791862236	1.053890512571114	2.2106902460612448	0.4866473411514454	-0.9986018108317235	0.5514822304574497	-1.675687534873384
0.2009004414259729	-0.10553561338018347	0.8655544766454293	0.44644898353829243	0.12348131074223144	0.12725644405304049	0.8849800201411895	2.1263261242183624	0.5102167285694974	-0.8847822102223958	0.46115481337935865	-2.399908814850539
0.22225007870952285	-0.10159023455230697	0.8630185121230336	0.4421350183938877	0.14307415951362443	0.1435973527991565	0.9368712066595863	2.161150603461767	0.44740838558945323	-0.8476813786804017	0.9600438311701452	-2.4670342546407835
0.23451557641544166	-0.11941682596934652	0.8661919621432458	0.42479824718608955	0.10309140827473062	0.11847914487626988	1.2382387158429933	1.698603059191762	0.3688681395366196	-0.9582315852974037	0.18845788222682583	-2.064520521535348
0.21026522114022858	-0.09419457477885586	0.8721509237840913	0.4315885598618638	0.10925542966366698	0.10477261758133317	0.5846316560669235	2.012922403216968	0.5375065695185085	-0.9316933374900384	-0.19382669145612388	-2.3030147998660726
0.21570824484423606	-0.10931526027565383	0.8707044154548927	0.4282451959852423	0.09093883996872036	0.13008071430505327	0.9894862393957994	1.9644027906584631	0.5501886611265687	-1.1156058227985894	0.7434728977194442	-1.5508523368107692
0.20420895384478208	-0.08615632121334997	0.8713082130955855	0.4378330609681952	0.1001646609644047	0.08068047546526554	0.6140412217258197	2.1166781687577623	0.5299577654726734	-0.9245169015981435	0.4936297429646339	-1.5477342624630002
0.2126787754936934	-0.11463571652549125	0.8670283583919194	0.4357616512445809	0.14205619162461727	0.13460977248968073	0.9429649563743672	1.8312047758335184	0.40563461035396264	-0.7855759450539462	0.2765980781074603	-1.6937856913648517
0.2241885899116834	-0.10447510662096553	0.8646506175592189	0.4372684962404797	0.11651911390396004	0.1310971387727809	1.082315668363566	2.1078479493403135	0.45899342693357376	-0.9588939929136305	0.4364433266086642	-1.191724842874141
0.21567371237248578	-0.11015386060422398	0.8656372020284379	0.43820453129769554	0.1163554406264083	0.11045841930318619	1.0053367715114205	1.992823677189557	0.5143968396546698	-1.0100044649259157	0.609953062121075	-1.3644717293320248
0.21825423594842686	-0.09625753184414099	0.8650852802510967	0.4412788618852303	0.1238212775218543	0.10822221919305235	0.8393566995079883	2.1037917441586496	0.5530456985185336	-1.0404283709979658	0.9113442892559349	-1.3786149175296316
0.22259253511137905	-0.10918456637766323	0.86537952453231	0.4354877406975358	0.16535301045193898	0.10781303070213939	0.9990034663780971	2.0912831246728687	0.4964047551745549	-0.972733201067478	0.722131822152768	-0.933144348532434
0.22182266477268595	-0.11131684146734634	0.8651789432669814	0.43573921366605023	0.13719153419087118	0.1335902963843867	0.8030970533800482	2.0986051549311333	0.4514184975871127	-0.769021468167035	0.46890454841918294	-1.4429675778484776
0.21051522266044967	-0.10624678085202212	0.8620005962533152	0.44872033010075757	0.14757068058000472	0.0909775149642909	0.9534262869362474	2.0071982597716502	0.4392847216064988	-0.8159115173581626	0.6032558749612629	-0.7900521962318137
0.2047168466738777	-0.10988715006296841	0.8679143511929038	0.43902221576173506	0.1372754355707607	0.12200208812610881	0.9046101733728772	2.0617005941456163	0.586119677952707	-1.0644933281771864	0.7052764990886587	-1.8574775035690696
0.22737451866568767	-0.11639398031798129	0.8698661330836216	0.42200258307435917	0.11524290855773166	0.14122892929578015	1.2606207902062578	2.1595976425266614	0.5538240291419506	-1.2251622792590748	0.9841744447608667	-1.007104550400939
0.2173565184910649	-0.09611015932003972	0.8732899879713953	0.42530410067837343	0.1088700135195433	0.11604031855213286	0.9674449432205112	2.23301120094833	0.4781125944342724	-0.9715315314078455	0.6223773086025086	-1.3914109777027652
0.2220875260587994	-0.1108865808894922	0.8697707007246893	0.42647417871261906	0.1411313835478953	0.1285263152367581	1.0666811092700723	2.0397310046230634	0.5716881421422704	-1.191057730939137	1.0442760894594418	-1.48095992161618
0.2151870215353715	-0.11238199685278172	0.8726885206332342	0.4236503021373806	0.09434726668522626	0.14425301804414278	0.7810047294575102	2.0893609061063163	0.6578345093041661	-1.197544656404512	0.6244067917698911	-0.6574265863864505
0.21429430886930095	-0.1261829278818322	0.8695477651525478	0.42666439037679993	0.131427310033929	0.15094073506895103	0.8061261856804512	2.063357391671052	0.5679091537281179	-0.952064248786701	-0.0047447099918207685	-1.2833313231139971
0.2157002562769202	-0.12542795477105273	0.876697673958158	0.41126927441808336	0.1301464971461961	0.13598973549565987	1.0632045852932983	1.9149768738649366	0.6486680203529847	-1.3563561591213178	0.697611150054897	-2.3055591501377415
0.21246999943755415	-0.10051421127064337	0.8687553190615535	0.43591006902101337	0.16615277110539065	0.1344875830377543	0.8325916720699547	1.9247382431734559	0.5253869392091844	-1.0090840633085618	0.6723978206183768	-1.8069567648514848
0.21727524221855826	-0.11165274693468086	0.8689519128815661	0.4304041197761401	0.11736254921827917	0.10245570149310006	1.019979405342258	1.8287686402315886	0.4279011243202328	-0.9043935984360906	0.10316083405857951	-1.620448601060504
0.22151862629214505	-0.11160794959717919	0.8621536951579211	0.441773889810044	0.12118993991062543	0.13327062003814757	0.8392130869543253	2.1371051571680026	0.5964848616358869	-1.0449803479492112	0.7338906050135049	-1.1067051588551975
0.23139489163753393	-0.11213528474476606	0.8635401241447749	0.4337978054708103	0.1156103668647037	0.12088495779173951	1.1256302529467694	1.926160101378079	0.46510059633712314	-1.02837681529787	0.27329330606138286	-2.061272025893034
0.21910162825625001	-0.10169438969318056	0.8657530763080432	0.4383199042520782	0.12770244393760158	0.14896503401734687	0.9152827551011579	1.902324393428289	0.4725047940208267	-0.9494360140302637	0.7368539335130717	-1.3993035202806157
0.22474832038198198	-0.10569545406359415	0.8658402916502134	0.4343239031308801	0.11852122902396788	0.13346794859952266	1.0852616279717884	2.1406773845859974	0.37939245386145215	-0.7969723294072787	0.36527147042528424	-1.763586895798807
0.22566451288372563	-0.10421577131710053	0.8676819246744703	0.43051443440021786	0.1208930145143202	0.12373477077217919	0.9467817814552305	2.0010714477632523	0.5402189729980034	-1.100660153304116	1.0254518275844426	-2.034851901685244
0.2054101055466913	-0.09999795258016676	0.8722210469227214	0.4324783732443782	0.13710738897580754	0.1282900986262431	0.9770492899282189	2.1062460912327814	0.5763588605355567	-1.139450803187957	0.5670055841129273	-1.8076656153362372
0.2028881819670393	-0.10156909375526396	0.8741428272328023	0.42941171666512185	0.12727812739325706	0.13293688747860802	0.8169340814990576	2.0353257131039166	0.6219395428859396	-1.1706342730832342	0.5085107899272777	-1.1067811903028921
0.21391485108250424	-0.11948114769135416	0.8599069729194923	0.4477998322433167	0.10360553578616609	0.12518558195092297	1.1224388238593324	2.081351121362579	0.464314008121587	-0.8724678711395015	0.6483854525437627	-1.1999448690712382
0.21662191449436372	-0.10309039052390735	0.871482890214986	0.4277439533236669	0.10041771285109581	0.11236325325075723	0.9530211920004108	1.9620154502777332	0.571662191889352	-1.1744740083233556	0.7761508913986401	-1.1222903476051063
0.20376306487605453	-0.11609370397368557	0.8711623348376997	0.4313688116335193	0.08869244188181961	0.13220748470514068	0.7753317690492527	1.9805710984405283	0.5777342948379159	-0.9999621862540528	0.608141049238755	-2.0646085672786088
0.22260744163056462	-0.10626351551402474	0.8691594812456734	0.42862079786455454	0.14159762941410056	0.11480702110790499	1.1679089590744056	1.9860233736016029	0.3991675211272557	-0.9236220860734493	0.5389455234419773	0.06346030083991024
0.2143360697896474	-0.10127197436544763	0.8718991487537296	0.42848093399563686	0.15587196246220084	0.13487823944108304	0.8667890163152142	1.9577620580481376	0.4083115346494976	-0.8017257580666669	0.942066059318325	-2.0465370881422866
0.207408321927228	-0.08765212162902335	0.8724831765687783	0.4336726878346343	0.13609260039602883	0.12193628769731442	0.9791570842012718	2.178144221401828	0.5328419185109919	-1.1000507723254607	0.7144784378194408	-1.431790564492056
0.22957910222353733	-0.10340149242859419	0.8562203714590367	0.45109671101031423	0.1290699605863907	0.12651491679679686	0.8361599673477408	2.094115162185979	0.4682235195419106	-0.8342617628861542	0.49056483916985183	-1.961612649298594
0.23228327171550459	-0.11021331951507989	0.8731586919178825	0.4141152069302216	0.06781062178747511	0.12075544044402575	1.3472506714432961	1.8846537113994928	0.29964874922436135	-0.885914730688447	0.5105643515697088	-0.7959063354420374
0.21369406562711526	-0.10459703859092247	0.8747671439463758	0.42210987871129485	0.13453224024086957	0.10024363599030217	0.9888413433196842	2.0135845406738953	0.5636849840909067	-1.1698083260534131	0.12100910328550747	-1.9476155391819485
0.21061418438732465	-0.1170278836523742	0.8681018812225743	0.4339876306999267	0.10953936110464006	0.14471682288608803	0.9057957833742576	2.043576183325201	0.5951173453276843	-1.078925983655066	0.4923155931114252	-1.8602501807439493
0.21503989970458015	-0.10875234821929956	0.8635446919074496	0.4429687724550119	0.14013444251589605	0.12566708188023393	1.0977851499998892	1.9426548018688539	0.4064335268030736	-0.8483055129864688	0.7716706414275977	-0.43586475012248194
0.21185961922368268	-0.11384143029942133	0.8744999908813107	0.42119519992322535	0.13378970651338018	0.10864223114053757	0.9738381676172574	2.0675352163593512	0.5296574397053451	-1.0307127038099761	0.8985322967434536	-1.714332087008425
0.20603990993749635	-0.11067023340785713	0.8698006524384669	0.434449628804095	0.1598757578220961	0.09197978975643616	1.0213609469331792	2.1419720002461498	0.5303160946027408	-1.0004793020079539	0.6770160076389571	-1.7999132902796127
0.20423175827290763	-0.10428789927107845	0.8645376017872021	0.44720035562867705	0.14748278645599286	0.12728542958055303	0.9484860874867784	1.9786214721443012	0.5135781178083966	-0.9646063412813446	1.1661455784150794	-1.5555547577363142
0.20729677339503794	-0.11840022645799694	0.863168524064995	0.4449151977379053	0.17174835273064995	0.15164733529027666	1.1664904126746667	1.845086520606075	0.44911251711254124	-0.9237958772687649	1.5346629269043568	-2.232749359541167
0.22577747266309006	-0.10572412181055862	0.8638750877471545	0.4376834194655995	0.07991782026332915	0.12483493303331555	1.173785941540515	1.6950024610039096	0.32176144866120554	-0.8311337834367077	-0.3361120104990391	-2.5110146250249965
0.2097706392637432	-0.10435726437485629	0.8718037799232365	0.4301906665498845	0.1383478265056505	0.11017276851446715	0.9231195461112863	1.9972164937969437	0.5767371619383539	-1.1344294597593165	0.7611787709494018	-1.8491071320293369
0.2159940870766741	-0.09801789619586085	0.8686760489855365	0.4349034011043479	0.11611489579148422	0.10454427057646785	0.7984305379864065	2.203590967142148	0.5765882748392247	-1.0515745514715595	0.4417884421213885	-1.7533991681421843
0.2212618020797336	-0.10536593765439228	0.864356463419217	0.4391231470419925	0.13567668338777208	0.13826112512866795	1.1284731358629265	2.067981279627122	0.5059078099135399	-1.0682149224261428	1.1864125384133053	-1.1672316279689279
0.20587087240734536	-0.10415049021403601	0.8766376288084343	0.42222781414722094	0.0767871820454263	0.11196938925527772	0.8527766411520806	2.1303387217858836	0.5465790122164496	-1.0251285292200225	0.1457009906971919	-1.8669752205806018
0.20158628262609965	-0.09738545961631734	0.865922363767113	0.44727788100942845	0.14282013389629086	0.14214177586172635	0.8901727804527777	2.0689090629022346	0.6062425430284593	-1.1244104815818148	1.2006333704921113	-2.5683676870582364
0.21331940425200588	-0.11405922238123262	0.8669946996472058	0.4356667491822267	0.13628906939399094	0.12215470483160663	1.0828806930199522	1.8915020740581425	0.4084216907706708	-0.8477939857101339	0.31244495961591245	-1.967683014661933
0.22269424626418027	-0.08953660572956364	0.8645639719517988	0.44149700714522	0.12266616052882551	0.14705602691066566	1.337569588406032	2.248797747093531	0.3501803418983235	-0.9043609240790385	0.4635023996832512	-1.908516056623677
0.21753318947669467	-0.10270620449391785	0.8670815608382119	0.4362342419949635	0.16020197542037962	0.10173988429502823	0.7265951046810796	2.276239291008698	0.6470000655824801	-1.11242179657525	0.31320240640430236	-2.4945686448779365
0.21367140678909263	-0.12000810379350269	0.870419224622472	0.4269812154559878	0.12436544936902016	0.13818668757019872	0.9082177624862647	1.724514364906827	0.6400503157215232	-1.2745679386215296	0.8468432232474989	-1.5386397578189828
0.20623733527919305	-0.11610157055868828	0.8690177863240903	0.43450509076778554	0.13795808289782233	0.13131598436766895	1.0186853190185574	2.1261555819490545	0.4625540268015526	-0.8405163197214943	1.0617254395945184	-1.6273565684575528
0.23250932173337072	-0.11395573569236056	0.8662014407019912	0.42737403961365666	0.12637069831374595	0.11829258488792742	1.0346258778038224	1.7275364644513598	0.55727748725258	-1.2317361044177337	0.7454676232800703	-1.684076174457842
0.21356679861922837	-0.11881814251915637	0.8654101623026966	0.43742053280459026	0.11459811916869295	0.12627875625823407	0.91254077032205	1.8696469797151247	0.41789623443364643	-0.7644636056606757	0.9454330364996095	-1.2710957157228817
0.22542429752113718	-0.09075989475972589	0.8707210562398823	0.42754107382894707	0.1456671540546197	0.12696175079641767	1.0908635304773702	2.020343059096197	0.5394005830182628	-1.2448124860681187	-0.11514388842080177	-2.386220381796329
0.2066948001068613	-0.11044855651751778	0.8690055021000012	0.4357841361177641	0.12149031682300944	0.12261222621645577	1.1664435260267596	2.1783945295004195	0.4219492264618441	-0.8425581592121653	0.5450155911431896	-2.0216335491889734
0.20795882805204952	-0.09414929441367403	0.8652974305465272	0.446261574512307	0.10457268265598446	0.09983806166738568	0.8637181671846353	2.255266675116929	0.5536827051283923	-1.000279430761045	0.30996132431000145	-0.9755807615462921
0.22535381636937143	-0.11424455164067651	0.8581306721081159	0.4469626264638393	0.10511165905337949	0.125937211057855	0.8293049773877987	2.3376227946984445	0.5240915857672964	-0.8268374498504162	0.6294533813576878	-0.9408430839165902
0.22797951204368302	-0.10267883513197847	0.8617632976588842	0.44141411136522324	0.1461224876897945	0.13069375601318003	1.1791565482778215	2.070893707704805	0.5268673912228485	-1.1558795884919018	0.5931823609671008	-1.847034973573238
0.21021536782190717	-0.10115760702203562	0.8686766677424493	0.4370097076644292	0.1281985522097914	0.12990775604886215	0.9449311220705839	1.975412260977766	0.5722692664317142	-1.1348215312097027	0.16538269288091909	-0.8563866242976762
0.21826703344675305	-0.09689642102244149	0.8659704204394064	0.4393925541328548	0.1371584263642446	0.13261690869269363	0.9701045297322337	2.3480418672758705	0.44579993596221323	-0.8426964430378814	0.37353496018904186	-0.1766934674276015
0.23121688334401602	-0.10972135358872113	0.8623431871628254	0.4368800807741166	0.1332503657200273	0.10669482407486096	0.8066882701490627	2.035043240046211	0.5229322258751447	-0.9480388539162153	0.2204651129431802	-1.4958025817867817
0.2101942424979708	-0.11347907157162224	0.8686271095582991	0.43408274012720377	0.08230657721068653	0.12597687028229745	1.0745031058695909	1.9568241742394274	0.4727964838664094	-0.9548401278224645	0.6950723507090547	-1.1020434593843815
0.208035277188894	-0.09601080248325149	0.8676284909648769	0.44127548189025034	0.08850457628232862	0.09113208439143751	0.7296820913743038	2.2185015472977874	0.5379408025224135	-0.9190002291907202	-0.04561716486643585	-1.2883857370048812
0.23157457463145784	-0.1009981836706183	0.8643077444591862	0.4349076984227452	0.15780121260038063	0.0914284775377402	1.2647671130727687	2.0287089164313157	0.37169933929365107	-0.941014862481896	0.5033569302082045	-2.154144168771966
0.22192207674936928	-0.10466469442285156	0.8623739256138608	0.4428398198151985	0.13373357329063637	0.15009147890815486	0.792525962486967	2.1290706228926357	0.5657483551794383	-0.9956808117952282	0.8855997032711858	-1.3830526045507892
0.21066522085525172	-0.10416424413021295	0.8654745653304111	0.44240677179822346	0.12406607856719855	0.11955643032137936	0.8715917669677187	1.7556794304904626	0.5070207861899952	-0.9935395971145167	0.1510306466936218	-1.4598395715015322
0.22504188597847816	-0.11277483956789147	0.8626118249565876	0.4387924618321872	0.13718850759031012	0.1464434066687995	0.9961313827923197	2.150618252777001	0.5385340337808496	-1.0168394426265184	0.5546386813765168	-0.6577667243512465
0.2199007247687765	-0.11638132887114505	0.8665547488445282	0.4326452643810514	0.10281209149824533	0.14310250685013312	1.0315748943283611	1.77763907704598	0.6165265356366777	-1.2809895583017383	0.4708238627043037	-0.3898685905786509
0.22718817290664584	-0.10362038459930943	0.8719346559946829	0.4211630392879521	0.13797594157767631	0.15541229346575666	1.17982553548737	2.5037419722898493	0.5050510164765069	-1.066036532360839	1.426027116050764	-1.4785186696934494
0.23158475139087473	-0.11938992396110057	0.8646085145926985	0.42961222686697	0.1322490023514926	0.12746758429655133	1.1697522679828218	1.9691869707702436	0.3767132456296843	-0.8414685676706319	0.5851381888667023	-0.6463545430905341
0.215327846569191	-0.10263554939506254	0.867665987868599	0.4361829845239916	0.17407726172935956	0.10781880736142478	1.1061845602306388	2.14528967954508	0.4630426923892744	-0.9623845138440272	0.8211293618937914	-1.8454357070266731
0.20994191110725757	-0.12007627245377613	0.8673710471881271	0.4349408571909641	0.13019337734038555	0.11081681291441732	1.001342478200859	1.9243159326378285	0.5342639547685192	-1.0175272061413478	0.552940064836586	-0.6036785077366831
0.22032152614316872	-0.10399984602529953	0.8718524440997376	0.42487147805186115	0.109469174442676	0.12736603887328404	1.0959526980038552	2.074715732738197	0.44774633004611997	-0.9792622191280734	0.6719095404780148	-2.206596264637017
0.22156251992612588	-0.12205544744034226	0.871480293787516	0.42016022545470383	0.08423606776246671	0.12093983895177547	1.1097603445134618	1.6534510892366638	0.4483237884095352	-1.0347812725289274	0.9513660657093302	-1.1522720390025893
0.21402466077518192	-0.09753635429244285	0.8713322371811236	0.4306509452217022	0.1134279523930986	0.12486290463176013	0.8290352483105741	2.2073879133131897	0.4260159502522706	-0.7740255836501589	0.4433328829147192	-1.028042025449455
0.22323671540410547	-0.09857856684129154	0.8716936966114887	0.42496792154573404	0.13213789910323168	0.11691492493208051	1.1395512979885805	2.2840447152517167	0.4771514488084954	-1.047518463988378	1.5581853220824071	-2.1391299893724876
0.2307835706008939	-0.09418091419248094	0.8666714016317137	0.43214532339976963	0.11678932949933152	0.12274338281354023	0.9898489030972635	2.0261117507538864	0.5061685465236809	-1.1021792558124794	0.4951016031277779	-1.940832314213352
0.21530125357875984	-0.11144454727608047	0.8693453130794353	0.4306555580933127	0.15507439648505095	0.11303329330989786	1.0572902808859113	1.7894486331412098	0.4154913486039894	-0.9042425653001962	0.7672017974823064	-0.9633994254281517
0.2079324259503334	-0.11391421635207054	0.866889675880814	0.43850877688201423	0.0936751461852855	0.09532823652976845	1.0833861235660813	1.8620464746459076	0.3727679739666306	-0.7669316232745903	0.2579445414108715	-1.1602573313615834
0.21070206065455227	-0.10118659868633202	0.8752284280933318	0.42348685049183266	0.15981538792591055	0.1455063129476025	0.9464677314487943	1.9379408142849606	0.4509684922919653	-0.9398863413880115	0.755615916167084	-0.7560357079221961
0.22119469818661394	-0.1037013623225891	0.8725588703953069	0.42303658310013575	0.1326536950768973	0.10216966248490385	1.0051178208333291	1.9015222794490028	0.43697964237050124	-0.9607366396299193	0.3338072170678427	-1.9278820878551495
0.20401289833771538	-0.11570929542469503	0.8760679272653423	0.42130165330932706	0.08929581856291414	0.12073643720001374	1.0922088388155662	1.9431173918381162	0.5339089171156399	-1.1054512156965401	0.929912027211579	-0.6169533939768875
0.20953910029109474	-0.10616829040506906	0.8673969841364044	0.43868454665366713	0.14105992576986826	0.10381579359129511	1.065068036320772	1.9908119640048063	0.5072946216962135	-1.029984128043016	0.7803480368621291	-2.1384029981674444
0.2034936910080506	-0.1230331014763759	0.8702118070239988	0.4314911176108387	0.11680410340030563	0.14804675263342895	0.7566544935401014	1.745609184201549	0.6850734126561936	-1.24073394406424	0.6840500483575497	-0.847895895849256
0.22165627024913365	-0.11508056777784141	0.8567791731761226	0.45117004465147337	0.1189026926597404	0.1197968902841039	0.7493080996606256	1.961842312480908	0.4698704744557671	-0.7600108918940129	-0.004638301883895311	-1.387866725117006
0.23531336732692887	-0.10191617215648416	0.8621071118049115	0.4370492429756924	0.15180996614821363	0.11754545857151376	1.4894457178280083	2.331412604302413	0.4020016923450739	-1.0512462022929385	0.7909745652043818	-1.6015685788668206
0.20670628185243503	-0.10785821852555795	0.8736891664950259	0.4269734863998718	0.11564674849385383	0.15827684624052699	1.030143305775464	2.0222871482242106	0.49572340628682776	-1.0022284442446123	0.48653108271132745	-1.5515853293873247
0.21559519439073313	-0.10112546780270878	0.8720338581917695	0.42760881899755326	0.1215806011690586	0.12716700772592604	1.024549127971868	1.7994339309028586	0.5131113044521879	-1.1374173760232194	0.9190692997249136	-1.4892321780231306
0.2415782470741163	-0.11283884335468262	0.8654169957294109	0.4242178325738508	0.11930125143816352	0.13669634433571662	1.0602548414529194	1.834696440671229	0.4768565108628892	-1.0885662396625602	0.3941055044074068	-0.7411037190289461
0.2275306004959531	-0.10139880341165568	0.864488801320605	0.43658586886876977	0.08955331095177789	0.13219177684211636	1.3095879005265665	1.8834751176391178	0.33923048137551665	-0.9167730313343033	-0.04051370496465778	-1.8380861774048018
0.21552884767328853	-0.09895688577991442	0.864078368957969	0.44398583634650046	0.11423078648624337	0.12765165395419367	1.0129699877212308	1.977518950511674	0.5343483340764121	-1.0909221298986007	0.24800592952280578	-1.7993540193955777
0.2300211273702152	-0.11660945044219596	0.8607528209175812	0.43885885921709583	0.132816546056359	0.14224232476928284	1.105506789527587	2.317405523205486	0.5036932843007103	-0.9515905628837994	0.3563801612192861	-1.0501006355648013
0.2113356465979154	-0.1118583296643558	0.8677488966808196	0.4357026633737297	0.13961734818980845	0.12901437575395588	0.7929847111648917	1.8175048069844528	0.588460553697292	-1.0900068348072431	1.0740914798462466	-1.7608246926757023
0.22904895230568573	-0.10031217717929367	0.8647314021057353	0.4355613008170798	0.11522233478979566	0.14469712189421366	1.197835238263627	2.218530104261142	0.45158194399586593	-1.0155043807388426	0.6047885052077209	-1.6753521865827274
0.21534879158327866	-0.10680270406044365	0.8688950299959318	0.43271180619133526	0.12505997258064613	0.09128815857732803	1.0135589354005514	1.9900249146180067	0.5506308801029511	-1.1189181299521511	0.042775524495724415	-1.5068306747273974
0.21763177674942738	-0.10402575494209262	0.8695519296878201	0.4309228395360397	0.12497702399538929	0.1312826118143444	1.0785904116414464	2.2207795028365593	0.42588968772630825	-0.8680219491898088	0.9376847040481922	-1.1600805566768146
0.2199064664695399	-0.12008195018626872	0.864079902956952	0.43656315986377964	0.08818006533374935	0.11994869949058079	0.831905439195573	1.8797347608132484	0.35200353633854875	-0.5987182960201897	0.6296392234107484	-1.0503036112751443
0.217666837148442	-0.10152679565129932	0.8636790659012401	0.44313872421007683	0.1507989806936768	0.12952186286577372	1.1450179598943313	2.0465725861561026	0.4599564810037898	-0.9899953241927394	1.0578104684916443	-0.7091886988315469
0.2269626367845029	-0.09236867917263777	0.8630237409986903	0.44175333737772005	0.11808853462376552	0.12740128438510315	1.106734520747982	2.0901872788405607	0.2975202425267435	-0.7128108674331688	-0.22715591927351778	-2.1669156114519232
0.21155451530824768	-0.1118150911356133	0.8685127112028738	0.4340826452716814	0.11389270775960432	0.11680635330659885	1.0737810497968783	1.9144328349611315	0.6104736909151962	-1.2516162854138326	0.30600569449617915	-1.7255770415424518
0.21702382215544996	-0.11788252941354035	0.8668596054388812	0.43308058642064834	0.1339000173908513	0.11927420293494688	1.3979464513466917	1.911809468196788	0.6007261151529044	-1.38256936031027	0.20091275613921764	-0.7703795295875241
0.21584070226873828	-0.10811049466443126	0.8695744406152783	0.43077279906718274	0.1311832512507553	0.11738057091067826	1.0327223436079973	2.1358413637436553	0.5547355247507522	-1.101231285228996	1.0867642812959704	-2.704549632627952
0.21566612879923835	-0.10631406178620348	0.8644485051818878	0.44149090935609225	0.12944286407964942	0.11039689764293907	0.8496049632342383	1.7840155119832257	0.4454329578090185	-0.8575916843900132	0.8992854501340609	-1.6512936549077928
0.22259406493937484	-0.11505550950726638	0.867353605189558	0.4300137620477571	0.12696887772416668	0.09574471280284243	1.2013089668655905	1.785033142587767	0.3908211591703686	-0.9325433864165146	0.10578113575961708	-1.6097240463052727
0.214678352944354	-0.11163191230660913	0.8636356749758403	0.4422498635849349	0.13846866344908518	0.11283902193489802	0.8179380535177373	2.233884165875851	0.5233340007276521	-0.855151752274364	0.6451617362973173	-1.4776649050434891
0.224347094308919	-0.11745346348797954	0.8723914894186038	0.41809825924035265	0.1393945903664495	0.12378031237681897	1.2453390858527276	2.037561861423176	0.4021474242755684	-0.9349464855105243	0.9344072284768643	-1.1119964176459265
0.21580812497728652	-0.11006216332492649	0.8671364519287821	0.4351867956801862	0.13629652137388504	0.12100958698011043	1.2329628597966051	1.895729172735779	0.5987387476465228	-1.3250023854126936	0.41819448643138796	-1.340787847028326
0.20655459349095695	-0.12606793234533928	0.860449303986569	0.4484072608812052	0.10325142805081788	0.1088347284229572	0.9280537400698997	2.0279235415595087	0.6451944824768825	-1.0954211080279397	0.8211169946295862	-1.6185717011451597
0.21505508631138778	-0.10226679639894479	0.8715783219463317	0.4285370939826739	0.10831746572447576	0.13589273582671305	1.089378782679703	2.098284509846987	0.48403999770647477	-1.0304134426999314	0.5281693174697143	-1.3872297393907849
0.23840295035074172	-0.12214425249110997	0.8622974105442837	0.4297534067533066	0.08859835759116563	0.10896790996648721	1.2623005729934331	1.9033319223105176	0.45702516750958805	-1.0763073361756583	0.6837025418804444	-1.7970078666328406
0.2071817193395132	-0.1225273133795934	0.8708387156382571	0.42860555758530816	0.13476523397013174	0.12614001853264714	1.09535861042857	2.026504157964286	0.5900902264424638	-1.1490975242004602	0.39194144167232414	-1.1229299827745003
0.2233023587747116	-0.11123725643498093	0.8659470106228814	0.43347214920887783	0.13763845040620606	0.12199203265278023	0.831620577198433	1.962461903690949	0.5243495702955728	-0.9722952262499316	0.9708788382059623	-0.6606568323794855
0.21914260889966083	-0.10287704997606212	0.8685598585035578	0.43243103698642266	0.12273670257340842	0.11733631082352784	0.9138881883836918	1.8768379941356717	0.5165691164339262	-1.0541784594818313	0.67451666915393	-0.30913339505385223
0.2338429292019386	-0.09630454670860031	0.8651956877840195	0.43298884579795544	0.12351514100481582	0.10626969173396877	0.8661838328258552	1.8440957063658434	0.387112686537949	-0.8311631908725293	0.49939866443030373	-1.4924057129782191
0.2266297562097575	-0.12876909689754393	0.8618901888065631	0.4349744541044724	0.1699601724739397	0.16049007123570982	1.322296471387816	1.6482975782630778	0.2762712877118147	-0.7484059020759829	1.2032380795523339	-1.1528706457542721
0.20915135760139247	-0.10683333413899465	0.8676138554350177	0.4382790734080566	0.09411099814177015	0.09810092179960166	1.0233017300892333	2.2942685209521305	0.4398600266259672	-0.7998311245102251	0.1526118721063909	-1.8494043176999089
0.219469598683111	-0.10381892292652432	0.8612639746894444	0.4464068686729528	0.1477353785524812	0.11312225486618809	1.1790286352780837	1.8108269928702119	0.49377025663407287	-1.1111598007014618	0.608554983467657	-1.8101178899278982
0.2169965808271122	-0.09614090101592533	0.8707445109873911	0.430666236947497	0.13964720826764324	0.13678557257761995	0.9363899231337051	1.9190749611240994	0.46315035288529044	-0.9798247624170908	0.7442045719101134	-1.8090198418390235
0.2119484847739606	-0.11608572207893805	0.8680926982200832	0.43360928521931974	0.11473879319724363	0.09456060277015592	1.139118945726781	2.1367299807695037	0.565870103964048	-1.117638421801481	0.13677197158081938	-1.7015155010218512
0.2263149515184759	-0.10521031823342304	0.8599087562912257	0.4452743676769295	0.12056266013236715	0.13461357208790217	1.1750706177695769	2.317951747907462	0.45388498725913123	-0.9260880788823961	0.44579337555592424	-0.9456316483253863
0.22590123265268855	-0.11011547014477381	0.8656605201540002	0.4329839259920595	0.1189004586586803	0.13796923873437744	0.6393817795889527	1.903670525599963	0.5343947653630878	-0.9178585714442861	0.7716102842137801	-0.643219022896051
0.21822012600224097	-0.11113579462904413	0.8674298493203826	0.43312153983351553	0.09218228664804629	0.1674227984580999	1.372643286940453	2.0415681968703354	0.6570826236702835	-1.483694781543473	-0.12729091507176296	-0.48402516394439826
0.22210612994794993	-0.11272453611622542	0.8691157089494475	0.42731713100954116	0.14227116128782294	0.1290824519848027	1.2026154382457326	2.068503385063822	0.374650607678003	-0.8414170148508197	0.6169631514626812	-1.463019592127674
0.22337011791465267	-0.09594105139727863	0.866247763208271	0.43648129148480813	0.1199537105726251	0.1287536948238184	0.8231499006358034	1.8959114190763768	0.44473858999762805	-0.8871518019586951	0.5733213429942136	-1.3713020388973245
0.22486542884575578	-0.10222180669966242	0.8678096095285927	0.43115278354071046	0.12848299258899115	0.09663557173060444	1.0288706692985996	1.7622169357163961	0.3479729187341815	-0.8191868440363712	1.1494647719869107	-1.820979691221374
0.2244984551278084	-0.1024558889831038	0.8679713090950484	0.43096292305224765	0.11091347333560465	0.11584710385513469	1.059100434516206	2.1705594939361004	0.4968368300056049	-1.0363302703991344	0.49837911767766396	-1.4086309347758352
0.23030986507143753	-0.11137273509629078	0.865485786357462	0.4306829849682401	0.08814177914007722	0.12632633244549685	1.0809300120393786	1.8573491384310328	0.5056738535460508	-1.113915202525918	0.4726348597201584	-1.5565117844246164
0.21248855984066314	-0.10901816951371353	0.8631691977614081	0.4448624356906832	0.12132021287062252	0.08818761659364942	1.0077931425352216	1.9253799909070386	0.40233529610619073	-0.7901915689350064	0.21555562863334174	-2.2317634371323307
0.2184939312386374	-0.10426502519138252	0.8664496992826616	0.43663958266138786	0.1302287417619716	0.11146507336515665	1.029215735169226	1.9937468397303846	0.5192698266538818	-1.0693499428176485	0.6634769764076439	-1.4139195787677312
0.21466002665242512	-0.10994705289994658	0.866493851779757	0.4370596336246082	0.10860533500483838	0.13543565761023169	0.9073405550600201	1.8060661727889302	0.5047709647039459	-0.9920363236676487	0.7120915338454502	-1.8119242246143947
0.21793331710642125	-0.11843625617697115	0.8637094064097361	0.4387299668328073	0.11905890155982585	0.11513362269421042	1.187521648709587	2.1406439462344644	0.4709027285838541	-0.9390600701272556	0.5786008374520489	-0.9657253129837099
0.21211998098740745	-0.11057423115555516	0.8679795476918762	0.43518956542967085	0.1512660396805884	0.12309518638710056	0.8860623301242463	1.7865609250337247	0.5101687666743613	-0.9954741879857787	0.9085398132488732	-2.527102274253845
0.2370433283117298	-0.12159613870390573	0.8536538511056285	0.44754881526792983	0.16345160346067783	0.1320982016046182	1.4758204655442984	2.288034964157604	0.4570219166071332	-1.0317437599673043	0.845505783178567	-2.3620933174486622
0.2144612478257833	-0.11260997712034675	0.8722264859438017	0.4249074292738245	0.11707604780032421	0.11504328549045151	0.961995016245681	2.023219521546283	0.536471869310893	-1.0505839394126797	0.7050424330189409	-1.1020798516342876
0.2217300933228573	-0.10457210107299102	0.8659947902575845	0.43583651136514373	0.11035560626436945	0.0948009027298025	0.837661299793692	2.3100587572479325	0.5001033539091603	-0.8655858551702108	0.628959309872411	-0.9682548154958145
0.21912464117530117	-0.10385133669226874	0.8619282431409774	0.44528529638079534	0.13018057677802916	0.11997474507201387	0.9268661994769566	2.1702396810083404	0.49676331682582414	-0.9115308046103653	0.6787714008665017	-1.4181942193340433
0.20137476836111293	-0.11994411854707729	0.8732282170842799	0.42724008704858507	0.09986217116632795	0.11453780892550965	0.8115282632487283	2.1512527093297944	0.6458490365206951	-1.0985973061343983	0.963946262504081	-0.7043822112441956
0.22925001367631806	-0.10393296851634867	0.8683088046048015	0.42741337032265164	0.1043076073468872	0.12227934373213671	0.9036893447858872	2.48451688404813	0.5566983845236573	-1.0115118486536636	0.4561737709713401	-1.4526512363572104
0.2329634250191769	-0.09380099007681778	0.8685350910657657	0.42728937788263016	0.13894733192305744	0.1598768731138044	0.9841554499732468	2.1462166731786305	0.4606059178386004	-1.0016803610467344	1.1388380524612394	-2.447575132304115
0.2091795297024009	-0.11005999644169842	0.8627012814260042	0.44707630284176997	0.12942831402372895	0.10366592261638653	0.925153262277797	1.9349990110098376	0.571461354904771	-1.0592321270243383	0.7160494509506061	-1.65229249691194
0.21461901020114027	-0.12218196170639009	0.8659329987638815	0.43493711079379366	0.14722178151226553	0.13260703010816258	0.6279735877394474	2.074594774842934	0.633758423195538	-0.9888540934150162	0.6501484707793551	-1.9778312591112295
0.22943659347401132	-0.1112854190157298	0.8692010408314378	0.4236318634228071	0.12128987153187104	0.12595658646810118	1.1875871330041587	1.9329611719500166	0.3977422763597714	-0.9514948890440942	0.6910231742703713	-2.0261070323328823
0.2022108650678784	-0.10707924611374148	0.871055391649528	0.4346346808280494	0.096989362536913	0.09627185493840405	0.9541900551260409	1.8554681101530868	0.4768525663490552	-0.9424707393868539	0.40958625336270577	-1.0817750339264192
0.22744950591689256	-0.10473875552887116	0.8657689529630601	0.4332904746629809	0.11878963717672898	0.1316522712508553	0.8067231737222914	2.0840121790852844	0.4730129948693192	-0.8648514849716966	0.5852709447618444	-1.2429764493160071
0.21347194598061106	-0.11590277461118605	0.8699751991531667	0.4291147025855532	0.1024468408509852	0.1434399645215184	0.9573413444616147	2.0271317320383826	0.4804326516556778	-0.9027418939365909	0.43215563042275223	-1.510916382536963
0.21851409668387153	-0.11183329583697499	0.8629384682050567	0.4416809975362101	0.1379112404308684	0.11910364329990435	0.9770255693738691	1.9386624123512524	0.4037417700060751	-0.7813131176679708	0.742947464562186	-1.1714388364754311
0.20937972407544334	-0.11006670273605751	0.8609612192050711	0.4503234738716397	0.1409145536528237	0.1393590765443888	0.8817393219387664	1.9659026376354032	0.4588555946494287	-0.8067418378046898	0.656107491912227	-1.471617524411747
0.21485852153939486	-0.10265674635072444	0.8680495780224327	0.4356458862948953	0.12559034751391265	0.10559617259841929	1.1589534384039213	2.0642829275079673	0.4667215980355211	-1.0151270873070555	0.2933326951496829	-1.3250573244411614
0.2214178538698203	-0.10822481614126615	0.8702054631757704	0.4266192389214471	0.12039530432743879	0.13004099581770417	1.0332111553777212	1.9051432476609804	0.425458999235117	-0.9207844573583166	0.5785495464614651	-1.3880966610725238
0.22294708814505904	-0.1139742147104538	0.8660692294044491	0.43269916125127666	0.13293355676139487	0.1276484626884078	0.9736266996267123	2.060224320576474	0.49027096403721826	-0.9402915952124843	0.5168757999457751	-1.9803971704789547
0.21055219392826727	-0.10622804714053288	0.8705791304793188	0.4318279208279326	0.08158478810632634	0.16088059353675976	1.2791276844833361	2.249997996542403	0.5507695253009688	-1.1805598408114537	0.5434867428447705	-1.6724656405936165
0.2276844150445046	-0.11609214181362419	0.8698988963117968	0.42185107792974147	0.0964140047853891	0.1136354342124951	1.0953399232649985	1.8797542228403508	0.6332604614455597	-1.3797279249267933	-0.13847292086015106	-2.2739746486619494
0.23291921749940508	-0.11424740952297945	0.862207710129705	0.4350793400400025	0.13707809934893017	0.13903496763455725	0.7938394279557106	2.221219302693975	0.4944244879234611	-0.8215249030121042	0.5651948852108295	-0.9877996961627745
0.21463753455533005	-0.11453614117197816	0.8660254354516929	0.4368204966300779	0.15262882714340115	0.12237866889019622	0.7948851697336484	2.116198151853962	0.5776176293468325	-0.9808664774265601	0.9236439570169943	-2.786056461437981
0.22387672209774268	-0.111011293884064	0.8658956492393082	0.43333639422669457	0.11280616596376263	0.1245344311220149	1.0318228358320467	1.930112271034473	0.4521737169725923	-0.942159747920874	1.2283061377755287	-1.523934864920949
0.22568178288695984	-0.09369681171224942	0.864455887146015	0.43932295583832043	0.10986838837738716	0.12873237281645702	0.9656518311576572	2.09354370075919	0.39587648490514643	-0.8285235498943427	0.007617220545969296	-1.7470034054902135
0.2111657699148915	-0.10640195040155453	0.872517286557827	0.42755260170505716	0.12782199333435532	0.10531179007938297	1.2596029376211886	1.976392885005529	0.47896381012483585	-1.1076933422141086	0.3935583889881491	-1.0775003776722245
0.2081012927755629	-0.12293435346485326	0.8667163929134771	0.43632979606986394	0.10189526887725885	0.13561912255766365	0.7577800831942751	1.902080404977259	0.5760256765043139	-0.9697134839397338	0.8787092651704785	-1.1241789072111317
0.2050659051109592	-0.10273972099176039	0.8691265014440184	0.43819133809243516	0.13967330584667706	0.14887019515208652	0.8220934086180317	2.064450670090135	0.41715925923303043	-0.7280983964420066	1.191399654614462	-1.4379617793067274
