0.21206087595876358	-0.1078485658328301	0.8670878858781388	0.4376727886204297	0.23163144171671401	0.1660362384583671	1.0184899123995232	1.9902819585320652	0.5002776332136388	-0.994161608389722	0.6283264376954215	-0.30309185696218943
0.22375672859349127	-0.1186788668348331	0.8689222179137907	0.425232209729834	0.25217336416422825	0.10336355461903873	0.9906534304429124	2.0039683526975005	0.5044182530713032	-0.9927209064852711	0.585330277619634	-0.34587724135158027
0.2146853185369756	-0.10672661343872884	0.8649550020339639	0.4408769538601477	0.2477087643824439	0.0941206565232538	1.0001481278395739	2.0089288851212093	0.5242428864191213	-1.029215625305857	0.6314961465011771	-0.38770649655180556
0.22630407957821927	-0.10152996270535997	0.863366578350717	0.43940446245603676	0.2623520441017349	0.13538846408735428	0.9650920052455707	1.9858068575951893	0.5024042468377138	-1.0253523480088307	0.5756575508705464	-0.31925854707560924
0.20725165895666361	-0.10583886508773584	0.8713365262501368	0.43199252599899873	0.2963317743596702	0.16323941536041883	1.0319386822060244	1.9923189701869843	0.49579032818137525	-1.0069767907011846	0.5167124728659647	-0.3563058444674194
0.21243092615892395	-0.11026486584550092	0.8660494872479968	0.43894537998345257	0.2585215479546941	0.08822394881437705	1.0076617903529876	1.9937299630234493	0.5123530998059469	-0.9977170732907129	0.6330534693980967	-0.3623259380042793
0.2234336546348681	-0.11132556804021536	0.8662309701712885	0.43281396256721905	0.2523731300150662	0.12466223625481361	0.9722236150680732	2.0162906865113674	0.5016419245163493	-0.9872614502655654	0.6467828058002792	-0.2991193177430298
0.2025567947931093	-0.11517642516870014	0.8653340000469903	0.4437366384818547	0.22440160342019558	0.15738688399721268	1.0322276563793429	2.0300516659889847	0.5481405727980421	-1.0132030290809324	0.5918179932419761	-0.349567121923503
0.2254564858160882	-0.09819558386067033	0.8669295763950041	0.43354366548861106	0.25515419037252046	0.12712510470341865	1.0062257897102271	1.977382059354055	0.4647175587746432	-1.00466775482149	0.5743989190718556	-0.30650129567025114
0.20679033961969553	-0.09751308950346234	0.8720757140167309	0.43268106249022453	0.31296581933936923	0.15009137334617015	0.9981686615978308	1.9714136589916875	0.4875384149516265	-1.0153978284903533	0.4693755684754422	-0.34852653895056074
0.22279287683991683	-0.11222589749349753	0.8686230372885457	0.4280919306092961	0.21497932301079317	0.1259909372331341	1.001684655654299	1.9895294325458277	0.493925604861253	-1.0019498345626794	0.6588877168589194	-0.36576904190955234
0.21997434352181727	-0.11423396770533258	0.8609608111187146	0.44419406854689936	0.22184088837275626	0.09719280741398917	0.9953126584989411	2.0264897219930442	0.5370121459701049	-1.012610774928549	0.6598507477998078	-0.2889390101924641
0.22326059708018303	-0.12165351043934829	0.8594380970248953	0.4435327344981545	0.2144738565746013	0.09723738645848673	0.9940476122165728	2.008370295869946	0.5342668755959714	-0.9847653613092372	0.6531052922210628	-0.29632114781452906
0.20341810064650404	-0.09889696544933521	0.8718550483453181	0.43440676931772676	0.2843400002812897	0.1605559899648238	1.0351115386676457	2.030259143518809	0.48468245400800986	-0.995257969468558	0.5815597880102715	-0.3571213047552084
0.21905604778974647	-0.10080858965724353	0.863086858501289	0.44377150749054395	0.1966281516794136	0.1050561313541432	1.0028395613023562	2.0069848962269177	0.5059211534866453	-1.023073012491421	0.6802482435742817	-0.3390436811167057
0.2094788223049476	-0.11065211635797216	0.868629976714204	0.4351513480442355	0.2586149174482533	0.13097121862976338	1.032511145494515	2.00390928616483	0.4950026864100614	-0.9755837575805387	0.6218610808992145	-0.35224575695495036
0.21292642994276215	-0.09636010756398983	0.870121008518876	0.4338968721207616	0.2617135361275666	0.14764599166716272	1.016129343567508	1.9855594652217483	0.4840395122505204	-1.028366524570536	0.6237110158973521	-0.3613421859618719
0.2166016302136014	-0.10804723433335973	0.8673128271776066	0.4349459607295019	0.22676704603491385	0.12608671114241943	0.9866970283545543	1.9902265812614741	0.5018913206406619	-0.9977756468397789	0.6551491213433377	-0.34184492344243017
0.21071066833076868	-0.11151306001193151	0.8709926088488574	0.42957854582024624	0.22291063688982557	0.17615818527030447	0.9983118674416861	1.9935912967433265	0.5025312600204926	-0.9910748854056477	0.6324399571227372	-0.34582481882995925
0.21546662577374992	-0.10152004296240122	0.8679420150282643	0.4358261954073703	0.22563576767736862	0.10760093715275615	1.0168494352267998	2.0031136069721884	0.48382905668593346	-0.9996565334303915	0.6229016590026211	-0.37253287685867015
0.22304131470298388	-0.10850768670398504	0.8689706287371904	0.42821571696261485	0.277985016589747	0.10497916458781953	0.9710891900690467	2.0087299088064903	0.4805158848230584	-0.9719039916005515	0.6050056651195542	-0.30903262690214545
0.22566087272289728	-0.11271986609486287	0.8683983459640281	0.42691417760064687	0.15964137740426618	0.1110070841059179	0.9784205081070793	2.040458664080062	0.5026277441150492	-1.000838394238208	0.7360788219922642	-0.31019789286400806
0.2071478069912076	-0.10126536383563121	0.8651153348597888	0.44543301352325265	0.20916592845206775	0.13328909954219795	1.0176357308218957	1.999519134858172	0.518081854288258	-1.0248893105482995	0.6296329835102729	-0.3199556085927298
0.20542980378679093	-0.10753592721310423	0.8683120614219336	0.4384846451858156	0.2594426913482591	0.14098890564573785	1.024628031827192	1.980556543002135	0.5045779677288648	-0.9935109276292258	0.5821727574752585	-0.3502134942824449
0.21844384449087245	-0.10026022087569568	0.8664652593903416	0.4375707133522907	0.2720280193011401	0.17988623697570152	1.013303543833886	1.9889685155530994	0.485838584869698	-1.0121741264057618	0.5328632667174173	-0.36090940178332387
0.21660569053249687	-0.1080229951694133	0.8631249939325134	0.4432022700670289	0.2541485215079274	0.13588937161644205	0.9836725212138376	1.9999970755728345	0.5210370840551471	-1.0079901468647021	0.5585052447004463	-0.29581825565955583
0.20423941257514308	-0.11275830390272937	0.870916189762305	0.43252377699017774	0.24886389422791924	0.14467361202770565	1.0296252827908716	2.015646206263731	0.5054425892503773	-0.9784603111578697	0.5948119229111378	-0.2771079400319121
0.21770185832074798	-0.09644038045461366	0.8736081492887415	0.42439834518735126	0.28651723624703557	0.1385714109544106	0.9961810956670776	1.977481110512847	0.4591183561970695	-1.0067216034601905	0.5259611823768688	-0.3460723602747214
0.21707481919111923	-0.11232527072493226	0.8654267383608616	0.4373764019237827	0.24379182209343608	0.16876021850134704	0.9882337568839916	2.010591354903192	0.5220958032928704	-1.007178512730669	0.5706569121624644	-0.3570998263773799
0.21078034634255885	-0.10271867422532617	0.8663245974459306	0.44102404857473315	0.19000287869026142	0.11820032624608501	1.0172539637753562	1.9775982670013572	0.5106731304571694	-1.0287184254513717	0.6704024714178463	-0.2947520444482144
0.21920420863873966	-0.11609891907982896	0.866784930616591	0.4326134995114583	0.2615831219975559	0.08966504388679808	0.9980990453681235	2.0272686550658454	0.508969638044157	-0.9814557907300068	0.6247674849923067	-0.32599021706662634
0.22476241922392995	-0.10448174331972138	0.8655250632266046	0.43523761917378	0.2658487880294214	0.0840313493905424	0.9895765495997288	1.995107933102395	0.49188354444527943	-1.0102637751639831	0.630358438699972	-0.29292746130198316
0.20573981859227897	-0.11177204876050688	0.8726817057250263	0.4284912795546178	0.23048300802830615	0.1518753973284154	1.020785051402843	2.009723458483875	0.5046227705834848	-0.99362648295565	0.5839173490011519	-0.3387543205954265
0.22079322076132066	-0.10122951586459887	0.8679394155356007	0.4332252413507104	0.2303385508957945	0.10977290038412248	0.9833244941747395	1.9849610333200594	0.4918576160283406	-1.0227413068319804	0.6642902654073469	-0.3239311314495091
0.21151824450698367	-0.11020112313754614	0.8658980404087177	0.43970027099860887	0.2280648384740445	0.11230247426548605	1.0157889022522242	1.9971006539401686	0.5123869027810822	-0.9971564592502843	0.5830415543688167	-0.34179900345540276
0.21124339779066706	-0.10903368313788982	0.8685236447933846	0.4349190284019027	0.23541802880906057	0.12172660115923538	1.0000867160035563	1.9990316789050167	0.5132197544596617	-1.0094831275837515	0.6629515755621951	-0.3190966589323601
0.2117373122676558	-0.11055251137749857	0.8701557450207174	0.4310155823508443	0.1885538897055531	0.09788510823210199	1.0076369106730596	1.9975196523809937	0.5077722224789574	-1.007769675736232	0.6595119409937126	-0.2767951508516339
0.22264786832936673	-0.09648755598492965	0.8678006251942492	0.4336359685045907	0.20412875171046296	0.14313878944783018	0.993563125227049	1.9830180584196055	0.47257096834819706	-1.0146195419399058	0.6573658524471793	-0.3479745874605045
0.22064325852997488	-0.11452977378528637	0.8680393544419182	0.4297757118800734	0.23728757546087578	0.11725625230304608	0.9856157066378393	2.0127760643613994	0.5093209461757154	-0.9983284008403618	0.6297551255855339	-0.34840224574900897
0.2157578302942665	-0.1150159225748462	0.870824929438923	0.426478415032534	0.22910284951546425	0.13178367513288183	1.0070219850369542	2.0219078349638337	0.49620638704935854	-0.9773769570685681	0.6439766585000718	-0.32812240961059874
0.2113651548016915	-0.11330652754163717	0.8684291001367416	0.4339554126725495	0.2337249775668924	0.14464705662849758	1.011400862301141	2.0014940135185153	0.5089488038364604	-0.9885313155772326	0.6159892662071546	-0.3723362784207181
0.2181420684983589	-0.12264620044518787	0.8631928190072569	0.4384861510719821	0.23583430787252982	0.10858421588866524	0.9993135383476816	2.021852541457028	0.540012869507987	-0.9946836868802827	0.686073699188372	-0.27931766519112255
0.23502508840494835	-0.11103668868643429	0.8597610203026202	0.4395964621718372	0.19848614483947571	0.11325639878921452	0.9361065368194961	1.9886863704352309	0.5202043754997652	-1.01557418047312	0.6324349163979218	-0.309719277153127
0.22281637923089384	-0.10618980940358025	0.8662677030479911	0.43434646560231516	0.23427465109914547	0.15596703489453864	0.9904257646835538	2.019923675474448	0.4958375739749737	-1.0031527443497037	0.6022776781711171	-0.3184008680609009
0.22362393487380702	-0.10539221704186606	0.8664891754924786	0.4336834388040663	0.30268284072048807	0.12551607650658728	0.9665807411429803	1.9906425268035273	0.4902960318560238	-0.9942472441401086	0.6091429832130778	-0.31507462704868583
0.21335149922142002	-0.09958307279672708	0.8720107792457013	0.42914047848185904	0.1945825904666302	0.09604323345742176	1.002892544669301	1.9845189985161873	0.4736283008981483	-1.0004954865254378	0.6723598718212198	-0.3219350417620442
0.20913685522302602	-0.10419750092623493	0.871968483556193	0.4302041611524269	0.28297378766034653	0.13582011506984662	1.0263793713693583	2.0252470845329036	0.4864347599834327	-0.9943740383480566	0.5595828698736836	-0.33845391002299935
0.22356476760658078	-0.10190682763525727	0.8704544258953978	0.42654763579868404	0.21772083454185456	0.11553074532326602	0.9732089046556209	1.9874886658248336	0.4657920718295966	-0.9857921903387723	0.6421193102972632	-0.2504663706856335
0.21950748223283548	-0.10235719803359665	0.866551742832578	0.4363800479494155	0.2903886431089958	0.14016924503015735	0.9959346375536768	1.9792585353093473	0.4897954073949564	-1.0093422301930794	0.5510551871890929	-0.32858506503231877
0.2158794046696281	-0.10167584276830717	0.8649541735905595	0.4414888257080961	0.2574239252645348	0.07710805768006929	1.0095595070546317	1.9946987459295942	0.49861494223495734	-1.0111456476502974	0.6605829306240327	-0.3071642688920914
0.20662900141070456	-0.1020570989784316	0.8752232961865782	0.4252916483266781	0.24947565791415857	0.1891126866174653	1.0020170866795979	1.9874990715053757	0.4778695906550846	-0.9933183510645436	0.5492744380982038	-0.3446536094800235
0.23469025363345244	-0.10473488841074122	0.8678244793669874	0.4252431786760049	0.2612743968827919	0.14049914937310493	0.9487074004180375	2.007797286578588	0.4772096672733222	-1.0029559746146157	0.5833274779187377	-0.3433385843012009
0.2189688559368068	-0.10973621963089365	0.8671857066939962	0.4335891515438096	0.23455059670856296	0.12939269257694605	1.004706969497529	1.984817464258146	0.5009241861612329	-1.006915102233078	0.6368053845596747	-0.33187709323335207
0.21445708718098608	-0.10192973908475345	0.8719401817063168	0.4281808094414276	0.19825308249378915	0.0891590890635884	1.0029377591503372	2.0048370700573663	0.4716627564736292	-0.98555631469575	0.6822644732433231	-0.32184509507916986
0.2156192342595046	-0.11166992604570324	0.8716919314947343	0.4256657726447731	0.1761499008415565	0.05429549400033915	1.0047710955063571	2.0034525552888627	0.4906709714695804	-0.988184931499598	0.7398011284360436	-0.3119789492676133
0.21518939082362562	-0.10283372575516256	0.8709091223284227	0.42969297360953596	0.252865875192223	0.11758419364475002	1.006820866978266	1.9884384410057674	0.48051231169177244	-1.0022532780463491	0.5931566796900842	-0.341719768668052
0.22181739755899282	-0.1065252718792169	0.86445142559394	0.4383755711485525	0.2421777454549637	0.13542716395862783	0.9855531002338707	1.9897209665123323	0.5029870054258813	-1.007047654748536	0.6667328982167772	-0.31726764678845415
0.2229302856909044	-0.10345322722886571	0.8616486389346947	0.44402831049347813	0.305146892105371	0.15930007978894614	1.0019343987640001	1.9774871898779416	0.49556785414895294	-1.0039662937148908	0.5587078539489904	-0.3493802250974692
0.21124011762220232	-0.10823623592159594	0.8709430765282439	0.4302565367173405	0.21744077864995737	0.08853112530455481	1.000693931137553	1.9780801234493308	0.5078514849062146	-1.0217078741938799	0.6665866866942144	-0.3329694522590228
0.2218965541588023	-0.11115736942638409	0.8698633880907424	0.42631402103842525	0.21941079288551635	0.15611093972370185	0.9893648275161484	2.0105980647475685	0.488024087000103	-0.9864984945698689	0.6559789226647104	-0.32967805423889046
0.21295155931960086	-0.11243277453716767	0.868760807289524	0.4327414520367554	0.2413495297961202	0.1263914968178169	1.0050381010938467	2.0041742618370684	0.4938146341291873	-0.9652330649646207	0.6288696526492834	-0.34879137158993084
0.20336034109352233	-0.12413898574977097	0.8697712454133616	0.43212505659754813	0.3154418980811929	0.10918254622710018	1.0269770046396762	2.0297649350797795	0.534869307350092	-0.9767713553066422	0.5762798374805524	-0.31111393542026033
0.23121032266584812	-0.11386044004499525	0.8657132892545772	0.42908983639039383	0.27328044245071936	0.12173064851523273	0.9714895972633467	2.0262388801467464	0.5013156374549516	-0.997240078617363	0.5618066405201718	-0.32719716413407657
0.22031024152498532	-0.11421692332357888	0.8656139836324925	0.43489116252872434	0.23044547886949365	0.1597615639333353	1.0229348777276988	2.0030101679705146	0.5031522058462055	-0.9936301164835741	0.6496030060154405	-0.3489995892749263
0.21988212691758707	-0.10172697335756113	0.8671462755444832	0.4351560754063301	0.21109907990702628	0.14517248509822256	0.997131609616338	2.0052329828152464	0.4856240599982156	-1.002794759226161	0.5928069159302497	-0.30016469537163154
0.21119277444521506	-0.11743024481690327	0.8705980897386101	0.42856354927578444	0.234102255039081	0.10972180711682321	1.0147686843337351	2.039001470917084	0.5098879942158392	-0.9771686985638068	0.5970736249695867	-0.36307651186691015
0.207542852828039	-0.10876338282539727	0.870792523603105	0.43222317341080946	0.2679956964927314	0.11884870816378011	1.026207342311478	1.999589711513181	0.4989989622359084	-0.9949129296716072	0.5969007365001644	-0.3411372407263709
0.21469933802889987	-0.10641015597359477	0.8620791491120842	0.4465429583162324	0.18205740031283166	0.13711987304631365	0.9748098429566031	1.980730090623816	0.5277024625045154	-1.0154510591142083	0.6595635602177315	-0.3534876793801531
0.21315166012529263	-0.10453701426274194	0.86652031792587	0.43906824191293103	0.21436554733133376	0.11393815411152534	1.0182971666649825	1.998680306800564	0.5089828459801612	-1.0229836605751694	0.6043118863571496	-0.3458662842072666
0.2075244822691746	-0.10174241234833858	0.8693723532600575	0.43677658153284915	0.29205366982287667	0.18294852820938157	1.0157784027662935	1.9986763031429933	0.4897242256306529	-0.9918147156922532	0.4974304930386628	-0.39878243532971197
0.21175452870624598	-0.10694990379714894	0.870429410580503	0.43136339534857887	0.29654525822846795	0.16673862676313464	1.0097804103700556	2.01479384690852	0.49230203327766764	-0.9895548394997279	0.5235700558302332	-0.33161916004153197
0.2071616710502579	-0.10278726831225166	0.8697470554339639	0.4359574280643919	0.2867290562318957	0.09579364727216438	1.0184158127765333	1.9845129868778206	0.503539658498184	-1.0206184351439358	0.6021602003870494	-0.334019951517958
0.20700926799141317	-0.10718596188118863	0.8682924128064065	0.437865982241248	0.19145456183707077	0.1613845860958247	1.0101098523800944	1.9972997100851635	0.5087974615356894	-0.9975759793268346	0.5930605866502273	-0.35393552548981816
0.2084908441181789	-0.11719537219323865	0.8613918362875238	0.44810815327617637	0.254666990881459	0.16443709386496294	1.0331324411494083	2.0049931982117664	0.5455734715167728	-1.0050592960619344	0.594959726422276	-0.33255841402625397
0.22366084414198464	-0.11541979432317996	0.8688963914591618	0.4262313442079745	0.2577383926080302	0.1314558126567387	0.9795180142646247	2.0131119981859156	0.494096133528181	-0.9761018429374793	0.5808529928039724	-0.33764683311502414
0.20536843095499688	-0.11465608875028434	0.8683995882457983	0.43653172165845827	0.2834234708476424	0.12940558594050458	1.0372409731666083	2.010772078842	0.520521561518599	-0.9953228537396285	0.560603502045998	-0.3085201639745685
0.21706721548859054	-0.10544838633911499	0.8658825714085225	0.4381892676794713	0.2655870133528024	0.07509538672467454	1.000877648861817	1.9763205430362996	0.4980363042509083	-1.0043579347376432	0.6178009177364333	-0.28298204810831634
0.2172387928242491	-0.11151410300056423	0.8734548631049129	0.4212463814000307	0.2542700795909204	0.11702835319421283	1.001419019709035	2.000189245364094	0.4851062265556138	-0.9928064918734645	0.6084097153455986	-0.3424706330359711
0.22658978142785183	-0.11631768154809166	0.8599588661928274	0.4422646451708549	0.2827904627041766	0.14409271533097248	0.9903227444125996	2.006378531514302	0.5239540191941269	-0.9984940560162392	0.6087982335767234	-0.3584540580661162
0.20951139027103635	-0.11426171553573504	0.8701058905533005	0.431236567250478	0.2169920557930125	0.11184173860966541	0.9998956639861476	1.9814806380450223	0.5100035510021145	-0.98980299916442	0.6542994505524206	-0.3134898525741874
0.21637093024827003	-0.11341747919090621	0.8690597871883748	0.43018040663142193	0.28754482507076345	0.10029609037312433	0.9868706788402501	2.014870584697274	0.5067552041697073	-0.9889087172209392	0.6494306826686147	-0.27847526833360514
0.21896718202447032	-0.10667935166477752	0.8669635697655719	0.4347954206566366	0.2558679614118466	0.14202284315985908	0.9839304525515405	1.9988049559624106	0.5058657571277096	-1.0137743485264405	0.5914871318081407	-0.33046809653833203
0.21325760528943624	-0.1186651220089851	0.8647836018769312	0.43884975165718076	0.23139676149616017	0.10942259761958138	1.034752294477744	2.0129147062131234	0.5194003040201085	-0.9820556837064427	0.6157454895134503	-0.30124286261880034
0.20769650501422332	-0.12158597506452754	0.8684374011267384	0.4334691370752031	0.2509359040560634	0.15540227061995934	1.0000593358006216	2.010221552664167	0.5223742174984364	-0.9618756065298669	0.5896653510499932	-0.33004589211390645
0.19903986839844057	-0.09753225303106264	0.8723357910057665	0.4357761559986503	0.28045607200090344	0.09030262926129484	1.065098953761953	1.9770900405990237	0.48355191813490966	-1.0119570527469066	0.5921669130807171	-0.3098467018103323
0.21055931478225715	-0.10743805604485863	0.8703514933238805	0.4319839315768812	0.2966259423244957	0.09058166843112209	1.00121954708682	2.0144208358292426	0.4967814000701093	-0.9879188676582646	0.5890701611213766	-0.361257886647482
0.22174719212860752	-0.12316454664769882	0.8589514099812012	0.44481586361488046	0.2735206647185587	0.15080196495305567	0.9973845931496055	2.0379394867787877	0.5506070832219565	-0.9961651702275703	0.5358528075363613	-0.3762574789202621
0.208479553215393	-0.10247226568850895	0.8703091142617277	0.4342784317563338	0.25435995091813196	0.11577019287321964	1.0221668705203741	1.9772935050320328	0.4908019364205676	-1.0077234180847636	0.662911109157411	-0.314392002731761
0.21652385046640774	-0.1058005243670898	0.8594947502670807	0.4507687272717334	0.2567262056023094	0.1476267893891088	1.0140543266458528	2.013839928280783	0.5266693732562818	-1.0186402930020049	0.5732105848957704	-0.3423833964275806
0.22183666472309999	-0.11827707524428832	0.8641491014385211	0.4359419206031744	0.25324419017791994	0.07050610490451216	1.0012253401555737	2.0184819930978475	0.5110002451613037	-0.9747829381091162	0.6516053854512269	-0.2892552115185411
0.21993935287859423	-0.11969364832855499	0.8654840342360303	0.4338634555798304	0.23375679233047267	0.1333699131325579	0.9855300637968125	2.01206105699923	0.5228551966471182	-0.9875197721934224	0.6116415650945447	-0.34422208028310214
0.2165765434589886	-0.11120850724982403	0.8609928068671528	0.446563159319759	0.2742625400485412	0.1651186766781292	0.9995689079249712	2.022412477581514	0.5371225752021612	-1.016726011834136	0.5315294207178874	-0.34476644855310673
0.22147608142439182	-0.10865565800964644	0.8650527395513096	0.43683641232635506	0.2289556448819029	0.16157294870655928	0.9785627986338719	1.9982870822650416	0.5094256575823713	-1.0078901495369386	0.5238502456757509	-0.40296821953312884
0.2146247005268813	-0.10540651105911476	0.8662275245420178	0.43872039054037476	0.21506055557628675	0.10476436461912726	1.006664758042911	2.0068387578683518	0.5009445246950037	-0.9993909458372784	0.6847949761589148	-0.33368121613284224
0.21587421814354862	-0.1000863976964642	0.8691848590530533	0.4334728546633349	0.26485587953725204	0.14272511155878861	1.0001656568464954	1.9907394437833323	0.47524664497457225	-0.9913913247616308	0.5628908605376304	-0.33601430105606794
0.21435584854717848	-0.11317098087707617	0.8702643075594388	0.42881690063362715	0.24328488159008058	0.12869245436942606	1.0092533387155083	1.9999289357863932	0.4905280798778292	-0.9721970277509409	0.5888279629277047	-0.33439620569115075
0.22315828759117956	-0.11033195822682823	0.8638203869829313	0.4379972336737582	0.2712461125677138	0.10414441940841691	0.9794440605190053	2.001775520832432	0.509719670761271	-1.000046246339702	0.5871935609501555	-0.32112351175141307
0.21957798008649473	-0.10197938982469468	0.8713378095209131	0.4267975356201284	0.23205046279683103	0.16320627367909193	0.9920446821227272	2.0035177824587582	0.46652210276209133	-0.9841012624440989	0.5880484690168057	-0.36717359268105687
0.22200580969863862	-0.11233303081576326	0.8657924482223137	0.4341637332263124	0.21219456526662075	0.10995543557702024	0.9871984851261889	1.9866043847639998	0.5019980457131891	-0.9918576599019	0.6238669588222594	-0.36563273610797914
0.20660201591950317	-0.10444884486057703	0.8689203080493085	0.43747404961298375	0.236803631637562	0.1644643002444696	1.0178417600325806	1.9982271716684927	0.4980720851849411	-0.9928830972578075	0.5663909291094563	-0.349647599750421
0.23025043544685123	-0.10380575160591975	0.8638432753764091	0.43587142427213876	0.24025282531892098	0.10040909330234819	0.9764693853763479	1.9788401564002691	0.4939693981126876	-1.0235349908214022	0.6547592609719884	-0.34009038037513917
0.22152845483690703	-0.1056280345098429	0.8644311200421505	0.43877864661561783	0.23683834332796871	0.15221677845367357	0.980879319246234	1.9805955190507543	0.4977945171205903	-0.9991264240057751	0.5236523428366345	-0.36762795309929297
0.20803143163696775	-0.11100691096755878	0.8611219758024681	0.4504101818993078	0.2748323669380382	0.12612772224116078	1.0297592871046186	2.0050953648771936	0.535387400555539	-1.005032147285653	0.5770032417908595	-0.3564259999278856
0.2116048162680661	-0.10670085784123795	0.8676000973644858	0.4371594671527046	0.24044609121745594	0.09042105751204392	1.0007462450074052	1.9912321705255307	0.5010469482675096	-0.9927840027746031	0.6821937531249535	-0.3226639998453275
0.21018112839414071	-0.10175025763943563	0.868109856703517	0.43801376123527586	0.254085798816485	0.13253154371644274	1.0082626993151416	1.9822283669340837	0.49896208292487837	-1.012250039546781	0.5671671630623311	-0.32207606974081765
0.21423410026934167	-0.10474043173620882	0.866741591985128	0.43805502504204213	0.2467493523399975	0.09360292763011452	0.995197816071201	2.0127825391406704	0.5012061874420202	-0.9971392186397185	0.6167204296727508	-0.3038300319298005
0.2157348463095616	-0.10786301375985916	0.8676018386318157	0.43484606006393	0.30011433523669	0.13008723655542734	0.9985387861636333	1.990150335256592	0.5034056723687983	-1.0061300438865894	0.5886210637951602	-0.311832505477778
0.21099536537359637	-0.10146136275551562	0.871665890081112	0.4305637278356819	0.2235815057916609	0.1289144929136182	1.0054480988949341	1.9742501128596281	0.4914479107265075	-1.0224111651585313	0.5999955443002046	-0.3042160250213008
0.21782971156316489	-0.10915267511316631	0.8665796816076555	0.4355175836871831	0.17668732409431295	0.1343552505938226	0.9959997002383802	1.9911026658137876	0.5077353046316457	-1.0094133052634975	0.6369049534976886	-0.31261145317213823
0.22417139502090802	-0.1027567526833833	0.8644665103569191	0.43804781463177794	0.21180885433412058	0.12759991455101274	0.9931495951836689	1.9780007928513827	0.4876995954066643	-1.0067000554553096	0.6350674449240102	-0.3654204626659206
0.22617424545161693	-0.10320755303284918	0.8682966223971226	0.4292486310113429	0.21410277808764144	0.12530561885370303	0.9636072914658471	1.979157968538621	0.48606105053713217	-1.0150859852347525	0.5629694074235564	-0.3515849149897061
0.21377078176329573	-0.10431539763303115	0.8710473940989965	0.42976364191764715	0.17251990526499247	0.08760247299604608	1.0096410840148384	1.9880996137589482	0.4935159698836196	-1.0199051730956128	0.6939459946053432	-0.34150068970627023
0.21530388796585842	-0.1052032417510017	0.8658835289743159	0.4391152787171616	0.2068746681139143	0.13419899568379764	1.014729966455326	2.000562521210145	0.49628273356844665	-0.9968514200792524	0.6067234609696045	-0.3130985995959998
0.2189592980670401	-0.1062610697923199	0.8650393148545795	0.43871675896015244	0.20109689950947626	0.14506483068386716	0.9804694665459214	2.00701260824018	0.5024982103887539	-0.9940270073036669	0.6530178532844829	-0.32178829167675044
0.21443137100641274	-0.10938452715784112	0.8684838707786414	0.4333474109119766	0.18747960707517328	0.12407020602550572	0.9860842177050769	1.9958734801370415	0.5036236164048209	-0.993472421407557	0.6630460107021102	-0.31526965427112263
0.22060990592510857	-0.10262944126450606	0.8717245500444872	0.4253172651600051	0.2940398254841694	0.12548866083848997	0.9705077284120303	1.9792987317239767	0.46584391593548913	-0.9805782833319034	0.5659034213033722	-0.3332484205262724
0.2350338431599372	-0.1110436631356267	0.8648802295501168	0.42943053685110605	0.25607324314312996	0.15675653622508517	0.9439944422379584	1.9887934966424285	0.48907996512102286	-0.9874083995162525	0.6084682621668314	-0.3398293661284215
0.2168750306765915	-0.1171070628643702	0.8658076747077804	0.43546323302135903	0.25335500602296884	0.14115912676813816	0.9930634795656109	2.0049653262346596	0.5361176855833663	-1.0213259010025004	0.56272343353223	-0.3451436765137439
0.21474538497979204	-0.1086688948031104	0.8654900491029744	0.4393204591592363	0.2353673797193546	0.10549786546213047	0.9908812496981124	2.0061725527879264	0.5191197942730278	-1.0108148353150352	0.6024047749550218	-0.33149817352810235
0.22141186632828483	-0.09917963377089822	0.8695668245620217	0.43010896679239113	0.24678062397490064	0.15539629612492728	0.9945790167268721	1.9791598064177707	0.4672750404052331	-1.0003188908632892	0.5771211405132599	-0.3365257551612449
0.2028775653231726	-0.10168970315818722	0.8733868021218452	0.4309238814912891	0.25798904058817757	0.16771631164869613	1.0212818557294572	1.9807876865658072	0.48236258529570436	-0.9910301997874503	0.5289813329839229	-0.35191314267936197
0.21952489562457517	-0.11573488631021647	0.8666789606586925	0.4327607138400492	0.2067255942912536	0.13399747950218546	1.0073977875619224	1.9840695611988408	0.5094132815063145	-1.000600536470424	0.6014593569618708	-0.3305868685101481
0.22115137276716518	-0.11050291405046293	0.8652459841138157	0.43615428839399134	0.3074193597072388	0.10782968132013819	0.9984211539606542	1.9836010852063146	0.5014181853570158	-0.9984049025734888	0.5641654069910234	-0.40241516016365114
0.2231999969760821	-0.1003091896161983	0.8667911240293044	0.4345031359293435	0.296889634085952	0.13462498720421587	0.9676178308649285	2.0009538023971114	0.49045991637367947	-1.0135359410193618	0.5504542530091193	-0.3399839800718818
0.20726311316205165	-0.09788818967687804	0.8694350999685362	0.4376556993652195	0.18619959962541735	0.12052516716449102	1.0149697741700239	2.0031361703028705	0.48985419080730686	-1.0057651477305984	0.6789483895154235	-0.32479407984517233
0.21465420511558936	-0.10711658119111703	0.8659983850499983	0.4387441251468975	0.22293891291374943	0.12651973369107553	1.0258079656408619	1.9974466747391557	0.5017824679953599	-1.0046337175205748	0.6292126748188832	-0.35481806668973914
0.21546428956341454	-0.11145045305268406	0.8715100285964589	0.4261739157821414	0.26669876626821126	0.09948243790256657	1.0137851258242876	2.015949921154522	0.4977173369470286	-1.0031623114064507	0.5675701930837215	-0.35091990222188346
0.21669170966837734	-0.11359000846929297	0.8646160210199937	0.43884068764472534	0.26490500502886527	0.14730387141135212	1.0097531088148182	2.0153769446387737	0.5195179177697226	-1.0005042161172844	0.5821391672277588	-0.31647587676870226
0.22372628974846376	-0.09775808229059663	0.866191910014092	0.4360062839551637	0.26291246125708695	0.10163922958914513	0.998568925271853	1.9628027137249195	0.4694319848791117	-1.0049040466349235	0.6294466478948285	-0.3227070153374399
0.2207349676667268	-0.09212240877142235	0.876701924307978	0.41735269469120284	0.31398906862309256	0.13744378645376346	0.9757325117934657	1.9785974706005824	0.437351061033132	-0.9980326988793214	0.4928177826154109	-0.32521732146292953
0.20796731714253808	-0.11846679141901513	0.8663028009418524	0.4384457451175914	0.23144790799919568	0.12041218594504675	1.040243023769858	2.009123263760446	0.5331639141554736	-1.00400918768776	0.6424261086831874	-0.32829970259337765
0.21112530328755322	-0.11280214213663167	0.8684567916457853	0.4341481130736775	0.2342374653842024	0.12280242772064352	1.0193461591073312	1.9954152710208677	0.5062891680927505	-0.9900144756983863	0.6292348338643524	-0.31860712387936113
0.20685133252340088	-0.10644896515020091	0.8691705156862753	0.4363757082072729	0.2695509087682501	0.12570768906045177	1.0080622005177813	2.0024009889566425	0.5098908670616683	-1.0049771240080332	0.5268172147726639	-0.30836599036631024
0.21595252721267585	-0.1045873080730686	0.8661387063215229	0.43844012406731925	0.18227549375240384	0.0950216292274721	0.9887297461687948	1.970907169540441	0.4966635900761785	-0.9980071336029285	0.6420330093268901	-0.3471494243306814
0.20695244609876096	-0.09764689309856696	0.8706459526617217	0.4354439050390986	0.2771261383296886	0.1406670254171606	1.016174569574457	1.985504723373695	0.4775720236095018	-0.9925907558359108	0.5619292584022892	-0.32632613668009985
0.20835689860174053	-0.1031004301220411	0.8712267252367131	0.4323444198171491	0.23934670165364366	0.12161324795731603	1.015313475250904	1.9939424720346521	0.4861552899737672	-0.9934734944155467	0.5435810587993474	-0.35936584081088147
0.20190295141862846	-0.10234733381677069	0.8721919444013585	0.433637444866588	0.27414552562853567	0.11333312338321899	1.043831931284787	2.004762721378932	0.49351616746104926	-1.0054746403842496	0.653989240681711	-0.3123049697919595
0.21919507711449898	-0.10639313979489246	0.860239331643263	0.4479088191443718	0.24784797418210355	0.15432283930255963	1.0060101187145143	2.0035164440568667	0.5326469480859437	-1.039398857893224	0.5924096218757028	-0.33124995016719005
0.21612446184303527	-0.1217010552038842	0.8610489202019873	0.4439299800354906	0.24240954788714056	0.1343814982477362	1.0118626496893628	2.018561302880975	0.5534512394783145	-1.0127178663854868	0.5892003591636105	-0.31047499676454865
0.2123282322218335	-0.1065331757989391	0.8729916078184485	0.42597307066797524	0.27256471701937635	0.1591777819219747	1.0031685668531596	1.993065021983084	0.4861204221503399	-0.9978389251571186	0.5426765877976454	-0.32549502976170186
0.2229458060723993	-0.11106801954247358	0.8694091018551265	0.4267163884843222	0.2862077369380625	0.13482253699722355	1.009400090961954	2.0173578582860685	0.482202011980808	-0.9847486630225689	0.5638872629206931	-0.33709077849497066
0.21359744252819077	-0.10299210925270638	0.8747580707076014	0.422571976956601	0.26410097957741474	0.15037989068384394	1.0018018156581168	2.0064038207998443	0.4809390906055749	-1.0129490799096907	0.5809164041507847	-0.36930199116609935
0.21083801970733218	-0.11312278499910587	0.8651462984750677	0.44076348214754113	0.2649922849706532	0.12234891498493616	1.0068309962618676	2.021323687198197	0.5332468003885021	-1.0095141773386125	0.6209411025826069	-0.3326347313810863
0.22241821493820813	-0.10976394173083975	0.8660429861599458	0.43411007922251	0.2666352022061303	0.11362706031787724	0.9844601871198662	2.016672684217838	0.5042858609685832	-1.00052311198496	0.6036017939858406	-0.30965848537485674
0.21671224288652643	-0.12041292099872902	0.8666110503756511	0.43303789627058703	0.23493105833985398	0.1402128151269454	0.990812908692174	2.036951929547156	0.5388665201990998	-1.0078416711181757	0.6509313595742664	-0.3288740138438194
0.22563864228489086	-0.10610398212290927	0.8670924094612399	0.43125387133357296	0.21491027485820283	0.11271461584648935	0.9862799797334185	2.02420580564086	0.47950145407372213	-0.9821097924715386	0.6831459919038242	-0.32338281924091755
0.21055663704831165	-0.1118067062303535	0.8679630955634611	0.43566641800432493	0.2595146485122522	0.09891602494506684	1.017292449842236	2.015414514503408	0.5200323849986035	-1.0104743424364961	0.5842344427753162	-0.28560450365003337
0.20744646225982283	-0.10426959403873419	0.8714563369315547	0.4320389680071903	0.2025563249667236	0.0955766385172881	1.0188621921905903	2.0028356073971376	0.4944478535242226	-1.0031831592081764	0.674999556012871	-0.30697986557773244
0.2273218933099564	-0.0959886342941113	0.8634062528602537	0.44004611284516937	0.2872153508133279	0.1475007784768312	0.9928554881770925	1.962068416960586	0.4776416945577617	-1.0220754920885522	0.5188975685083416	-0.32784832733166946
0.21803936293635326	-0.11121834238506062	0.8709036695392921	0.42616442238932184	0.2618690934435806	0.14344489703704336	0.9983832461058885	2.01214946661848	0.48910222275584125	-0.9852062189116517	0.6169254412993869	-0.3371354786384895
0.20852592677081666	-0.10258749799963675	0.8693866664564451	0.43607289219383555	0.24909786955113633	0.15871168508195457	1.004235537204101	1.9664307241517125	0.4955188765070275	-1.005509514976043	0.5246942701066016	-0.3690617472947924
0.22100121915537163	-0.1074857177624054	0.8670821463985035	0.4333287816495737	0.2343333857854675	0.11235303120165109	0.9796908196914138	1.9845488372973419	0.49672672876527335	-1.0013299505175004	0.6241332116248056	-0.3046586399042306
0.21625231107742152	-0.10976469393228659	0.8719340105085951	0.4253442502703225	0.2666903380887641	0.08816295735012476	0.993209445291331	2.0192811794065157	0.48183750340109743	-0.97160961691315	0.6396433613057811	-0.2791429976159095
0.20946270532656988	-0.1107782651827189	0.862297039764274	0.44754593759093825	0.25219247346797924	0.08657249948728822	1.0286571036058376	1.9932878526456943	0.5296966935545055	-1.0086299133975414	0.6299564535449869	-0.2816868342704536
0.21871763102938258	-0.11694372647482425	0.8650085010247568	0.4361731948091027	0.22968260331810428	0.05825665752152139	0.9964095564481676	2.0057825360328785	0.5139735727349964	-0.9811702513372326	0.6596702372434724	-0.31163572111390986
0.21025360324450207	-0.11084403023868906	0.8685292658575168	0.4349298077071184	0.23948251426745745	0.11106699081293718	1.0312549243301201	2.003370127972213	0.5042006389952051	-0.9948190439560908	0.6041021380662871	-0.3091480004098506
0.21277789544131437	-0.1102099999629921	0.8667761298571138	0.43735393427937286	0.25856659487674233	0.13556269084338282	1.0136370962607313	1.9867946032188197	0.5006733000711384	-0.9847552897962989	0.6008715306768608	-0.28956763908568445
0.22295843172447913	-0.10485798738528937	0.8652010807558701	0.43671664733937215	0.25119008155670264	0.1213566964711953	0.9794031931249371	2.006012818779992	0.5078506692393187	-1.0244919302549238	0.6176672705721152	-0.333259355588028
0.21773880592429085	-0.11333840650083828	0.8660357609208106	0.4355758014546116	0.2942879731805654	0.0960550782673359	0.9988393868224557	2.008571922656922	0.5125900275862698	-0.9958290783674435	0.6212898216288683	-0.3318370798616001
0.21526642991029504	-0.10544906715643006	0.8625104569804976	0.44566418970880767	0.24914109833785547	0.08880069083695159	0.9823799736317849	1.9986936994819617	0.529440609449779	-1.0262460304398124	0.5967406548105092	-0.3034579744153368
0.20988223781100748	-0.099124547328126	0.8631648959226104	0.4484084441838122	0.24635479728829288	0.09485480204898729	1.0014097249262666	1.9847238720078835	0.5199467520441214	-1.0308526718401927	0.6322435490035597	-0.35671956209316935
0.21995441621018058	-0.11303019619412663	0.866765582720489	0.43308388812003495	0.2081770983041935	0.168543717794107	0.9988912081707777	2.0094499335833147	0.5084312855475347	-1.000436090308531	0.619264520441455	-0.31415427497071313
0.2251390529955747	-0.10564667097666357	0.8719125390377078	0.4218053010532492	0.27901308901392197	0.10292383378499552	0.98684572319314	2.011718730007869	0.4623425096151069	-0.9785755542630543	0.6111865715885291	-0.3027484961635121
0.22339675935629366	-0.10539348794157756	0.8628909384693456	0.4409141967731443	0.28026280789536917	0.11619159768072002	0.9896813562686	2.0008417640933853	0.5073471004437016	-1.0160732731199296	0.5477629282588444	-0.3221169798132232
0.2196045715636817	-0.09705922188887516	0.8673074546692041	0.43604027184410865	0.24637631221169723	0.09696652942880742	0.9946350672621602	1.9777567244175935	0.4811267238133131	-1.0176850669732738	0.6176706109743706	-0.2827537208061632
0.20463070336460804	-0.096518679384415	0.8714683457006823	0.4351474947786213	0.24878487926331797	0.13799211089229202	1.002104658504542	1.9666502637153926	0.4753933858179217	-0.987097909328942	0.5739767236665347	-0.353311595985208
0.2177683411363039	-0.11012500789784715	0.8705630637749585	0.4272813876416791	0.2657943005614616	0.14788853555894468	0.987965431793203	2.012178865350866	0.4926186278227844	-0.9886037020812839	0.5339874755238482	-0.33482304398316526
0.20702233033130585	-0.10797963606876701	0.8687495079422018	0.4367567347950507	0.26504408265619367	0.12545638532187883	1.0112405675544314	2.003281538792519	0.5062879180225518	-0.9911081215058439	0.6614276145437523	-0.30559862538336824
0.2137131527561482	-0.10520212851527566	0.869804712250413	0.43208675406897046	0.240211246740644	0.1531131516714875	1.0012421116117642	1.9845336728906	0.4835682886595837	-0.9854766757081602	0.5618307042172077	-0.2972664684982087
0.23317178742654654	-0.10596377295923795	0.8673240007337173	0.4267923079435841	0.2593038117472689	0.1574818420267302	0.9717230158734367	2.00199300364981	0.4677225329644075	-0.9843350760893345	0.5645732718504665	-0.3455632588357007
0.2279322895491941	-0.09978680615670997	0.8663707284035579	0.4330025700424814	0.29250281485385327	0.16289826991582476	0.9615378632665698	1.9819191117686523	0.4676496087074794	-0.9851075030107574	0.5418646201708327	-0.3062244994363545
0.21188692901517325	-0.10741267449046075	0.8733562818483799	0.4252237665362771	0.23334907775193736	0.09657410353373792	0.9855559706279718	1.9951926618768843	0.4838661128924241	-0.9809069721543023	0.6767874212132728	-0.330813145017879
0.22493539610354574	-0.11541592694130395	0.8630425257283841	0.4373109079046531	0.2200127787001692	0.15497158623551321	0.9925057751586343	2.007215126611043	0.5175379511522852	-1.00212992144311	0.6215532902503945	-0.29505188376239144
0.2122486094994221	-0.12230316183511515	0.8661324089959734	0.4356685832803731	0.22220036286904746	0.10679355722274504	1.0110316459329594	2.0206410298887656	0.5328673238122056	-0.9846772281320306	0.6551648412424013	-0.30100721053606877
0.21960304871771338	-0.1160015134713057	0.8668195014429969	0.43236801660664775	0.22770597986899566	0.11999670621150188	0.9874091010859172	2.01036907862504	0.510634118188994	-0.9858726560476111	0.6266485848580685	-0.3544592952946723
0.2198601847946336	-0.10039864294523908	0.8658979091403971	0.43795253462345946	0.19729716986086612	0.07826064706297395	0.9642082309471673	1.9897808379337825	0.49802893164626744	-1.0125798562503232	0.7268648789780273	-0.2665759722426842
0.21748753168463347	-0.10248107433859922	0.8713433730720899	0.42773534944809594	0.2542053284880072	0.17183826204985775	1.0083236314397526	2.0004522762523673	0.47381887807214756	-0.9986274440572754	0.5678659285585699	-0.367391617172808
0.2077672967643373	-0.11751711765966218	0.8683485906184322	0.4347334845893372	0.18528975248651613	0.1451518302090482	1.0280670376091547	2.000224108514347	0.5261440874003076	-1.0015667750051174	0.6426708754490227	-0.31793730816401194
0.2171703096954083	-0.12282101077495375	0.8694878789390487	0.4263131293745168	0.25837597763627956	0.14012543064154778	1.033819084207802	2.0174279735449243	0.508895841131947	-0.9833406583835699	0.6425911954115681	-0.3183763887298329
0.21312399571208993	-0.10614509731982529	0.8683285096521502	0.4351057113989124	0.2950632042201629	0.13546569609837156	1.0120093519080875	1.9760436091311508	0.5018464244132353	-1.015164089531459	0.5874254681435697	-0.34852979853820826
0.21452507352845815	-0.1070104691089584	0.8708024554560242	0.4292211969374874	0.23021553059098884	0.12976061243551162	1.0110111524213503	1.9715672808097626	0.48665260993954657	-1.0010856709017	0.6220406556286474	-0.2904904403885869
0.2212942601315366	-0.11455551719804799	0.8692978332380276	0.4268807339761237	0.2756158427274577	0.1340069852410039	1.002198094867813	2.0133432654004966	0.4923794165540243	-0.9819264104074326	0.5382136271326187	-0.34118222810761023
0.20982798787881038	-0.11008786761605568	0.8666528404247276	0.4390509436161495	0.20724489958819306	0.10395255648770862	1.0264479443258876	2.000199198888348	0.5141245672030991	-1.0038638228991354	0.7177137332975492	-0.30361147429997487
0.2114210648962244	-0.10740098153035386	0.8680802380278593	0.43612253189895894	0.2502032755782547	0.12761751421398373	1.0390093822238655	2.008898583537334	0.5010144486215715	-1.0062115577109652	0.62079621614382	-0.3298449727361029
0.20677052754632408	-0.1177456561065967	0.8651587572273354	0.4414546796660949	0.2700693998028035	0.08818192065145754	1.0075788275732878	1.9937722561529998	0.5307595747553657	-0.9803291194085177	0.6051458401132915	-0.29733320058675533
0.2151455151836597	-0.10795262560992967	0.8678376238408988	0.4346452537029048	0.21492023096451632	0.16204273917935386	1.0236832434705843	1.9930607151280206	0.49753605531441203	-1.0051075581769282	0.5981834165432148	-0.34513249072548846
0.22312790766801904	-0.10900617426246259	0.8671848011642995	0.43165045050594814	0.24402773160056904	0.1530577696080728	0.9776560087914936	1.992735114902877	0.48635489757807365	-0.9792216899641153	0.5413287341691518	-0.3591342500731262
0.2146176199038565	-0.11142376596349006	0.8705520052903186	0.42855947975785336	0.23992630590924188	0.0859154970512563	0.9968182771896145	2.02544727146648	0.5046897213060498	-0.9977855408864869	0.6444398651003382	-0.2861071342935753
0.21948968410420905	-0.10483512725405589	0.8657556387191476	0.4373797534082496	0.2146744654671067	0.13953978784031898	0.9815746375923884	1.9750630492729813	0.5074097552662707	-1.0235553298909807	0.6022593585802227	-0.3283853335447486
0.2170075762011985	-0.11115322859442402	0.8682038672993282	0.4321744051315481	0.24632421973594187	0.14338832234155266	1.011219304047704	2.003196747582212	0.5097246424059667	-1.0165464792773784	0.5723807779907853	-0.3692349361428815
0.21503106795070878	-0.11047686433040735	0.8659026835105337	0.4379144265184179	0.18963152254378665	0.08362225402026802	1.026140071556496	1.9839053679355791	0.5077590869549732	-1.0073801650118512	0.6872123826197907	-0.29284853253539206
0.22493654146367323	-0.10159017631128223	0.8688194536984939	0.4292269158224523	0.19980357204592702	0.1437311673385738	0.9840745327846209	1.9905359917844152	0.4789821926775241	-1.0141127001018915	0.5780055345309587	-0.3454439594402629
0.21464399346908475	-0.10138142176865451	0.8687961398866731	0.4345607330464016	0.25921739816549594	0.12612501952116548	0.9926622727892886	1.9762487210087067	0.48105880115893285	-0.9910148019578435	0.6043356433681928	-0.3424723150159084
0.20756422702761015	-0.10475797252433831	0.8674988159779828	0.4397597788882229	0.21406028514784883	0.140927786329586	1.0189662157899086	1.9992697472384684	0.5028531724600049	-0.9966487215488677	0.6172839138626317	-0.342029886054011
0.2091878452306025	-0.11261743143882368	0.8621633104559098	0.4474731116476226	0.23944917358230666	0.12305858240229141	1.0229595836504155	1.9957226316535435	0.541449888891495	-1.0191803064861806	0.675290882170466	-0.3263172918178429
0.2162164825490966	-0.10790838097168633	0.8639194281086782	0.4418703834005395	0.25933342856439373	0.10254564739346021	1.009528155832558	2.009515160018578	0.5248765165983296	-1.0294514784614925	0.6117938681886472	-0.3294756509504033
0.21914525735866658	-0.11201412199539486	0.8662459482151706	0.4347943765179171	0.2165947657848286	0.09123006797924615	0.9824533587679591	1.9957155226334216	0.5131194377908541	-1.0033232480147414	0.6900799667488701	-0.28195602737530584
0.22311138910554865	-0.11164631125953103	0.8692362464890014	0.4268310637983652	0.265566111528566	0.13295263182581749	0.9950159406584546	2.0190797063496766	0.4918247461452321	-0.9935745534668492	0.6126918699392147	-0.33561466238593035
0.2165253088493172	-0.10055810698352273	0.8694483249833634	0.43250950039417824	0.24009468510877774	0.12505141162059344	1.0155806673305094	1.9847946701363535	0.4740681467729941	-0.9999537088106135	0.5498767488856933	-0.3573717004694903
0.21847772463157974	-0.11458406374560631	0.8646261023221555	0.4376753127131433	0.22408381958576343	0.12912554920406294	0.9933096916787408	2.0010154570869543	0.5169128498944605	-0.9931286700902932	0.6198746780018907	-0.33390220386292785
