0.21521667701422034	-0.10390590836392273	0.8641731995654266	0.4428205339580338	0.1173867395219907	0.028108575281983694	1.0068351682839827	1.9709832546325587	0.511734743038906	-1.0255133381872823	0.5722310404911549	-0.5272726451265697
0.21613586978457605	-0.08861202891273516	0.866004360946855	0.44211948718130817	0.10382688959150048	0.000909508783326819	0.9620912013481104	1.985268639381436	0.5080465396785824	-1.0675717066393409	0.7184415182751951	-0.5204009040340134
0.20706628801955254	-0.12304650770738215	0.8695264448876836	0.4311691906291622	0.14673790804321482	-0.058204708006799756	1.0238415280196727	2.018810970586034	0.5338410825952924	-0.9921496550697236	0.7051202530069648	-0.4796069044996198
0.2190428667727993	-0.09371349213496727	0.8660261308834207	0.4395870158852686	0.1054813818443901	-0.00991550219589554	1.005374601058802	1.9872579996780044	0.4733308643420826	-1.0098208748350321	0.6825499106406574	-0.47649739485202586
0.2078892536964558	-0.10991977908879304	0.8734174224930141	0.4264290168929185	0.13490483199544143	-0.021221003661891582	1.0065742567947416	2.0202813567369593	0.49163617573614965	-0.9769285754908915	0.5559815522852708	-0.48064208378140444
0.2277433221813418	-0.11240836864602378	0.8632047837747985	0.43631965246645543	0.18330346252906207	0.018177134617525428	0.9765387205305456	1.9998122324596872	0.5252280633856742	-1.0336089977637353	0.5641957899500039	-0.501390061404402
0.21838967741674956	-0.10623621972517161	0.8654993153359662	0.4380990179962592	0.08310261661477503	0.03787016898560521	0.9960773833939459	2.0074888988291875	0.5008173399900108	-0.9991395405573256	0.6436713379835307	-0.5051542294209755
0.21275830841808388	-0.1282897481187574	0.8586504850207167	0.44832464498440117	0.1465467207099359	0.011578171480515626	1.0255910454130295	2.016917306498006	0.5707875460010611	-1.0027559514535642	0.6136772907250806	-0.47805691100374426
0.22677933281485532	-0.11324763960802374	0.8669171001671535	0.42918626232561746	0.165777934160148	0.01801657137412795	0.9907038234936377	2.0060285094120394	0.4890953084502659	-0.9820869909833619	0.589260561662371	-0.47073112897521857
0.21271414413834533	-0.10524242403129593	0.8655612807549878	0.44099931329344866	0.10648806247553828	0.016171573220688993	1.0223502611273376	2.0156220271929297	0.4983626544043794	-0.9902573926884488	0.5163902246449197	-0.484601273080127
0.20367562465812777	-0.10269526416496809	0.8688194113175034	0.43945733940408344	0.16521342676721093	0.04240966237521133	1.0232344149427115	1.9840152619535396	0.49578872202571905	-0.9907896939442954	0.5550400082423946	-0.5368814610952827
0.20353742032107294	-0.13470698375881	0.8676039409644876	0.43323198021214515	0.07899129437994411	0.03002345659205045	1.043881839333657	2.043677070467345	0.5590366724060017	-0.9745214623229629	0.6306165423637353	-0.4877692230581139
0.21776908191945082	-0.09744160179064192	0.8746412856141638	0.4220004534353446	0.089688267817451	-0.027936581340390093	1.0145620283714152	1.9631740945883507	0.4455408695218783	-0.9936810460671984	0.7185863865383436	-0.4883153670578843
0.21416152099558647	-0.11949407653747822	0.8685911955830333	0.4305872078370991	0.19751051153008392	-0.02303866192338515	1.0075821229529545	2.0300831602502827	0.5123043761635079	-0.9711980997904249	0.5329033889384015	-0.4698880041561535
0.21457627980437471	-0.11705919834288482	0.8739669688073943	0.42004273789967	0.12088720350646204	-0.022134087085627124	1.016910713372207	1.997576138184253	0.4778184941653384	-0.9569689013066659	0.6209558651818988	-0.525068225532256
0.2313347679526454	-0.10897575742032932	0.8701018501309142	0.4213446093516819	0.08712061795765906	-0.040992712203485084	0.9548325006468172	2.0150745193798754	0.47532810226540806	-0.9846466169382351	0.6891267337504536	-0.4856828436384393
0.21748909418339574	-0.10379014758572146	0.8644737794241709	0.4411475760598829	0.10784902294118792	-0.007376753502339521	1.002095440048014	2.013331886111778	0.5142887709323558	-1.0281592783919313	0.620127942012617	-0.40031306916266995
0.23831560988360756	-0.1027726158308402	0.8588985118034006	0.44151648433891383	0.1401150930373821	0.0357833102198268	0.9433526458085487	2.007462182645602	0.5021911531522891	-1.0188402278707187	0.6528559838309168	-0.4517463822816814
0.21788498716497098	-0.09954210868783743	0.8762875195637425	0.4180163681279989	0.14216516760118117	0.03410766806837417	0.9788125631252599	1.980949335922423	0.47201195346958197	-1.0279474808285285	0.5474455878311372	-0.4983601212225457
0.22987445683337668	-0.1067279330568132	0.8540025870779429	0.45436380100659524	0.12127626136265096	0.01066772931938076	0.9681270100565734	1.9821623104137898	0.535089554207524	-1.0299311846229378	0.5913999596516214	-0.5028891140229573
0.22290858228404278	-0.11792986162298065	0.8645951689081233	0.4346026985448167	0.11424371138081496	-0.036991420540288464	0.986621303244751	2.016924228315346	0.5225391917625559	-0.9982810116550125	0.588307618514294	-0.5202919239438651
0.21941641655500305	-0.10884992609307445	0.8681505356623023	0.4316512216650747	0.1433963320861552	0.01696425718266201	1.0128241030242593	1.9994846757519626	0.49900078215510496	-1.014231514835921	0.5957233746949732	-0.5172412679821256
0.20435779384677716	-0.11038622439879482	0.8639830285900258	0.44675060141589495	0.11296905078285546	0.0017531556684527692	1.0166112505150762	1.994426709013916	0.5266415327669881	-0.9907195271041057	0.6890447186679918	-0.4629722265339959
0.19179265717044283	-0.09864649593450693	0.883844850150368	0.4150936356510636	0.05874695215896355	-0.012922120180560987	1.0411668185858511	1.9919145861729879	0.4497554964260972	-0.9653408327545376	0.7075128319381848	-0.4540377848129933
0.23960203256256757	-0.09918181428867708	0.8595340195476638	0.44040334120727204	0.12271257552648673	-0.04094448397637234	0.9636808753071	1.9464743304888459	0.4704960261401648	-1.0041985154294055	0.6292986279337459	-0.44879511813398026
0.2079854814553331	-0.11426056398209229	0.8844682895381277	0.4017491852185715	0.15766166119715755	-0.005200455611365551	0.9801497626858964	1.9599841928854012	0.4654681126465388	-0.9747370271067498	0.6014147931904517	-0.5025094330980152
0.21196744562712175	-0.10707747046136272	0.8661335126072967	0.4397919458703797	0.12444756405926378	-0.0032064766403533448	0.9943946803028115	2.0098539990891573	0.5251632180621195	-1.0241903815921987	0.7269493839163713	-0.42909340343119934
0.21532016142520266	-0.12623678094750707	0.8703634315762975	0.4244631906238368	0.08308423047911245	-0.025923039622565192	0.9754361266121679	2.0316796489011395	0.5327015160536689	-0.9828939097250513	0.7619982642362122	-0.4942778385599673
0.21015068451771357	-0.12519409455484154	0.8753955258325883	0.41694820042496417	0.10117300722006221	0.01843455848701645	1.0156200028846416	1.992206727523635	0.5046897673623119	-0.973319672003707	0.6162148571284249	-0.42156955124952944
0.2166842489031623	-0.0996346943942977	0.8710221098507246	0.42946635269997524	0.11901663356601772	0.040116041848510885	0.994055855954242	1.9875188424303027	0.4787587255933113	-1.0114409349921083	0.5887970743181915	-0.44357851859709124
0.20951226941657658	-0.11281208077480548	0.8538063385508378	0.46302567925071586	0.08868187495336617	0.03856369081091002	1.0411446865245142	2.0105773456977754	0.5425102733378208	-0.9816170087546737	0.5923345589340193	-0.47584362425572174
0.22695127014667418	-0.09027415525002337	0.8832666860501254	0.400229508140936	0.10526835901891989	-0.03203501332901145	0.9540103145372765	1.9795483533103857	0.4127713196028111	-1.0054205015438442	0.60855330705124	-0.45449605105377283
0.23043084248685244	-0.1119208939073276	0.8652096720055437	0.4310308153784875	0.1378625963733236	0.00242386232800518	0.9908991576604528	2.0144034347470146	0.5032793221563739	-1.0169157661675132	0.6435298281167189	-0.4485986619077181
0.23549075172929865	-0.10552938434779853	0.8667445779819979	0.42680380905979837	0.1683021165593018	0.020536027573134465	0.9589754439562782	1.9741769379192273	0.4736594859234787	-1.0028916178414613	0.4058330996308889	-0.543263445786899
0.20148159109292535	-0.10262241665604624	0.8678020623158618	0.4424854672084422	0.1605576669820856	-0.009451505519195243	1.0252133721078662	1.9529070346660624	0.5109534372537023	-1.0159791946441041	0.6156324933555007	-0.48034186928484157
0.18519786536791066	-0.09912356875710905	0.8728432266275007	0.44047811581339325	0.1321083621341493	0.04856782173982132	1.0709049594196134	1.9732264875440848	0.5090298698500773	-1.0148956760523862	0.6498625898615762	-0.5445945185892379
0.21364749637431288	-0.10683825831911231	0.8640581396795601	0.44310705828933067	0.17575768918321802	0.02012845029101497	0.9955751181198754	1.994766429835654	0.5121187701762795	-0.9976937715278593	0.6068590474787583	-0.4956561780203977
0.22702309907458254	-0.11101023566861876	0.8584528377199804	0.4463137522795853	0.18831089446530358	-0.02116697876540813	0.9759858709371361	2.0006787645889563	0.5222085350603941	-1.0032559212798504	0.5702620086460213	-0.5094365972711644
0.21765444560768812	-0.09735816120662047	0.877856651462124	0.41535000931429206	0.08203637229372508	-0.0004914644891045231	1.0019782623817506	1.978771628903115	0.44007311473338095	-0.9913483992692015	0.6342827250104184	-0.5265236544680758
0.21174861560288447	-0.11554952802592773	0.8617358663879966	0.4463430597015891	0.19043201191099277	0.01872674905314035	1.0275775405467067	1.9815545874920892	0.5356211029825335	-1.0086061152791006	0.6512811152584982	-0.5363528996121159
0.19994804526879112	-0.11098283351579406	0.8756910015391127	0.42528679697519495	0.11827414721946032	0.007775814532108284	1.0577217672451353	2.0142745405344415	0.49711107629390583	-0.9952229956303179	0.6067867009312681	-0.5222451929526745
0.22215387067292466	-0.1040825200602601	0.8601035925546838	0.447254174756893	0.1196848244366328	0.04765757584494982	0.9668200234267063	1.98110319693428	0.5161724182832635	-1.011832586696436	0.5384323767817202	-0.5471192967512969
0.2187163742629139	-0.12923088264839772	0.8591511948793168	0.4442091297313048	0.0733674348617306	-0.003684792679575968	1.0083128498284724	2.019206379131673	0.557680271036199	-0.9876482716586134	0.679213476247955	-0.49952968759721555
0.23131283378688783	-0.12223611619953575	0.8642074333151146	0.42976530458476375	0.1748175590978389	-0.007417372069311119	0.9870512494244639	2.0659128717543043	0.5109221134382105	-0.971067556114092	0.6088546510319438	-0.5084721222734063
0.2198798194972075	-0.11291713668852199	0.8690659494755789	0.42851716497948067	0.1222236304779743	-0.006751879242436619	1.0155219475402535	2.003432881727204	0.4862378554131718	-0.9792924898913797	0.593249974034686	-0.5164990928726979
0.2220716735365419	-0.11487650533360848	0.8607090063910853	0.4434721712264343	0.13860215412614627	-0.014551612122742355	0.992923785034177	2.0085252318500744	0.5387849521741772	-1.0226232386072602	0.5394877124754539	-0.46465234518900406
0.22251922372907076	-0.10679967622502319	0.8615875655844477	0.4435604705781467	0.17427477522588578	-0.01688349473761366	1.0219033586824147	1.9822215348713048	0.5062383862701679	-1.0187139133759244	0.550081318526824	-0.5053002112103661
0.21214061321966624	-0.10210409804132628	0.8638989202476832	0.44525247779303634	0.11006751202271958	0.005587486433311675	1.0086184565375795	1.977305163388074	0.5089846653478631	-1.014681114567561	0.5598239500247117	-0.4912612485393871
0.2048855538445923	-0.10707279673412788	0.8712420354694121	0.4330065145658233	0.11042862983040752	0.025789679477751667	1.0060042997377945	2.0118766257484983	0.508816654452751	-1.0022965803649229	0.5748192524314426	-0.5116660710066089
0.22024435102375278	-0.09651435428965253	0.8675695923799203	0.43531644540025866	0.07883653715733817	-0.0015084636775704943	0.9893996314623028	1.988294089465086	0.47505263566219447	-1.006513734231866	0.709337220593874	-0.5183348556989028
0.22776417973401558	-0.14482185274226667	0.8609440294370296	0.4311907786295055	0.1696218157021251	0.01113368975471172	1.0102274863136889	2.0207460166684044	0.5691783473542933	-0.991385191278261	0.4894499319465782	-0.505634581734666
0.2288141567441268	-0.12109076289657544	0.849197714696313	0.4602655213777793	0.09924935483794085	-0.007001618967843922	0.9804910196660055	1.9968291992947325	0.5657029950301256	-1.0058245161052848	0.7432208078240771	-0.46079800468899584
0.21411450565034212	-0.13911674561642057	0.86946839040828	0.4228785022202486	0.1333760306958356	0.013009218434288797	0.999316189651998	2.0751960772490503	0.5465076393609026	-0.9469497328224541	0.664643204032836	-0.5211824266748458
0.20764454553058698	-0.10868512887038538	0.8636678507663139	0.4462612788787747	0.19399017539587482	0.011950662834270353	1.0128025546385404	2.012334882442957	0.523196246736378	-0.9937223977922739	0.5627801365049139	-0.5244366914384442
0.221997350270565	-0.10390750619553263	0.8686912169705474	0.4304601911760281	0.11377850162240705	0.008210912070624196	0.9899613117226043	2.0079973440815415	0.47853606298672635	-0.9915501485890443	0.674868930027853	-0.4767430395045466
0.21323861093105548	-0.11295088082099501	0.8655664902854047	0.4388234772946427	0.15270373576774476	-0.003335700155445148	1.0323367413090758	2.007066082752162	0.5275741233865308	-1.0256622000648188	0.6210505386655901	-0.46407828512439014
0.23262992814686095	-0.09407706953361565	0.8669116014539155	0.4306937389641983	0.110581653080063	0.008729458086215525	0.9145570810986906	1.995157553835972	0.4819789439682344	-1.028312859590537	0.621794455519554	-0.5009172823344327
0.2089572636148204	-0.09746760957293112	0.8761140444983617	0.42339238077635244	0.1301695512034361	-0.025906154622416827	0.983745428676297	1.9820081403927645	0.46077707886612634	-0.9827111831493676	0.6364941971755115	-0.46107174597041206
0.20266370904135006	-0.11171161350625763	0.8640120555404799	0.44713656116017425	0.12463014497623341	0.023693244215612072	1.0399639087700971	1.9860607426357675	0.548786202241446	-1.03560036868517	0.5717457046415506	-0.4796154278405737
0.22394417972435593	-0.0965856193782224	0.8658645560785941	0.4368052117634699	0.15068268197293538	-0.0165634074382341	1.027264312048843	2.0082291103107064	0.4698080122608109	-1.0138933906936467	0.5992592620076108	-0.47749193381093863
0.23434834153925058	-0.11358105187067968	0.8631719158320349	0.43256727013564833	0.12263970796466517	-0.005049067001674699	0.9514547301773436	2.0159021943181075	0.5083984382375356	-1.0006277177916127	0.6135413068717149	-0.49134479289466454
0.18720130556314898	-0.0998276639749526	0.8718718369790907	0.44139507086448343	0.12955218449543118	0.02934176290109471	1.0299201470168724	1.982980817146949	0.5114870521115399	-0.9986455179860122	0.5489092211768782	-0.5744393698816238
0.21297674345703682	-0.10936541990176216	0.8653541758645384	0.44027521164602534	0.07304729569631685	-0.018731203836194824	1.0091853546999179	1.9843523748844258	0.5017847454583211	-0.9815110937727332	0.7168665040893204	-0.5010012408945679
0.20518689126547224	-0.10755930500591776	0.869088743612966	0.4370515888138281	0.07213812675153809	-0.027246924685110932	1.0076830242161547	1.99959085828594	0.5155222126842817	-1.0061130252981378	0.748446596869028	-0.5030125725529232
0.2067489523110063	-0.1303442888504523	0.8639275226280922	0.4403345009513315	0.14009235581345245	0.016957339085146798	1.0351614283276445	1.9948038326418274	0.557426417557195	-0.9892099684313252	0.5980112858289134	-0.4366613000788048
0.2218394689014818	-0.1063472753192587	0.8656292328319163	0.4360774453425748	0.12062720007051426	0.02688984868811357	0.9786278755128424	1.9846388344488395	0.49678785439748047	-0.9999862399653933	0.6414435947446009	-0.5234528928412657
0.20116740403986177	-0.09750906268923606	0.8695033232535754	0.440440267342029	0.17383771099586356	-0.0541445119306069	1.038260870552933	1.970263711217298	0.48775853912291395	-1.0009378790159966	0.622594048410662	-0.4556061956880846
0.21582043745460744	-0.1388861962534	0.8712303955777079	0.41843728453458173	0.1441901432089608	0.03488520473434276	1.01874098158372	2.028006800307491	0.5345911149400414	-0.965389599109096	0.5169195786385635	-0.4755506049037257
0.22085198133434836	-0.09647941531468336	0.8601150939307314	0.44957552196906664	0.1666462119119703	0.04010979831190733	0.9890964107931378	1.9744060229511393	0.497565081968443	-1.0141068147645973	0.5320786381379835	-0.5218265481485815
0.20767620526925584	-0.10579925795899812	0.8654697845964026	0.4434401456013469	0.14966979984450865	-0.011251555460797528	1.0199514626637471	1.9818095366303246	0.5256260511341517	-1.0307121281651135	0.5786661299518384	-0.4938149372515737
0.22165986531904885	-0.12266111060063133	0.862017482766058	0.43902962936301904	0.1145602315971208	-0.004607464789831899	1.0189279450136286	2.017454445544141	0.5299259544504373	-0.9912717420099857	0.5962177178172186	-0.47594496761639
0.2300580700282417	-0.11004694710791202	0.8715625778697016	0.4187381361951994	0.10386831930304354	0.02266886210240064	0.9856932833459632	2.0029264865308978	0.4646959689563314	-0.9823857211790935	0.5336042034973023	-0.5167090711515595
0.22353897891699745	-0.09837419028217982	0.8743733697901017	0.41931378917580786	0.15389836168789292	-0.01756875540136266	0.9455833062782206	1.965078682622186	0.4541092527416726	-0.9900049814989806	0.6277656222903184	-0.4862174330067393
0.22852637131568337	-0.10300844406799914	0.8647794156495884	0.4351109287672889	0.12722024906246412	-0.017191350660113198	0.9789506377905939	2.02104351466134	0.4873073712724772	-1.0042148886517972	0.6426358189966752	-0.5071431040169547
0.21045401009154063	-0.10661204785843584	0.8690239897811125	0.4349026167692454	0.17201625639766438	0.05269600725335841	1.0307821525684007	1.9881846460593908	0.5045821234185918	-1.0196806224379775	0.4884980071551042	-0.5114827966152727
0.20808305747816616	-0.09204369280864401	0.8690558292582957	0.4392850617046543	0.1517072966011422	0.02659407733100866	1.0160092787005595	1.9796083391851398	0.48852244666701994	-1.0329446066831793	0.6484741790788056	-0.5139460111006048
0.20028985226297694	-0.1017965294605113	0.8717934491062079	0.4353132478638479	0.05869700363875	-0.0333043525875641	1.0547181386194753	2.018953058605551	0.4907043880172629	-0.9958800902612533	0.7821122697344829	-0.4471099169732913
0.23375626887054707	-0.11327043142484909	0.8652231845726296	0.42885505360966236	0.17440997015916349	0.02002525150865331	0.9465219619486811	2.011943189671727	0.5018488767297513	-0.9970106422489161	0.5463075486332257	-0.5371895820431457
0.22373959086317738	-0.10390645359845228	0.8659308675083687	0.4350951356625063	0.16476654785478353	0.055778345574561274	0.9771098186050405	1.9869412497561316	0.496261466371002	-1.0156175469192796	0.5184327049610857	-0.5567390603400802
0.21568457291029058	-0.08198625176357043	0.8794155932372301	0.41639720688481674	0.10133170040907924	0.012984248803032986	0.9976049571929387	1.9625994128065352	0.409327290679401	-0.9947968547050157	0.6066650777938198	-0.5056426313777086
0.2251125668227502	-0.10559055546996794	0.8678987733000347	0.4300310292970863	0.08366108491139795	0.027270345858677405	0.9756874612916924	1.9943364820559208	0.49169433848580274	-1.0134090226386192	0.548390594909581	-0.5278576964000016
0.22457014654481033	-0.12324938529382057	0.8683943876243381	0.42458100033808466	0.17408630771942304	0.019484601240919077	0.9804692708322571	2.025586926108719	0.5033305793191937	-0.9600552879363389	0.47520329746913514	-0.5207429951156449
0.2157161472735241	-0.11254700968863113	0.8677131582354243	0.43344387115371685	0.10830296189626716	-0.04605541518237429	1.0044980741319594	2.0287639640482737	0.5135486161328394	-1.0012092856098767	0.6778075225717414	-0.44925622265417026
0.20731648023422572	-0.0947143420206975	0.8765648735986532	0.42389042547792394	0.07133575486792522	0.009587907925812615	0.9978018120389931	2.02439889279654	0.4565106111333748	-0.9796926085342832	0.6716217708534901	-0.501142308183508
0.2205206655116362	-0.10016754422369292	0.8672390935159634	0.435009716953667	0.12716058572967182	-0.012301589328391682	0.9984361131103276	1.9629181510313036	0.4837131056126953	-1.0184830439398158	0.6362938767644958	-0.5319068181778086
0.21908759708662023	-0.1095809037326866	0.8727009656058239	0.4223572835533931	0.17691990583739467	-0.018816565025795047	0.9950013954810304	1.999528401980458	0.47103125845074945	-0.9706279151552756	0.5732030852894575	-0.5848577843781259
0.22421738298660357	-0.11063803394606705	0.8648986286910966	0.4352426365826865	0.12427884491857238	-0.03415749359863881	0.9938969157594342	2.000811867259385	0.4959520530108071	-0.9889456787726918	0.7384758116144093	-0.48144969482798977
0.22359852854775614	-0.08985503253374674	0.8772250311918206	0.4152180340618008	0.10312608815157072	0.002404655678927337	0.9828413767205086	1.9868889036350759	0.43792290011608037	-1.0244902999663865	0.6620388253736059	-0.4727757749966024
0.20907793437095507	-0.120746960046017	0.8528956572956593	0.4628991107844404	0.1517209786474882	-0.009710103622883067	1.040377171460075	2.030668158592324	0.5877324887730979	-1.023111471281244	0.6227150639986304	-0.49066740691128446
0.22928542930752618	-0.1192120188431801	0.8607277183563754	0.43859375431442804	0.1759459702450551	-0.022374750417723296	0.9981921796761727	2.0389773098057677	0.5192645445029417	-0.9866663702516587	0.574826328744931	-0.4926199831656153
0.20582287366308225	-0.09758607138766105	0.8754606950556594	0.4262422723767024	0.12473458341316813	0.036686205775610756	1.0043900739521987	1.984616186086896	0.4657028092235687	-0.9871382704325372	0.5629749616607144	-0.4992897897108806
0.21766202072010316	-0.09066781830570181	0.8695220057819262	0.4339747376526677	0.11191474777701645	-0.0052973549997363855	0.9949563582744788	1.9658359648880754	0.4612508738626315	-1.0124873645258665	0.6761592010138001	-0.5646683701336531
0.20262083251631255	-0.11820414995409356	0.8765859550909676	0.4202019044474724	0.06863883321541998	0.025989509751763937	1.0475426393963876	1.9871864595375066	0.4984886675947307	-0.9860222808158642	0.6852992067649207	-0.6135695316699004
0.21159378672626486	-0.10509803662279714	0.8688146129893004	0.43513634687661423	0.13444687882972253	0.025855275526575103	1.02788495933269	2.0047251236385115	0.4973697744898724	-1.0087034275301041	0.5912915833998243	-0.49711619786906275
0.2110390032295079	-0.11620979217844393	0.8689772891798523	0.4322456410507501	0.08615460969737132	-0.000985034597100615	1.0200535060394234	2.00532156279382	0.5004319275932178	-0.9649537516148908	0.6997822180718515	-0.5116063175968691
0.22528792855827104	-0.10235165182439943	0.8646209833275887	0.4372642722706418	0.11863176492844056	-0.012271891435611167	1.0116595764345402	1.9664595231289455	0.45690054528425017	-0.964382721002609	0.6275352396396447	-0.528934075006788
0.22039586749245885	-0.11120670634163256	0.8623499217160597	0.4420535517029559	0.09292953053037083	-0.012206587107112782	0.9767812152412769	2.0194234308208885	0.5337976381926757	-1.0202959903904878	0.5969440127488992	-0.4725015974354379
0.21732702065185358	-0.09292626717186371	0.8663721060768343	0.43992391248496904	0.10770013845696867	-0.031406305991750066	0.9813612762411865	1.9914702887780158	0.4963000279772505	-1.0415367514924092	0.6475251288648689	-0.4836045874511401
0.23461420239200134	-0.11407610191539873	0.8650548047541693	0.4285125479836951	0.14260327965300737	0.0877324815158775	0.986037805279358	2.0362066313288394	0.503599156919032	-1.0144319703729991	0.5594808903861099	-0.5186337142975358
0.20766460489534966	-0.10457486537649281	0.8707907549308659	0.43320084318025	0.12210901401539513	-0.009175216658630646	1.0012299604198753	2.018233676244376	0.481151645276486	-0.959937913606348	0.5832438112246737	-0.48308431167047355
0.21218865218936755	-0.09443115661686992	0.8711711425149096	0.43257319957589446	0.13041587141666963	0.01563241650325733	0.9687443802308137	1.9711981422887905	0.4713908836570104	-0.9942275179509331	0.4715197000430064	-0.5515966643523786
0.2279327820602856	-0.12480008566092197	0.8711250660190991	0.41666857913035016	0.12079309885065387	-0.0002484643964892771	0.985505024904829	2.017732522449532	0.4978937767586492	-0.9756998245855569	0.6785792092411674	-0.5231336416535345
0.22341143154665966	-0.11817394749460856	0.8587446139594734	0.4457352783698064	0.05395718345791797	-0.03364717127723859	0.9794346772526944	2.018679869722964	0.5426280421065742	-1.0011333287166244	0.7321490855803902	-0.4573537308451526
0.22217705224458437	-0.11641811531700846	0.8667264467714627	0.4311257894731629	0.14559461424756012	0.023384867093647402	1.0173317735381162	2.0228242236321767	0.5061268114380282	-0.995551401099319	0.6115044751887243	-0.4773629644379138
0.21419448654839465	-0.11959429963447271	0.8746866583621444	0.41802054388567433	0.08808956812559403	0.010319419704086227	1.0374803044096825	2.0106153147873527	0.48553512596175724	-0.9723338565313697	0.5344447457914837	-0.4560716818968564
0.19738616061321748	-0.09952676478285002	0.878548777712157	0.4234207976360009	0.06962911979125018	0.002595287354591921	1.0276798775158	1.9739232254338104	0.4643950578453311	-0.9786607213539933	0.6669192353420629	-0.4746297996226098
0.2243166914157089	-0.10785986590891584	0.8658081279135293	0.43407897543798407	0.07423473455863486	-0.004184126957815299	1.0137378757447766	1.9964587689869329	0.4941170292136908	-1.0133434606551022	0.6682687217027707	-0.5620908452616004
0.23545604613408946	-0.09023113871014757	0.8667798461139512	0.43024584869193877	0.16560224452403913	0.017419446234943643	0.9786307910184143	1.9998185869528489	0.45321256266189675	-1.0292118913664345	0.5338931513911475	-0.4424501627609472
0.190986591964213	-0.10592283612863646	0.8768403758158276	0.428316973531892	0.1542845551426776	0.01980196028535115	1.0273314166390413	1.9701020523298864	0.49199519861919044	-0.9780816777779867	0.49082646672601765	-0.5102314117376983
0.20207786586822726	-0.10275732705503128	0.876779889359383	0.4241019847602652	0.08165652865875439	0.028033233081460354	1.0066809717495604	1.9688330601159096	0.4754528449281202	-0.9855728751521243	0.690663299522154	-0.45014456648564555
0.21271410777189886	-0.09522174167718844	0.8638492645095119	0.4465982271271832	0.12231577091846553	-0.03518072748982313	0.9924892478621402	1.9754613353934392	0.5054684209949546	-1.0292430458718864	0.6522071663319388	-0.46373394061090206
0.214770369363904	-0.11782048128703676	0.8642937756667964	0.4393043272905656	0.1656523617210167	0.015315864247297556	1.0206568202268884	2.0219244033372474	0.514953548232029	-0.9698376637191432	0.5832362447290182	-0.5750676426152391
0.2219381734614667	-0.11053040407614162	0.8609661601380789	0.4441438370983491	0.09620579054783684	-0.03926373361071701	0.9855871459356613	1.9927731072088777	0.5239543578157235	-1.0122494745342108	0.631591577031376	-0.458072471788936
0.2273848154289461	-0.1064897503932944	0.8733413689551043	0.4174097891103447	0.09975115483598507	0.007956021850687129	0.9729686739287379	1.9658004115795844	0.46574415862529617	-1.0029816242600698	0.5349965645918163	-0.4407927706303671
0.21281419923087	-0.08259427955561188	0.8742480630237278	0.42846076353579093	0.12336111129380593	-0.007706583214470077	1.0011554145582715	1.940240692013791	0.44630653912717766	-1.0339101518294838	0.6528349257117819	-0.5145977432803869
0.23945143461240553	-0.08561507326542336	0.877454561267696	0.4067020563045291	0.1699193991111948	-0.008800331758665833	0.9479634728783879	1.9885619210308787	0.3944530763810944	-0.9905408241998576	0.6441149674545275	-0.4512738654270862
0.2265959463645864	-0.1301458620837296	0.8631892489486939	0.43199612518286584	0.13009249216317642	0.033166362463372824	0.9889065227653621	2.023304143317684	0.5364406430009174	-0.981044315989142	0.5050040854486494	-0.5708193743389292
0.22432889368338033	-0.08204117933761	0.8704304724760685	0.4304608982669307	0.10560718813238561	0.028471804120451093	0.9947825147390675	1.9235199107265015	0.4304285397155056	-1.022180500005624	0.4883477750884699	-0.5111594930808658
0.2044029215876875	-0.11735381242566083	0.8712206631191219	0.43060664708043933	0.10178096673673907	-0.0013354072831504669	1.0267002178631528	2.005030395215104	0.515257956027848	-0.9834171028646512	0.583570112362691	-0.4583054065802537
0.22049583976005122	-0.10951864542155101	0.862581604169339	0.44197310676350904	0.09835443274427523	-0.019672186764299496	0.9817934567233094	2.0267272783311303	0.5234301809593872	-1.009152332769986	0.6672311363593177	-0.47972062654241193
0.23453975561743187	-0.1139255928337889	0.8715849808731806	0.4151526026037685	0.05776592435728419	0.015540254662754658	0.9846329564508066	2.0103379732408047	0.4724920839058056	-0.9965579618195091	0.6791514653182027	-0.5319848856477661
0.21703732491120625	-0.11157511009346086	0.872696434801034	0.42290273951416335	0.16293142270108252	-0.01990382363862905	0.9778099226724518	2.012679902019905	0.483805324377534	-0.969186083851321	0.6362636136381075	-0.5133492523054862
0.23056781667589119	-0.09690805014439101	0.8647277518070086	0.43553785941674633	0.12870627747093355	-0.015903552839286846	0.9655456213511777	1.969545363183106	0.49590438734188436	-1.05749987289986	0.6495576624769245	-0.47385557091851077
0.20404295909266612	-0.1046837851960907	0.8690959942908623	0.43826924221225566	0.04946491046312688	-0.011091517322675904	1.019741496719866	1.9559927442582226	0.5055983089302785	-1.0101640055598329	0.7257346307863584	-0.414519171460378
0.21393863213159398	-0.08661835692224712	0.8799735678574057	0.41517952959901616	0.14686898036582544	0.027172600514634954	1.0226295262024183	1.989374063998409	0.4183133277878867	-0.9985278446219507	0.5173747469177302	-0.4787035349384381
0.19351816411343772	-0.09801838264650566	0.8804758650761887	0.4215511449870172	0.16684346867104113	-0.011831530789273096	1.0070423950979874	1.9508250916465508	0.4708474121821854	-0.992131234152433	0.5888189028565609	-0.478381666637033
0.22021033574163626	-0.08881675554707417	0.8694265633411179	0.43326255656760887	0.09495967837717263	-0.0709761938610647	0.9813750731597504	1.967726588200278	0.4597238919393026	-1.0179462770332628	0.7148491164427225	-0.48402281513776774
0.2170566513179861	-0.12950698434151	0.8602272696269838	0.4428582117512272	0.08962538545678711	0.012179436121358175	1.0153828881608888	2.0507796057079823	0.5791024101636242	-1.0228217527315193	0.6682207891406473	-0.5452717159935426
0.19900918709069013	-0.13214645322943464	0.8645167789456227	0.4422028915259022	0.18692415976348012	0.027675464151416886	1.0205454741591546	2.040083501019605	0.5847723927342756	-0.9928783371763878	0.5064271290767307	-0.5592612964661959
0.22579331701781039	-0.10930916237740892	0.853561757432536	0.4566193286087705	0.11513864914154259	0.015016485038328442	0.9590403628983547	1.984907030925317	0.5504600299216711	-1.0280511158208545	0.6693224078718418	-0.41314956558810473
0.2127532163787045	-0.11473086547608553	0.8744845439639941	0.4205349923558202	0.11733535006226614	0.0443531689780654	0.9978463149701778	1.9911289006801913	0.4750667580911752	-0.9494801038483578	0.6395149953455007	-0.4747017396351067
0.2233765293451168	-0.12631231097779316	0.8611209762129058	0.43888357289754126	0.07700933559060842	0.02144817301117145	1.021494314540515	2.0205605172294026	0.5460280913383537	-1.0097266262515294	0.6383330199336498	-0.5153548961685713
0.21552449443636018	-0.11736680800959431	0.870850710219696	0.42590288233990786	0.1389063063606525	-0.0036491362930459992	1.0206594216287102	2.0062735509385528	0.4935487709486658	-0.9727909766728179	0.5570097448809254	-0.48457751612398337
0.2247499470163764	-0.09860857488375259	0.8680764723134821	0.4315171473896624	0.163225701413427	-0.031484125403895565	0.9948458457859025	2.0039358117929833	0.4767229215098531	-1.0192370134216562	0.6652167751063796	-0.5292234723466468
0.2080283595647978	-0.09960528445613122	0.8717755152695414	0.43221573305667405	0.09153499123968617	-0.003908650312356526	0.9959528334451411	1.9478131688665368	0.46854574079927463	-0.9755328687919487	0.5641330680453672	-0.5032245200465881
0.21201449954520937	-0.10749838567444212	0.8706905476796722	0.4305716191776413	0.12439875116210626	-0.004604127425204702	0.9875056005219822	2.0048159961641794	0.49923161300262825	-0.9952520091629137	0.5465460251414247	-0.529895373404041
0.22821501735400143	-0.1164188460864647	0.8621020901863862	0.43720080538154665	0.08872617046922932	-0.03853112788690879	0.9882372759702664	1.9884872461797598	0.5144266712608526	-1.0007335292699324	0.6178250835933331	-0.4394060744534248
0.24645818479997522	-0.09772170039886235	0.8655951925419418	0.4247985346779513	0.13198028802818312	-0.014224548929743659	0.9389991070928068	2.0047478769533056	0.4551796482140878	-1.0111097949494519	0.6424213639557365	-0.4615617997783154
0.22298978302435657	-0.1031255597142451	0.8566883826753134	0.4535699401299977	0.1478876575867453	-0.0003100360866143466	0.9746964081956474	1.9948630183909568	0.5273383844035243	-1.021652014191696	0.5848468761826382	-0.5051053645518938
0.22645472443334125	-0.11696227022053612	0.8750678940176814	0.41145384429621934	0.08268147708414712	-0.012780793631892504	0.9696514430071768	2.0324027142213064	0.4772748319895276	-0.9709852089119684	0.6290681008537393	-0.49938182180870544
0.23337781867086507	-0.10567800192650746	0.8619380358154318	0.4375268861177396	0.17202626612136387	-0.007731372844971384	0.9740706912949274	1.9691656961586284	0.48866689349785636	-1.00663431952938	0.5082549367191964	-0.49155413877094195
0.214688138439948	-0.13953892287160188	0.8615210260497669	0.43842834521866825	0.10858014740136357	0.003459959395233206	1.0326852071730823	2.037641959925377	0.5516605055457592	-0.9411846421553846	0.6450494331302049	-0.4914396818585067
0.21089046171484702	-0.08053489066106688	0.8703730416701476	0.4375958327929598	0.12953301837242923	0.001760380939296833	0.9905709566060152	1.9786304481122028	0.45220101266917645	-1.0126621810300473	0.5759480595826519	-0.4627662025146706
0.20843286878151987	-0.11890603878709768	0.8684416361868266	0.4338504554435949	0.10886115088739183	-0.005895865676210203	1.0439471587234452	2.03738779882412	0.5269532271487312	-0.9979551844747729	0.5545843542005647	-0.4216587765303011
0.2206932718034074	-0.10515055380967217	0.8597677896651696	0.4483717081490483	0.1746372417769779	-0.023665610429652137	1.0235802430560141	1.9315677639456859	0.5074268530909237	-1.0238405061001186	0.582209722045803	-0.44524020769037437
0.2056279293882455	-0.10539007026455573	0.8716403855096142	0.4322651108912051	0.16760801915309742	0.007583880756626672	1.0174475298047558	2.0105413877696674	0.4917103586816935	-0.9853192556076406	0.5471929070577789	-0.47058627615643983
0.2256816431395671	-0.08615267910446252	0.8682791909631978	0.4332860006661224	0.15436455255581327	0.013860460771830738	0.9883891948108717	1.9636596941395488	0.44558082799143106	-1.017284920828771	0.6740464496446367	-0.4756372909508326
0.2135254427844944	-0.09705034278403167	0.8715969872296262	0.4304727727759637	0.19156136304581048	0.07889880225394376	1.0038346086663104	1.9969690388634749	0.4839428015202146	-1.0275697217528135	0.4955172469708793	-0.6263104604683355
0.21482567547472198	-0.11556466269879359	0.867234721147033	0.4340491634932286	0.12837401214098468	0.022687296143434094	1.0040243880136797	2.0233648443644245	0.5146422555884378	-0.9864697610803261	0.5915670025757088	-0.4882818678399396
0.21690264082092092	-0.10830769284694212	0.8689108665260059	0.4315282077780184	0.07586490869652386	-0.017123367156716415	1.0148540992303003	2.047705191932097	0.5069987157589381	-1.017034332238955	0.7782223763375707	-0.47775860211425586
0.19724232295471905	-0.12308955060958318	0.86903205607902	0.4367238418877866	0.12258528613984933	0.0027506479882243953	1.0407494345431674	2.009491322440313	0.5412639952615428	-0.9807300949779708	0.5997774728859621	-0.49980587889890454
0.21600568196927097	-0.11509181764788998	0.8714352391832134	0.4250835715211664	0.15912218542601272	-0.03315908755295285	0.9864872391443009	2.02521161488373	0.4915606054436699	-0.9606694403250472	0.6555423812798274	-0.5142329808772934
0.2174897136936029	-0.10895639345287077	0.8682957610591746	0.4323068355808021	0.1691120421263539	0.012206384052877781	0.9810696333215083	1.9980544925863446	0.501725643833906	-0.9977126348378492	0.536369016106702	-0.4823407196290899
0.20078919017489683	-0.09025729228160453	0.8725095070179487	0.4361931710403064	0.20532314775760516	-0.0501444317715198	1.0393331201066554	1.9779660106311883	0.4786405316116487	-1.0265621820050392	0.5744540518849629	-0.46072999860015695
0.21304026719385072	-0.10845465873778196	0.86659069673497	0.43803195760634056	0.13310725199928986	-0.03644607670546429	1.0151724879780795	2.0170797435399677	0.49267606608519837	-0.969014727936938	0.6673293757076705	-0.5246426849132663
0.21977953787880025	-0.10760480776660927	0.8666185653623187	0.4348452854115455	0.09893077088795153	-0.027232790489680848	1.0009992675124229	2.0162545916625567	0.4993952784031596	-1.0022546018694762	0.6979576794243626	-0.4916898939683316
0.8437721495087929	0.27672083317558915	0.3902008995660896	-0.24334625162047135	1.3157086748018008	0.49087142105396814	-0.7458830238857054	1.0934864939286286	1.0932185952833349	0.4101565154889865	-1.1279293902518734	-0.7420459114411008
0.21351796283786575	-0.09730102960329126	0.8685133856757729	0.4366086211765788	0.1413861445884157	0.011802010146515258	1.007812154877585	1.9845701652266112	0.48472473158334345	-1.0148109178201827	0.5573525836711328	-0.44532630734253204
0.22031893151599144	-0.10280464739858053	0.8727524025801325	0.42331314257829444	0.1582755285784121	-0.005865086459698021	0.984062707410827	2.022952779534318	0.4685805457399332	-0.9869608384697065	0.6019263826007856	-0.49292024520891203
0.23490719578034336	-0.09323666462952131	0.8657938410319749	0.4318872058425407	0.1550883413813038	-0.025581260301524605	0.9628451599404252	1.978944672504927	0.462123753391391	-1.0228896555538878	0.6359241567706113	-0.4695365087791176
0.23173427621412604	-0.08337726382494177	0.8565192255257845	0.4535661731316516	0.1014605876119709	-0.006263609674357751	0.9969598374314618	1.959187652809057	0.4873095214060112	-1.0694537272208031	0.5277404866881517	-0.43837382909263156
0.22480978349769032	-0.10018369409001378	0.8662117681387579	0.4348574035475616	0.12645247992595557	-0.035666942871647934	0.9766387632363308	1.966132633460202	0.47552230476117086	-0.9991471491107116	0.6706544294745503	-0.4997553349731365
0.21801799798234126	-0.08619167418376036	0.8637060856584937	0.4461512584916185	0.10936973260745057	-0.004961154967723609	0.9713266165771715	1.950219723694757	0.476044390173429	-1.0194668500898028	0.6840256173511038	-0.49011587918078275
0.2145999904354045	-0.12256415361588625	0.8697320885816925	0.4271896141584823	0.1362530924383973	-0.04895281936377935	1.0363409086732813	2.0150484921449636	0.5197760128086868	-1.0007076464423574	0.6934693273051048	-0.4897816626844791
0.20035582467868013	-0.13395414737926914	0.873055533217834	0.4238960554604662	0.18309814500677404	-0.045615457424245866	1.0095921218082875	2.0570978725341673	0.5496980576536669	-0.9592865896213307	0.6633606152987931	-0.4592090585600366
0.2106648822306588	-0.11927851617677812	0.8604171948714938	0.4484140873599742	0.09653779060380589	-0.013265637165954677	1.016183697391894	2.006676186798225	0.5521286320276172	-1.0030501770199218	0.682846735237689	-0.5051222763871853
0.2034984790882187	-0.09909165160369278	0.8741643294774908	0.4296579321511513	0.1317279762945052	0.008744474309941686	0.9951071877476518	1.9586764993930899	0.4882706767438342	-1.0129991468198465	0.6263769618843834	-0.4752334729716717
0.22278556147490677	-0.1141897797952402	0.8617633972217815	0.4412381839748223	0.1097695346609087	0.01911522319093109	1.0083584119577251	2.0029376714781213	0.5232807492941918	-1.0127792556690667	0.5744939540006996	-0.4858908098666887
0.22382803954921265	-0.10714207713036493	0.8729103946249884	0.4200583613920737	0.14654215976350873	-0.004912233870986196	1.008663918031172	2.0114521036155373	0.4620914003217198	-0.9846738823249267	0.5570689614846639	-0.5110267123720698
0.19847697067029982	-0.1100728085267665	0.8795120028878866	0.41826965669614247	0.1271045241077068	-0.012800437077641176	1.001294381676137	2.0214614642442923	0.4934446565797845	-0.9807463357235368	0.5984439890966414	-0.5036531063337341
0.21749682903764647	-0.11179657073212482	0.8605919468969324	0.4467417118058856	0.20251587945019903	-0.02442293000741072	0.9997240771856798	1.9999520686871388	0.5433514147763272	-1.032929931299319	0.5320483401623018	-0.5092557574738453
0.20555255133241837	-0.09980857468318859	0.8744441276042623	0.4279414267850969	0.02733738262198847	-0.003528118530349084	1.0308423240661853	2.0206629241147396	0.4692004983416523	-0.982616726230636	0.7764428618237704	-0.5499139789118747
0.2149944399179796	-0.09639071813623207	0.8682190711637078	0.43667134635691895	0.12258631259734505	-0.002018119432463518	1.0051814229907556	1.98035827769897	0.48886869144893785	-1.0297570139642143	0.5822984694000545	-0.4744894195102522
0.20683979853917833	-0.10216840230151532	0.8691856063372269	0.4373731782444085	0.1065845030107679	-0.002359709478121866	0.9751100666797103	2.0129946170065405	0.4945512467543741	-0.9737312947925922	0.6872713206550701	-0.4845575853393511
0.21827930555797553	-0.09189566150420697	0.8746048633236302	0.4230551562296413	0.10098376517046788	0.0224477170316528	0.9683090770092763	2.00994005990349	0.44928650080771765	-0.9918451860464973	0.5379375173514669	-0.48270028939644677
0.21495979960711226	-0.11639836230634644	0.870593703195787	0.4269781139134847	0.15158448338171782	0.008447012343409815	1.0000972955139833	2.0027233444152297	0.49412481046535756	-0.9650352838837112	0.4564647206230394	-0.5183040993398172
0.20830247901300636	-0.09825115263612395	0.8748612162061894	0.4261157596486385	0.10048887030156535	-0.02424959785081297	0.9905370626776349	1.9846996168954743	0.45448441544889995	-0.9596995180303686	0.6265721142797922	-0.5251922411268171
0.21774917422042447	-0.11716933450184011	0.8714736429194255	0.42354496086657045	0.12818034654489394	-0.007596788269951491	0.9763200367546543	2.005563127863188	0.5046259981783403	-0.985422281675631	0.7154190896179752	-0.4380639532921642
0.1995874223876401	-0.09894016256184669	0.8720353823419201	0.4358095880091146	0.10437413475160488	-0.008875899938489737	1.0383622147572942	1.9762126878936797	0.492730933691315	-1.0128185649167278	0.6918333682717686	-0.4791286642619568
0.22719448678152038	-0.09626391726723277	0.852277901709262	0.4612356248887401	0.11468021030961928	0.014824339798605576	0.991100996483139	2.005902371726302	0.5283190840385387	-1.0457807607127312	0.7390750525044774	-0.49532931909936556
0.2038178876536545	-0.11771432815826369	0.8704878843708376	0.4322643274458745	0.17383769801558288	0.026335924785265682	1.0096542242899478	2.021663518865228	0.5341443535164978	-1.0011768011679585	0.5303819516236769	-0.47883368426096884
0.22070162438519103	-0.1083476679442011	0.8531812209543106	0.4600362812384508	0.16292493207196168	0.007247403513663976	0.9927916440726834	2.001422762492212	0.5503768552047988	-1.0256417943272458	0.6640994029575059	-0.46259049470250274
0.226318545651606	-0.1255901720193557	0.8657854029485268	0.4282787183920627	0.10933522377073662	0.0337470200048347	0.977495620684599	2.0322035162516916	0.5223650611541242	-0.9765991749429636	0.45216290402640497	-0.522599271683813
0.2175460489458229	-0.11503412473291066	0.8649998960247401	0.43728257067048004	0.10884678106177377	0.017418504809277986	0.9907839706464736	2.013783001062689	0.5203612647338987	-0.992492823275376	0.5987217029529249	-0.4825998524953882
0.2265045866949055	-0.0934074896006111	0.8661942826800438	0.43552058245860875	0.15453477115053152	-0.0007740411375063015	0.9649962997799411	1.9618449667798672	0.4674074912934387	-1.0107232334841512	0.6296487242286525	-0.4980460195629362
0.22030142409404	-0.10898103473046852	0.8614627281576948	0.4443786500343102	0.13617661523011895	-0.0029245968717263432	1.0033228915263903	2.014866824355851	0.5166630873579213	-1.0048574187942538	0.5832453831830459	-0.43806145923567036
0.2186333366823301	-0.10651732917294164	0.8753326093758984	0.4179071016867203	0.06986474673497176	0.05826767617633579	1.0119243670310878	1.9682589042433642	0.4773996651303405	-1.0276690970161277	0.5722668494201786	-0.5346551946659686
0.21619697955451778	-0.10068258726608148	0.8652547057725826	0.4409718548743364	0.1653184441692859	-0.05926819805050778	0.9765096002687168	2.009793451778195	0.5014396436610215	-1.0037834114229218	0.7561155907182305	-0.47369027333352637
0.2169971090796694	-0.1016879420990066	0.8655065949526883	0.43985241976842465	0.12623937669508745	0.015306969520678974	1.0119122161566634	1.9996562150025357	0.4845366621913329	-0.990356667792359	0.5849753641383658	-0.5057096491975505
0.2097140529887494	-0.10614834937730301	0.8669590978924221	0.43947066623958386	0.11630484101843962	0.0206850080617768	0.979999388226815	2.00743232388334	0.5142344171944464	-0.9972320249513359	0.6426920845877089	-0.48096313160711873
0.2156114217687235	-0.11247857817058743	0.8675821786434482	0.4337758033314911	0.07935408366340198	-0.01505043376147643	0.9793359956198442	2.018191301067356	0.5247768847980724	-1.0130574550826044	0.6964222511594799	-0.5548313118360356
0.20829888811548858	-0.10417354131749815	0.8620809155484407	0.4500843715864669	0.1011158023068401	-0.02574805589984586	1.0119528971562686	1.9766302549755745	0.5300275866702825	-1.0260359748143637	0.6064766715417136	-0.4288936433459791
0.21906834270203732	-0.12481407908454896	0.8568154800923844	0.4497752104797637	0.14722614189507005	-0.04182855008947476	1.0338695600002155	2.0349943896406724	0.5584472369166583	-1.002675041423632	0.6518648965512307	-0.4897613595001502
0.2286169633275023	-0.10521125596469845	0.863662143197633	0.43675230749764016	0.06147546308759705	0.02723164682416949	0.9839019556762548	1.964480863917812	0.4957349594899804	-1.02208663403755	0.6825673668172643	-0.4980332287444588
0.21601008711125447	-0.10447465173430551	0.8622005331820407	0.44613330966403797	0.17554388693778455	-0.027484430421886127	1.026159126648881	1.9846382805194662	0.5050017852780104	-1.00805998553402	0.6172297756524004	-0.4537937196519181
0.23203134312761828	-0.11027555545606318	0.8627337243583222	0.4355356225730208	0.15748750778282894	-0.03017257734119054	0.9502850973534283	2.0071587417485897	0.5165141243611686	-1.0212012829730743	0.5536687090216329	-0.48498372464304595
0.21045291919227024	-0.11430712395392689	0.8683987485192355	0.4341970333697121	0.1630740764954914	0.007345247254365156	1.0303853206552285	2.0276361449993106	0.4971346557469143	-0.9598993621085674	0.575975059360151	-0.4933206991115174
0.2112614630309916	-0.10524782273652222	0.8730319935700545	0.42673953209226234	0.1775860589184831	-0.0066994322114644995	1.0170968970723018	1.999552862535101	0.4770229706963651	-0.9862716639201312	0.618439756225461	-0.4746674467952967
0.20788875065890416	-0.10468250412952795	0.8716170115492865	0.431401930751987	0.03897180236891184	-0.0022453291790949436	1.0189698309841648	1.9916894088814847	0.4928602309625719	-1.0035251609117513	0.6505589591773294	-0.5268751038266162
0.22396086488813274	-0.11825975316074948	0.867373645535278	0.42839131738605535	0.18227561666347056	-0.02718806954228011	1.0014079038478032	1.9931266484398116	0.4934419924310863	-0.9724008814322068	0.5798893086973126	-0.4782160572389818
