0.208357364893142	-0.11106103382580833	0.8706708782546602	0.43149145648504755	0.09517198922844528	0.28237604851692333	1.0307503238548734	2.004517047684218	0.5018347681950895	-0.9943965230790132	0.3909061069771757	-0.17835977669808803
0.2160889726293676	-0.10220362368044929	0.8692616718087798	0.4327171375607567	0.1966041656663734	0.2279833729173023	0.9896918680099052	1.9833455650342098	0.4961318100216116	-1.0224341109569255	0.3304940231424995	-0.17916406253593845
0.22669163102875456	-0.10124518458738746	0.8674312368064625	0.4311883189881186	0.13323150550733484	0.24789086137550534	0.9795247342397031	1.9920127444274964	0.47552355264693297	-1.0038591630838567	0.353575933514787	-0.17729239092394214
0.2060153958748139	-0.1007075286866282	0.8735474727626233	0.4293372370973772	0.15068931329605056	0.2474401888919421	1.012942509074417	1.9740586177323312	0.4717603950896454	-0.9828737215155083	0.44737047077027275	-0.19344802470258737
0.21817312779976245	-0.10178795506518877	0.8676266303334556	0.43504451363731644	0.10743319461431163	0.2636034862848739	0.9961211057823511	1.986092558407941	0.48038146825328204	-0.9929060090634876	0.42530957653144646	-0.20556108997488698
0.22370998292925517	-0.10060600738446351	0.8663676976981969	0.43501642176023114	0.1367259103876684	0.2420738263511859	0.9707389918938364	1.9932000229341282	0.48886001174905985	-1.0118437096557797	0.3816470415398423	-0.10221690963554898
0.21546732767096602	-0.10934318544057883	0.866217946800553	0.4373606831262659	0.14896574145166422	0.2735053557948543	1.011806805347689	1.983804273827167	0.5124704801321611	-1.017482764549661	0.382684602992385	-0.1777643840788754
0.221838284609302	-0.10878654417369552	0.8613962959496395	0.443790135776572	0.15920654907931983	0.2517339427085512	0.9933010621865213	2.0204605239448417	0.5205527265811449	-1.0116391510924316	0.3528061947532253	-0.20887423321212492
0.21659881285893978	-0.09887185477044558	0.8709942088688772	0.4297422468401593	0.08250309146908331	0.2783144616168866	0.9972168493206743	1.985499938825893	0.4731418431869554	-1.0047644435513343	0.38674488984145877	-0.12617719545538272
0.20881486044275654	-0.1049401306887296	0.8697109379605755	0.434726129213601	0.049192050260552955	0.20119543657077488	1.0151010261635351	2.0005117728069486	0.4970040256844144	-0.9989830847405188	0.510463677902737	-0.1382130573706233
0.22610066517576735	-0.10921806816073276	0.8634077400049938	0.43758082372720836	0.11688893827045053	0.2746804618913133	0.9683349389034299	2.0004798979835337	0.5111606397848777	-1.0096253143817966	0.36356916710633386	-0.16278055402035443
0.20797494524096669	-0.11677843171397684	0.868558006279503	0.434414789994788	0.16037195560452586	0.27407754156644865	1.01915133109906	2.0112964778385876	0.5228543758618494	-0.9926256151684092	0.32566461823597503	-0.169837829687949
0.23236932950487188	-0.10395280923148095	0.8603927715048116	0.44150038154072807	0.13254164616265274	0.2391314816733754	0.9689172103161414	1.9820071741933423	0.5055542474176816	-1.0285079422346657	0.4394937153692684	-0.2128208413846027
0.21704576796462446	-0.1031778570113312	0.8666166027706437	0.4372883810867421	0.14832703529511507	0.23135905906793153	0.9906690167294184	2.004437158589705	0.49233490062707647	-0.9944755104714873	0.3215903816212527	-0.0827311984198328
0.2138906774396412	-0.11768093002902731	0.8689494272494551	0.4304983968550386	0.08769362900026412	0.26550523164932716	0.9865462989944419	2.0267903461006074	0.5163775192397397	-0.9784111531644476	0.4066298816076261	-0.16981191482870164
0.19549849898306687	-0.12136596976902209	0.8676705533138246	0.44067953116689457	0.12330592846623482	0.24134328151400541	1.0613702812932813	2.0122884936977994	0.5546667228000692	-1.0087623844587847	0.37642872619115336	-0.1782219622910658
0.21087314712411898	-0.1044082635362312	0.8673302876312726	0.4385995924357115	0.08620280025426842	0.27619749215126005	1.021045444850159	2.0029741749903653	0.5112452612244315	-1.0250864752626332	0.4199148764802749	-0.1916707835383473
0.22773900471049335	-0.10322103155791403	0.8625750516138107	0.4398234244683039	0.09814576217476945	0.2840500559254592	0.9735674372829697	1.9821955867969647	0.5042372450311691	-1.0278158198861134	0.4248524918501711	-0.184112466447272
0.21702146112261014	-0.10689748559619329	0.8689967958200211	0.43164705702686734	0.08562044232965606	0.2634596562601323	0.9912732105892076	1.998319242393249	0.493576157866814	-0.9971766302487944	0.40181836526685505	-0.19404971086961645
0.22047824000249175	-0.1007967089001401	0.8707183783666917	0.427877172486197	0.1159096818628615	0.2590364003146389	0.9808634259291632	1.978210001624653	0.46171139478803214	-0.9789785668253715	0.4128785511981156	-0.2366753688538221
0.21659070261480068	-0.10452237677279654	0.8656789747771819	0.43904834918641905	0.15402803299533693	0.2800551755115894	1.0418739128476509	2.0016883032766004	0.4974532367560511	-1.0182791772841173	0.3264590997198079	-0.14817381006143912
0.21751759372349222	-0.10244953481649492	0.8643471072680441	0.4416947672250486	0.10281726783573701	0.2698652826901909	1.0133190279148172	1.981201084257376	0.498483243134592	-1.0149636573863172	0.39376176253262707	-0.20709041770059824
0.2224138228445515	-0.0965370638149155	0.8680909198471068	0.43316375840629995	0.11731821367327953	0.27455422614107705	0.9776246331465347	1.9783730192688547	0.4794400262795165	-1.0218963022376604	0.3419138973835003	-0.18283460759055073
0.2091433172358943	-0.11824849507415289	0.8655783385365458	0.4393751314361992	0.13790473304005788	0.23919968239884593	1.0202011531307809	2.0056918832918083	0.5335135792038506	-0.9968611620649083	0.3862823690547325	-0.15603492257714224
0.22382562906796727	-0.09612041768796457	0.8682334671124523	0.43224252412472114	0.1295321659429169	0.2559330622651317	0.9992690811573703	1.9952501870359856	0.4612475896273412	-1.0002448142815907	0.33885605245351336	-0.16218583879478532
0.21935936698737923	-0.1212360502986936	0.8628411957759154	0.4389628219961881	0.11347013073662245	0.2729981973154632	1.0051182411893866	2.003719179994034	0.5341541818364086	-0.9988302262937389	0.4103569184322569	-0.15445599412893482
0.21767606319463756	-0.09777184863516485	0.8693786761957337	0.4327106591045569	0.15599520026042177	0.21159526139953108	0.9895252824486988	1.966499161624757	0.4698301765477751	-0.9974056274936065	0.38905474913229093	-0.22059877010000772
0.20608645994605918	-0.09690777295199897	0.868248862543952	0.44077337403649847	0.15389307112049674	0.2768987223409761	1.0187061964141308	1.9988586488981355	0.4973896478639365	-1.0166099769797767	0.3315839291302554	-0.1815608277155595
0.21367104421233415	-0.1111668030540079	0.8713575039819089	0.4274607900362088	0.13430801170849818	0.2255167519660858	1.0164901022143007	2.0137012766854983	0.489236547318666	-0.9816987074522197	0.41147529650163994	-0.20386232952966188
0.21706592740055114	-0.12454378145368725	0.8609392305554748	0.44289374679882526	0.10356815713695215	0.25482969650100346	1.02361762883832	2.0088445295951596	0.5525779774025046	-1.0109410615119778	0.393001410835788	-0.22484022264467288
0.21769652819514937	-0.10664800328328233	0.8709562918840729	0.42739859924315754	0.08966505681253782	0.2674991375599301	1.0032707801555751	1.9875563082229346	0.4785925899486451	-0.9903469085037777	0.3983683518044406	-0.14644647262699614
0.21560788989145996	-0.10914475343349511	0.868064162981216	0.4336649277520773	0.15736443399905167	0.23180166587666573	0.9840007625338608	2.0273588096704627	0.5152751282223478	-1.010399032763559	0.4175765019789566	-0.18308460555307157
0.22165023581575616	-0.10193312635423242	0.8661141147888993	0.4362650007482986	0.0600906681887238	0.21864158894554053	0.9973571753888755	2.001606942658152	0.49696441435189986	-1.0256662642441488	0.4712060815831492	-0.21179846761821775
0.21260504196815028	-0.115369631200302	0.8685572233457477	0.4325474472244083	0.13225640947541928	0.22102978864358633	1.0036035067867402	2.010765155943655	0.5082334382169161	-0.9775106935215055	0.365110434312592	-0.16842489785362033
0.21126854190998823	-0.11412268300101105	0.8717023635151163	0.4271728056255901	0.06176173434295688	0.21521203364585106	0.990114426623825	2.004298881654707	0.5036865011080854	-0.9820587202378435	0.41564053829097225	-0.17468217312556747
0.21553301628219984	-0.11069337888489593	0.8655713351039198	0.43826790734636223	0.15284904689086343	0.2569461237933442	1.008393265509906	2.012374201007922	0.5086914004200839	-0.9923022643258398	0.35987542570483094	-0.18217690166262582
0.2161434337093573	-0.10692073155843466	0.8743600770293086	0.4211228192874843	0.1336124419130059	0.23114415610050323	0.9938500128194363	1.98068702572329	0.48122825678475317	-1.0063677503211466	0.3705613698430345	-0.19749530878031687
0.2104924328225055	-0.09572244164687119	0.8691297581842955	0.4371997407686014	0.16158547244436958	0.24148597491827575	1.0014158710758558	1.9769643147189508	0.49321864363810686	-1.029784718997944	0.40241680137140223	-0.22357002005330942
0.22652950266253186	-0.09711186604496086	0.8676521411912599	0.4317793785985542	0.08917237243731485	0.26139794107282543	0.9743191370706852	1.9688101002405993	0.47045618637970077	-1.0137342031071372	0.3722499917291355	-0.19177377545647945
0.20370155379048163	-0.10910266044603306	0.8691781329612372	0.43718606982491875	0.13200395227829492	0.24882839315449515	1.0268717123107995	2.011734821627046	0.5161046202126213	-1.0024944129037743	0.39185454265081426	-0.15071408911854853
0.22784351971509836	-0.10320376049227495	0.8620966298249262	0.4407104663932919	0.10622919663716184	0.20535520103827234	0.9664089965389184	1.987801673103401	0.49924408229051176	-1.0107272103763336	0.40947783996640025	-0.14875179158276866
0.2245748465861633	-0.10320033389535985	0.8677800270735563	0.4311306692603823	0.08318707614363062	0.259603699217907	0.9707150630691215	1.9833953759099072	0.4809566726807334	-0.9989447433794079	0.41920240187062535	-0.13474374792825453
0.20760071832825575	-0.09889120281983942	0.8690338049659654	0.4380670240737299	0.10205316359655021	0.2612005635181541	1.0177227880559754	1.9599428621927781	0.49617257862948044	-1.0241574782622624	0.46755200012980475	-0.1853880607070225
0.21209699116165479	-0.10653797878776303	0.8694551415885691	0.4332577549002352	0.15571961323348707	0.24189359920853074	1.0027457074779942	1.973709065059565	0.5047416546628091	-1.0184574765936354	0.34919296686262596	-0.1751313798134202
0.22542356523658086	-0.10935851788423813	0.8683348852935208	0.4280414206411337	0.1247697942496007	0.2958442080197121	0.9990715245578388	1.994696239657087	0.4778284551699285	-0.9858680423308078	0.3599027334307756	-0.16088534395178591
0.20804008401528076	-0.11327570716538422	0.8663019283167099	0.4397827948019874	0.1393645235789736	0.24194509091523053	1.022930444252208	1.9940894075509024	0.525239368719956	-1.0049154513232437	0.3677064003745126	-0.14642651670597137
0.20961139468578896	-0.11596227480395338	0.8713195962266527	0.42827324837257075	0.0799422555935588	0.236844877870696	1.008145830992386	2.0047938500311546	0.4994834426311324	-0.966784900637666	0.4122212531074004	-0.14364249122944828
0.21354248939656362	-0.11771221133349723	0.8673961762234011	0.43378256534618687	0.1507364498219058	0.20163230973520488	1.014321687084555	2.012987096741258	0.5235330934604501	-0.9999438742162997	0.4302638480582119	-0.12962487188860594
0.22241544851695916	-0.11103856369641987	0.8679242260613016	0.43001086433848024	0.15986652182583216	0.25064328436825256	0.967129796799766	1.9886496903425288	0.4970331043287665	-0.9899165577470037	0.3891284579691752	-0.16403540300035624
0.21939427335557726	-0.0982554434297074	0.8663605890739785	0.43775718195661695	0.06881243210552603	0.29267295452263925	0.9752461498196842	1.9828876446051718	0.4867226139289793	-1.0069765255236127	0.37123233692776775	-0.1958230853240567
0.2056768016602292	-0.1081369579379271	0.8695643104241475	0.4357308362089225	0.12713014461009214	0.25491926611099464	1.0574324640478698	2.004916484445728	0.5015349929555926	-1.0024553041342965	0.40193754380901064	-0.1963610103397945
0.214673150013778	-0.11267384032365484	0.8710740478960414	0.42714171822930924	0.12579543559393816	0.25168818175505553	1.0179556760835407	2.009562176995415	0.4932423514664057	-0.9873848828018449	0.37320068030940007	-0.15198271602641034
0.21346780113007904	-0.1068810333899113	0.8694477112534503	0.4325143003165684	0.18587772024330682	0.19316020235797912	1.0101083778564894	2.0001231050374826	0.5023498406703564	-1.014110536574151	0.3675184942044229	-0.1028733756316101
0.225745802748282	-0.11121328875028252	0.8604236647589607	0.4431044505188813	0.11228629210564822	0.26411131926796044	0.9929210754304147	1.9926779480121966	0.5236143991029746	-1.0224806293105886	0.41772855400361286	-0.18698685732561746
0.2174739077394994	-0.10957387032716089	0.8659952208189053	0.4367504366487269	0.04820852841575459	0.2539767653380734	1.0125483379074018	1.9849221379095074	0.5036527258528318	-1.004848672343729	0.45578038644169344	-0.18572374586465498
0.20859821420120184	-0.1200644381758676	0.8693130440033908	0.43170145615128697	0.1384253739757654	0.24025564412969921	1.0154079374211182	2.0221010269600375	0.5257400759074008	-0.986937983103061	0.4071304381579011	-0.13761881875698492
0.21798895696646195	-0.10930196985278809	0.8678583484186171	0.4328461402243119	0.12095213367239244	0.21323137757957075	0.995340122252649	2.000838395206291	0.49682862389126164	-0.992164203840186	0.4481190147772623	-0.13763935362495985
0.22298276258002755	-0.1047809433543443	0.8636294375545631	0.4398225052122069	0.14207149944496297	0.25924794794622474	1.0030570708919926	1.9877683605924	0.49295394218599825	-1.0029357827374148	0.3482866485792366	-0.1056459567603173
0.22574085890695697	-0.10723344950514474	0.862742023025078	0.43956598325367807	0.13290255589382918	0.2554942647517709	0.999458311374484	1.9981663955148452	0.5151579500650761	-1.0369244476513677	0.4008826721769739	-0.1519480807616727
0.2336564704962699	-0.0992360592837715	0.8678373666456326	0.4271008819782832	0.12350295224670234	0.25189727304315684	0.9571496252562204	1.9805685010491143	0.4582533035137467	-0.9945887449329746	0.3821411517522231	-0.16732491999081914
0.21500314620106858	-0.1030227758869617	0.8663968823672045	0.4387669050835255	0.07324709779405142	0.2662459861550803	0.9931314267073905	1.9800599103326473	0.5002150103910522	-1.009465010539156	0.41043105908948263	-0.18831074582612986
0.22718733698810697	-0.09852499462701829	0.8655789731360126	0.4352605893149578	0.1525499324348414	0.26288249912710665	0.9721811298939326	1.9893742526911304	0.47426829128807413	-1.0002762153644633	0.3550762546767427	-0.183199752151495
0.20833862421596688	-0.10811093976450425	0.8687666988551601	0.4360636023831174	0.12553782439741612	0.23329241667245315	1.0230730643076995	1.9995536135344492	0.5063140990860857	-1.0017824016520482	0.455570716531853	-0.18590535831662433
0.2062600795986131	-0.11083925613791462	0.8649780063593606	0.4438293448808374	0.13020941095110625	0.24455884320038224	1.034572976676603	2.012839616125147	0.532750461789595	-1.0163971721846436	0.3701205989394465	-0.18660685669549446
0.2143262633797042	-0.10118313047577686	0.8676462123350529	0.4370540895054662	0.10812482310225874	0.22990862819162453	1.01406708643958	1.9728389514705855	0.48877237070327906	-1.0108695815047277	0.33587815411539035	-0.1737558310320332
0.22835634535817462	-0.0985664840987367	0.8636110552847502	0.43853617061427375	0.16396145437179296	0.27036322820932157	0.9835199516016933	1.9684134911600617	0.4803383750055361	-1.0156493020104838	0.3311242112146915	-0.2285003766774019
0.20917982367580337	-0.11189729776372964	0.8654584048887899	0.441253380188171	0.09861011151656578	0.23934192471972024	1.0086218210978162	2.021611152306073	0.5169143248712379	-0.9793428811892231	0.4411307426665212	-0.11438881316579026
0.2319399233501103	-0.11306264013698131	0.8605718830275171	0.43913180880468455	0.11902654006171065	0.27351822049762337	0.9982768184284168	1.9973345854400244	0.4999208689841735	-0.9927182730278669	0.3302588391279897	-0.21684734261902072
0.22289576826475302	-0.10676696240261538	0.8608097695777226	0.4448874383802404	0.11821299023874786	0.29519297945712725	0.9974618363791242	1.9965896187556484	0.5218902930570528	-1.0303920428853621	0.3707764473652404	-0.1999120239287845
0.22126185883398844	-0.11478955408293802	0.8627556997621975	0.43990811611813835	0.09757830583656317	0.20806634547763522	1.0001518805211225	1.9967112567502021	0.5224330660858657	-1.0066328823916806	0.49013967911706174	-0.1532366528087209
0.21238893589116575	-0.11213954494905796	0.8662907602640855	0.43801367678499414	0.0756819817679693	0.2269473067830974	1.0140440907671373	1.9999927564712057	0.5168167755908537	-1.0018113325531914	0.44996835290290343	-0.14578866792648865
0.2147695437949119	-0.11420468421754372	0.8636393352158288	0.4415409741222866	0.07844346158131958	0.24528063463268843	1.0448184865112258	2.020316380954487	0.52542195754264	-1.0133615943558452	0.4046253143825538	-0.15830463977459608
0.21667965372041567	-0.09017704660428512	0.865198112862019	0.4431142667860407	0.07504680740304306	0.2538857851461278	1.009126102473651	1.9497160297387286	0.4751668172505928	-1.0244556060850305	0.40162266060338386	-0.17588429125985525
0.21221143731643138	-0.11213647725064581	0.8699433010799917	0.43080200701477284	0.0980400494347443	0.2612509874324744	1.0036380726052443	1.9922166650012287	0.5084160906095787	-1.00249414894684	0.39691771981907803	-0.16572355928947735
0.21492994456154013	-0.10937290859629498	0.875083054260154	0.41960974004744017	0.1690426486739556	0.25306428415276466	0.9957676651603053	2.007018200271175	0.46847675543058936	-0.9639026511779228	0.35510320438109916	-0.22304404851047588
0.20533910773497718	-0.10117053980833826	0.8679255857406043	0.44080103258309405	0.125307591571482	0.2542269270191973	1.032753119593588	1.9832354411379767	0.4952581015140066	-1.0010565973595964	0.3547049688014521	-0.1925476938596544
0.2158278007501563	-0.11253380847129796	0.8708031009844622	0.42714922648898773	0.11965441924234244	0.2818411739999656	0.9892729556315376	2.0024350930179247	0.49325472591168046	-0.9778753609227894	0.4017827024343492	-0.2224737395201373
0.21867339744228237	-0.11993089128615474	0.8646247724768322	0.43614507836927874	0.11473485510197647	0.25831276594000524	1.0381684192341627	2.0031295259425272	0.5213364399250568	-1.0032054203921106	0.3806797732006981	-0.19339304101675928
0.2016700373501289	-0.10214260405105274	0.8699389339933721	0.43829480443571633	0.11490970757855118	0.2598186031217948	1.0474881407232466	1.9959382996011557	0.48877070156596064	-0.9869551172558129	0.3900330688752638	-0.19081147518044042
0.2069969247480802	-0.1076101795475921	0.8700565491509105	0.4342509915730555	0.12186396247905085	0.2412547443124936	1.027330241415002	2.002545527330695	0.5017910036182471	-0.9988381704257274	0.42916078694971427	-0.1849976247414646
0.22757231458905408	-0.1074825846058534	0.8691625561440935	0.4256933011407291	0.1410131575038234	0.2633393636606767	0.9818650472894208	2.0176747041776317	0.4817841557750107	-0.9991445872656707	0.33135847917715006	-0.17387074793858096
0.22693635899478432	-0.10387485848211937	0.8610959182289591	0.44297146900329337	0.13275533025640124	0.22159065657842902	0.9542272872925746	2.0091309968339863	0.5171535127891486	-1.0230217495578962	0.3823753792154389	-0.18992161189729065
0.2172913124483085	-0.11915041096239956	0.8685112588932806	0.4292736403246671	0.13100307980800768	0.24795715476131527	0.9921873148636593	2.0469928074860433	0.5166152495754357	-0.9792816769427941	0.36919465785203726	-0.13993560820013398
0.22257799764869968	-0.12172039881919397	0.8661592990565851	0.4305940642087358	0.08445516550235138	0.2521060732964121	0.9721220487639298	2.0316585946470833	0.516613737498508	-0.9673809094403226	0.42925650002058097	-0.12196396804876036
0.21536362518868596	-0.11562145607045271	0.8661351854070828	0.4359587462611274	0.13642831559528518	0.22821424827872927	0.986794243286561	2.0057673364561377	0.5175092367605432	-0.983677487788062	0.38705022092555824	-0.12571800004970876
0.21765756752643803	-0.10986915070908644	0.8682710939876663	0.4320408086817715	0.16422845254049642	0.1879238655068699	0.9904363926631141	2.000067599765295	0.4935498574134735	-0.9822343481820671	0.40416256887197166	-0.15201412021788632
0.2278082680042538	-0.10391820522030559	0.8651950055087341	0.43444447527323227	0.12266670739250535	0.2635382244673728	0.9805168171513912	2.0051688707380295	0.4824663710962228	-0.9953487887721281	0.3836355480436245	-0.237466238192744
0.23209232583323253	-0.09947019968232348	0.8653113289442581	0.43298399007954247	0.15144968976376819	0.26747639299207787	0.9591144517137221	1.991534151255731	0.47839338118045477	-1.0126564182795226	0.3585634531528328	-0.22718959534812658
0.21451501541109647	-0.10714278307775131	0.8708425066417778	0.4291119443960937	0.13752645079271064	0.25334157889988335	1.0147260954929975	1.9984606543533048	0.4836634873879717	-0.9898304554531462	0.3430876271690478	-0.16745393625181385
0.22045736228393845	-0.10544307345694282	0.8660919355351914	0.4360792002327879	0.13656153919621591	0.2516072757357865	1.0113270586341383	1.989239498092656	0.4978167915930635	-1.0189848026862276	0.4207337506210787	-0.22154278856301066
0.22290013466791656	-0.11622637490937066	0.8576977366835044	0.4485103702574169	0.1812504029069287	0.2555294095780832	1.021038850877145	2.0171706878839126	0.5386026113736024	-1.0146911457616177	0.3254133347278844	-0.19416669999583688
0.2209235544129937	-0.1104176467186992	0.8706623311741614	0.4253796321793142	0.1550713985035087	0.23539337107467265	0.9816853218179545	2.009014807875045	0.4931841924316448	-0.9977995885904727	0.2910879331757706	-0.13220869609446084
0.2163749543129256	-0.10846898828511177	0.8659159173321808	0.4377282054394616	0.11708433228537592	0.23538156035939747	1.0053217316787917	2.001634095352367	0.5054418996990194	-1.0008068918431101	0.44928034425720814	-0.17503886481270767
0.20708161705859474	-0.10015449367919362	0.869095919658372	0.43790245912238296	0.18283735505386656	0.2684244270798359	1.0187589102318921	1.992988939830623	0.4875792345909828	-0.9936289659389078	0.33382521864407977	-0.1484729183686028
0.212913289972175	-0.11891955640708193	0.8638376020534079	0.4408068367616201	0.12022263894170337	0.2663812690061366	1.01410453428679	2.031782723660725	0.5467546209700843	-1.013153145556423	0.42099505992157965	-0.16464823452726016
0.2153622375872252	-0.11234894292929373	0.8661328912052082	0.43681876838867734	0.10776897207374393	0.23851786681232454	1.0040462710316322	1.9964623067401885	0.5097736851315927	-0.9923222373716991	0.39779366169811864	-0.1285531177236167
0.21955726550300683	-0.10919520820170207	0.867413800746409	0.43297149091516196	0.16695148499196308	0.24611288446625934	1.004556616420441	1.9824408998576104	0.49913100590152065	-1.0093915858348153	0.3700092986159565	-0.16414867480160616
0.22196937512352377	-0.11073163695833657	0.8662695497724723	0.433641751012051	0.10557102043722177	0.28063055084925315	0.9907980659928587	2.009043210329	0.4937177668190253	-0.980428777365215	0.3667420949824735	-0.22188538603611077
0.21590279474382384	-0.105236259528545	0.8694713461191486	0.4316606203720727	0.1532274984258505	0.2639117602049482	0.9896142476451503	1.9821625061030872	0.47931723364294704	-0.9771975814122914	0.3441423433611308	-0.11939944344270058
0.21144245939790762	-0.10307045093559208	0.8627915873957517	0.44750334660962793	0.1322736909284462	0.22066924397041046	1.0220709492704414	1.9628474590740552	0.5158554862074015	-1.0254077422136771	0.3960388011529341	-0.14547192806457543
0.22925084170914423	-0.12132444855238693	0.8619332406731932	0.4356552747089323	0.1402663361671076	0.2941647485808468	0.9697168863542495	2.0053707951048874	0.5243500445643277	-0.9892285592169557	0.27743234054541976	-0.18301960838308748
0.21935358884797734	-0.11081608177915202	0.8680823125944835	0.43131994811188845	0.119046066849692	0.26733621528310203	0.9974165201704757	2.0028753612014816	0.4948539689517967	-0.988616624587283	0.3559220966293443	-0.1589239093350517
0.22119918628874835	-0.12176672615652215	0.8657389709497755	0.4321340284739701	0.17452897172803447	0.26903161402508696	0.9808218664764193	2.0119349234453012	0.5216302461261548	-0.9801725262974452	0.33129144487201767	-0.18135994315254558
0.21616522227234505	-0.10363515435572859	0.866201976651805	0.4384364117019911	0.10264792239000192	0.2751614663950149	1.0001922059994848	1.9881589157094182	0.4914158127754748	-0.9940528458936214	0.36181551007078516	-0.17603961773255458
0.2200544688628364	-0.103447363589894	0.8690899922165185	0.43076357683639765	0.13630597655609586	0.24431521299122827	0.9777289284527166	1.9669060177172373	0.49001474702596487	-1.0157527569363223	0.40181109991613656	-0.23168602212428546
0.23236182521166646	-0.11212050191926792	0.8612293551230706	0.4378595358193932	0.1818652237164057	0.22216225802127063	0.9644095235824166	1.9685927052622447	0.5056143615470811	-1.002198763759873	0.3951836326894806	-0.1603648129899761
0.21778464380628598	-0.09878614093698948	0.8669422807967194	0.4372896397674297	0.1481819939854143	0.21444451418024657	1.0095783205562283	1.9826456878770022	0.4812033341067395	-1.0089154063157801	0.3708556453387915	-0.1196032569784821
0.22278535571535374	-0.11176636809322821	0.8682783052892465	0.4289146171513234	0.0614637058844083	0.2460802689676048	0.9874941938086084	2.0060833164450216	0.49085430248653505	-0.983843226357297	0.44236110470624185	-0.17570498325224967
0.20445058628429796	-0.09676807594977825	0.8696661596109357	0.43876721399000546	0.09361024309923309	0.29313708191630133	1.0215242469680765	1.9822826985059714	0.48878378592287713	-1.0076146356436857	0.3536766711430846	-0.14901943763564054
0.2033009197719101	-0.10890107915261653	0.8674596225048125	0.440820932242446	0.12200381291116309	0.24406967753985698	1.030642112574327	2.0279723766905877	0.527542312588025	-1.0124377764715267	0.38739693930744773	-0.11383347097539219
0.2167977537389381	-0.1149343629471976	0.8619496262278399	0.4436571514507114	0.11398509998355322	0.21898101970648728	1.0257619542859358	2.020221968885819	0.5372708509140068	-1.0217132084999865	0.40676446379695724	-0.09034431282488138
0.21375807983625836	-0.11457981249528094	0.8627991751533522	0.4435724667153689	0.1316322373205384	0.26394532938632126	1.043293510891872	1.987959009096936	0.5279331781936101	-1.016142325294513	0.33272664423342363	-0.12230330847747484
0.21450731685717733	-0.10066639793127191	0.865347756099079	0.44161764950754184	0.06793175719524458	0.2507333848670483	0.9986594973475517	1.9863384229531347	0.5047456412970499	-1.021342203417247	0.3954311511882585	-0.14470058760792562
0.20739592616094718	-0.08286076929243391	0.8731258540237758	0.43332697326540953	0.14225310903281255	0.26510635374902164	0.9938044873337558	1.944749275852179	0.45181015149060044	-1.0141411277971701	0.2980876231917238	-0.18901161423516036
0.21881812078810456	-0.10266192365278046	0.8654959321899217	0.43874360486435776	0.09579762354907569	0.26624076324270524	0.9958776755221681	1.9930488671319226	0.4902522795098719	-0.9974326683502392	0.39206672395094416	-0.23527034184772735
0.23692352030719294	-0.11073969496064658	0.8645374082098641	0.42916085013784855	0.15775220409216054	0.24724217144881222	0.9546520824287836	2.0000108364703246	0.4930124907459902	-1.004114617899375	0.33780597470470264	-0.13772998281387783
0.21483937957843618	-0.10193948608470395	0.8686287578164519	0.43466822204226857	0.12603465978405967	0.25418331791699794	0.9935499998277046	1.9853365780663335	0.5034590305843899	-1.0315648687432313	0.39474626293765197	-0.12993886415010342
0.22557784516110463	-0.09532953779146949	0.8662185655406253	0.435536808673709	0.17456165922055564	0.24535775916045108	0.9844720820444995	1.9556909752428346	0.4806337052962254	-1.0377396442898443	0.31606044874975425	-0.11746516424309213
0.2338626142179785	-0.10676941862535809	0.8676050627180788	0.42564072181065393	0.07825298620391093	0.25111336810689106	0.9656997648533913	2.019233852908836	0.4741233693398708	-0.9905078649743421	0.4259634718941885	-0.14363070147120108
0.22994308838046196	-0.1048407820206898	0.8647315792030122	0.4340206014239528	0.134388636349286	0.2747682705283438	0.9649975780942696	2.002294556708661	0.4807872708975802	-0.9854931559613329	0.352277472608713	-0.12992756823042712
0.20703887600740478	-0.10779705785258363	0.8704014154191307	0.4334928767307383	0.16225711152963385	0.25244140932162545	1.0298308009642898	1.9984044513309545	0.49578841182562927	-0.9903918834739557	0.4154701397762132	-0.13381785780818217
0.2092618311555281	-0.10681404102592726	0.8665070494118502	0.44041546292190553	0.2066181091312301	0.2599651551017074	1.0059009878292526	1.9902987499620062	0.5127959483930711	-1.0041566924112777	0.31987787837845805	-0.15565989841506817
0.2119393622940653	-0.10487622340207506	0.865428524406131	0.44171954181304857	0.09414773612143022	0.25330241336159204	1.0016860496459945	1.9890981967509151	0.5111810144745565	-1.0098675393891914	0.43822631116846966	-0.14926123512657935
0.20902626635633975	-0.10918328374080605	0.8721895048960326	0.428570295370452	0.15883367590306288	0.21985304970047645	1.0057853836210247	1.991501400583092	0.5007724921370188	-1.0023219472437586	0.356194984009901	-0.1503964025029444
0.2157298253059265	-0.11271820753125102	0.8753702339792971	0.41771066736132895	0.11723373445642117	0.23285501483627988	1.0102962257962036	2.011170433554275	0.46735272039252945	-0.9584676511091177	0.4421596622416837	-0.15791977160761014
0.21019323761109115	-0.11100342977780832	0.8698288351726526	0.43231335734894527	0.1556259840299713	0.25262588396202595	1.0233095609009282	1.9860632185044873	0.5067565681139596	-1.007196258527352	0.38312760316323075	-0.20255737971880036
0.22037445004239598	-0.1084482616413638	0.8669108324638521	0.4337507174314628	0.12086406124734898	0.2612701002722951	0.9954444025468335	2.0012701411963785	0.5010377308013392	-1.0067793864694097	0.38694509681340633	-0.17165627051178997
0.21982290534959747	-0.10164896591446905	0.8660295708311047	0.4374221764591658	0.2402128188153306	0.23730518915412227	0.9866978338886475	1.988204753366379	0.4923277849934465	-1.0085685441440342	0.27074045661805946	-0.1882110109224263
0.21829427207574958	-0.09363634618233847	0.8716806053884552	0.4286639332182684	0.1342800226225562	0.24899752686910773	0.9635533838687609	1.974949391703277	0.46394758324984653	-1.002709154027444	0.3883395885299912	-0.20814799345049273
0.22070983997736032	-0.10698266681243107	0.8684234385348873	0.4309090471806215	0.13558070831170344	0.2337267414372988	0.9757538769016881	1.9836699344212598	0.48438440581644737	-0.9834812158455183	0.4104272990825845	-0.12709245436234243
0.21586818502152674	-0.10839298844946156	0.8693492316160686	0.43114243613805614	0.16596579989852908	0.3010488454321884	1.0071659986814387	1.9974064020649647	0.4957911150602364	-1.001817116105525	0.30660353172821575	-0.21161410157515778
0.21372937882111495	-0.09921983573496616	0.8712639906702923	0.4305510833649631	0.04017034086729137	0.25862258405213095	1.0035514490252344	1.9879935436786587	0.4841665056015335	-1.0198020484745034	0.43120526937687514	-0.16802757508954544
0.21003027933233026	-0.11029969616439032	0.8705747736706384	0.431069393761542	0.10194671085807823	0.24869010254885104	1.0128601041024843	2.0049199821387256	0.48432917680443266	-0.9586252125164778	0.38151514041035245	-0.18643268195106724
0.21482222997735537	-0.1078044094855178	0.8670390382822616	0.4364320392656867	0.09877745794857358	0.25493462512601694	1.015506589724327	1.9801739142343737	0.5089963772641298	-1.021926898037268	0.4253206665391187	-0.16260512182005912
0.21530634121676567	-0.1006491816214294	0.8700500068903987	0.43188645172174983	0.16131216484751704	0.2457960990339524	0.9941684644497516	1.9712699263213667	0.4904919399766447	-1.0243354098914208	0.3629341707425304	-0.1595704637315237
0.20912182185812694	-0.11708772042768827	0.8705094441924944	0.42985094732879153	0.07345771664112156	0.259775961335689	1.0159329702848126	2.026706020292654	0.5170721080727164	-0.9893371685862437	0.4386185818165156	-0.2502767831340373
0.21074134525591084	-0.11004093002869646	0.8684345913825304	0.4350867035527583	0.10493227090565053	0.2881827528038466	1.023876074690524	2.013055000290434	0.507394460426888	-0.9995558914674914	0.3468179070118174	-0.21411809627939102
0.2083247691584112	-0.10990022748235606	0.8706443341657775	0.43185781680948065	0.13098582021089974	0.24719854609336314	1.0210888749741946	2.0010071730543397	0.4888944864824799	-0.9689767303718625	0.3690076733993295	-0.14682061156144596
0.21485442831995288	-0.11700888632053962	0.8594941434797965	0.44879428748287814	0.14077352080127903	0.2676801086107724	1.0263692841482634	2.0133537391393794	0.5511762420190706	-1.0220104663496505	0.3463670621018004	-0.1876389873240172
0.23384151018962612	-0.09550814600338277	0.8672488635466952	0.42904050022835505	0.12691721517168655	0.24408407620849207	0.9526925924335298	1.9762857534305804	0.4572633887104538	-1.003608844035811	0.33798561261611954	-0.17671973975092944
0.20857455294334512	-0.10484358934455038	0.8667736413038725	0.44069029076967514	0.05651096764245899	0.2245572321139513	1.0334684851093707	1.9788988862997807	0.5052339566074272	-1.0120573352617952	0.4751553542500657	-0.16621751017213385
0.21096679466342066	-0.1047323031729539	0.8654759788697386	0.44212609764749045	0.10235056590296655	0.25203419144512074	0.9949251427606508	1.9974794027279728	0.5161337420496579	-1.0119215036585885	0.44732125325217226	-0.18554521790763087
0.22494756824801743	-0.1100437784154535	0.8653588990694119	0.43410014302316163	0.08876946448710117	0.2550055265995292	0.9771556844036868	2.009608964400018	0.5019777004214668	-0.9975917045417833	0.41791821306278987	-0.1389368391566155
0.2190615040676972	-0.10485854899363582	0.8658647646357287	0.43737278321914524	0.11923524330155029	0.2496407301133685	0.9879128489959139	1.9978707668743054	0.5016927961138097	-1.0090201691928538	0.37060464984028746	-0.14570310814065304
0.21519305634746677	-0.09147807699163381	0.870191397084847	0.43369418069564963	0.08208811462257541	0.23851016832859392	1.0137934861129616	1.995007436826224	0.45876305949023105	-1.002719339807861	0.45938545317854845	-0.1941373109937464
0.230742291112832	-0.10834735678891158	0.866401318516296	0.4293804847010182	0.153365303751959	0.26577014040480323	0.9991636391630115	1.9879342728697285	0.4756614114507232	-0.9950977574291284	0.3542827569418663	-0.16092249572521147
0.2151392342174386	-0.11258754944046162	0.8688777508643202	0.431382206012587	0.1637176053231082	0.2507061472851701	1.0134689767112697	2.018060791586867	0.5074196343010402	-1.0007692597998283	0.3691013765086912	-0.14479988861943105
0.23226011618141207	-0.10442298064249766	0.8671481892874536	0.42802464573973314	0.07623556495750056	0.26495667188278516	0.9959417556888873	1.998629829114257	0.4691463391560784	-1.003292840058231	0.4049161476602941	-0.1690431680290332
0.22054490904759547	-0.11308033557481875	0.87313287507003	0.4197758488424719	0.12512533247272678	0.2919698461064905	0.9678698064666692	2.0115353713540363	0.47542411711203136	-0.9555149277440992	0.3143822904666944	-0.2037341622929617
0.22411847160207538	-0.10581473704802595	0.8693241740772407	0.42760920532085156	0.12076798121512278	0.2567149056854929	0.9751663517417906	2.00928777784969	0.4859591305202279	-1.0018412814488253	0.38182749996077375	-0.12947693293449122
0.2162819723321102	-0.11792326812677262	0.8638434906733168	0.4394207947967107	0.16543837543345677	0.21886048832979252	0.9934357680858615	1.9975517464194967	0.5396068293417706	-1.0136986447639005	0.38653031165112006	-0.13324491918835593
0.20964738271382746	-0.11691766207774698	0.8679315800880197	0.43482526088237916	0.08984895135456017	0.24019896518643646	1.014786150654573	2.0284412382673764	0.5186749393223657	-0.9791542745993931	0.45476813927590704	-0.1087338544104781
0.20960578475469957	-0.11326201080385856	0.8726379763288569	0.4263098569992376	0.12036838362274493	0.2716567908353554	0.9978292147959301	2.0117673218761962	0.5012462558414986	-0.9821505999425341	0.3341261834831936	-0.15258406481694414
0.22336984928395184	-0.10669323698729621	0.8639504694463934	0.4385339781081892	0.08489837750902064	0.22298199349698455	0.9774719418252854	1.9927671625528578	0.499076627361589	-0.9962750653292214	0.45715602271204636	-0.12469032425331318
0.22060791470101399	-0.10834702567838435	0.8636405880320888	0.440134075824067	0.05752703609813583	0.2258158587348402	0.9864757684810457	1.9957942817017815	0.5172259905601782	-1.0180610208225525	0.4829297526263652	-0.1622706898131321
0.22239517387394678	-0.114980085181044	0.8615631373200422	0.44162079554815237	0.10516928446309104	0.24198298372436375	0.9858449510837214	2.023474857356009	0.5331670528080115	-1.0097915022954327	0.368926366502744	-0.18193433532193534
0.21580888028190823	-0.10860879630982882	0.872550240846542	0.42460185321574	0.10911534498073344	0.2512560672826076	1.0019371771893142	1.9858321020480467	0.46912788508937187	-0.9653414182332456	0.3940321139930938	-0.12532594712190867
0.21833878409238627	-0.10433305763974259	0.8693068822220342	0.43098530481445285	0.1238262297796725	0.2512625986801628	1.0016594751959025	1.990409961018192	0.4813295362800249	-0.9964577177152669	0.36671700006722036	-0.184244944356203
0.21722155187857606	-0.09803988940714357	0.8723964059802259	0.4267639726093136	0.14209642472195413	0.23173136887657464	0.9963893521290026	2.00254747899145	0.4724540492424626	-1.0129133438298354	0.3481642885519903	-0.14627513237488907
0.20294073041534277	-0.11920304679181233	0.8727605872729598	0.42766184173596156	0.14045750293965945	0.24780564526798707	1.0190598655773366	2.0354906009592346	0.5291887920844096	-0.9961777074506332	0.38979998096550544	-0.18673402923636065
0.21335458136070615	-0.11017410997067911	0.8730611018053694	0.4243887376203106	0.1564737744235834	0.2082313001790551	1.00439275838671	1.987712418831086	0.4823235207292478	-0.9811647138289532	0.4233818527519356	-0.2107116557213546
0.22510871216883127	-0.097540408202942	0.8750887084141229	0.41717105469986276	0.13432746042248456	0.27002121963046033	0.9629993010193698	1.9783701322045266	0.4311545687692879	-0.9614928753864797	0.35147946951747566	-0.17288429233334457
0.20901304488151967	-0.11757194472265146	0.8696870331832536	0.43143348177488533	0.16609052339881764	0.28929426921037854	1.0307707507090471	2.0166577555943532	0.514893009603682	-0.9877256887694146	0.2814399089268465	-0.1740963791748756
0.21489128086599485	-0.11324057484233539	0.8700645030843018	0.4289359743479398	0.12554046902453164	0.2394212909397558	0.9981721643850553	1.9848444761578805	0.4988537392533136	-0.9879527984942726	0.429746648712421	-0.1435540661655047
0.20004202998402162	-0.10408839054274427	0.8721628873296381	0.4341436296422209	0.11423898410490561	0.23572229306056502	1.0169340051562878	1.9836066098483305	0.49365162974530413	-0.984705808877437	0.41723220460759386	-0.17802915845330494
0.22050987130682703	-0.10942105877414765	0.8628709083636298	0.44142521909460003	0.12553739587631188	0.27722669254048754	0.974904230125746	1.9897194231034354	0.5125722504823422	-0.9957348713770193	0.34888307439382454	-0.16315330016941576
0.22206463216223907	-0.09483750053274234	0.8682231653123428	0.43345320722122704	0.09565016916540214	0.22125495078497895	0.9900128598815047	1.9630244288694207	0.4748957838611783	-1.028932361034749	0.4469269662951973	-0.14685440107413025
0.22409726828750506	-0.12062428330586324	0.8621955853939371	0.4380056725091932	0.06403602607824867	0.26673155725681935	0.9742305038268539	2.016214592755018	0.5368634564571342	-0.9999853516863731	0.44806289222642975	-0.1893072169357316
0.22367749753115285	-0.10511857531455081	0.8642907304831309	0.4380867441762835	0.17450732250585663	0.25023050355685017	0.9942302659305305	1.983075561830449	0.49737901147585434	-1.01306176255635	0.34854945981712326	-0.19661640492411656
0.2146177070994064	-0.10652823684195663	0.8671675798597274	0.4365906125822691	0.06885239226928469	0.22274506888813383	1.0169592943224306	1.9939574759677334	0.4979418304011189	-1.002412092874818	0.4266614412217031	-0.13038056120373256
0.21762410336071158	-0.11227113743970328	0.8687357543266649	0.43050334550258934	0.15902615856079402	0.29045694100275443	1.0093022482385186	2.0105821192486744	0.4997609459820011	-0.9943670872982491	0.29726286328061874	-0.1685944017728804
0.2216385008487213	-0.11007599733379672	0.8632247504207557	0.44000304545937535	0.13292103820984333	0.22248747298212132	0.985102500744094	1.9823782927028861	0.5230964729577973	-1.0265251587713895	0.3913389529332474	-0.1297455985640925
0.22628991954377717	-0.1137423709385148	0.8665950317089024	0.4299634826163759	0.12989716252190373	0.30732603485156246	0.9676559897228064	2.0138322612410007	0.5165081863611268	-1.017565876687014	0.31168246981714914	-0.21270425341608387
0.21998478594033732	-0.1093719113691564	0.8689184862667493	0.4296802801876558	0.08771882276757326	0.23827361447767767	0.9829219546374804	1.9972618078940008	0.49083651930478267	-0.9874329339164801	0.49469343558874224	-0.17500271297246137
0.22263147130005315	-0.1107486719431745	0.8660396159438631	0.4337572400149682	0.11409930235671299	0.2225707099669666	1.0064814257924295	1.9849883243341582	0.508339103273619	-1.0247239254625997	0.4415464201259918	-0.15584940664457622
0.22089246337262575	-0.11246742138511959	0.867070140378861	0.4321423034320263	0.1253901181399121	0.23442049424153863	1.0008004395623153	2.0149745216219244	0.511284573372082	-1.0130224908932803	0.42894636085171695	-0.1788613884918704
0.21980695996350344	-0.08907995939581623	0.8660496660389575	0.44012229793484997	0.11739197128443128	0.28313890721714996	0.9990811636076182	1.9817514049863785	0.47096712838159677	-1.024605172259561	0.33569008895532404	-0.21936282535564466
0.22321683398165224	-0.10836151262593233	0.8672500505777746	0.43163569984591715	0.11272388717021276	0.24999640774463547	0.9854051651156469	1.9889728656018901	0.4888248513990108	-0.9924209005652369	0.45035936480111105	-0.13834835855642724
0.21131758547708754	-0.11205955599285665	0.8674552908121597	0.43624402852166244	0.16209402411824483	0.26767355053413083	1.0024922872938058	2.027085133160454	0.5262036409225223	-1.0112416288802146	0.35016977483782136	-0.16515417715538883
0.21232427861408515	-0.10804616534373143	0.8723491126832089	0.4269091852681804	0.13717741013545812	0.2938994646754961	1.0090354423884578	1.9903866335786258	0.48642447473584527	-0.992063540981774	0.36196915801888346	-0.18264225688664806
0.2183655611539523	-0.11133570902061937	0.8671622335616834	0.43353258503036163	0.13579680102681632	0.2404941294349792	0.9899960470369992	2.0083980307767133	0.5050901449626912	-0.993165765901946	0.42043780236317785	-0.22155973235887005
0.220432797120735	-0.10169607325342843	0.8674845639647722	0.43420942173242993	0.09169205502459488	0.2923518088305365	0.9857100983311217	1.9821823374944927	0.49238654777266405	-1.019877463412966	0.3840646778438168	-0.21346885831591378
0.21283729975686444	-0.09811294476666765	0.8656445092436554	0.4424180348016233	0.13278911618607184	0.28017106869900177	0.9927083635729133	1.9855094201133745	0.5051708376576032	-1.0256805049356226	0.3491675189593711	-0.16021520685539217
0.21546841980374012	-0.10992136127032207	0.8698566957387166	0.42993020745497784	0.1993354278253819	0.22938779021750524	0.982339974825283	2.0157982546602655	0.49418158593128375	-0.9767890416588976	0.3217137850678984	-0.17347203801735103
0.20383571033611642	-0.1248113457662745	0.8676493774031323	0.4359560632124978	0.17959149967091773	0.23814026925674356	1.0412608963059047	2.0219628951466153	0.5372959023142191	-0.9773156872634734	0.3614087804365646	-0.23282381859466705
0.20823118080452005	-0.10748060288517744	0.8776632879880628	0.4180847381359155	0.15379021722507488	0.2600764141917454	1.0030225626594311	2.0118184213830004	0.4699111317781052	-0.9688295883627385	0.3447124208221355	-0.1608462120229656
0.216855700197881	-0.10779344655390494	0.8684079088519092	0.4326914397294814	0.15014594431834238	0.3103988645503886	0.9896561360410276	2.0047644713108763	0.5052787899685283	-1.0106513780399329	0.32764301801170054	-0.19529228337071003
0.2085761203993216	-0.11762091537597508	0.8701224242946455	0.43075316482284187	0.15174791013366581	0.25107255615309465	1.027366075431287	2.022728930869196	0.512023337134173	-0.979428182293605	0.3596342238487759	-0.1961609649280569
0.2233905079122485	-0.10344258254182492	0.8708819208965837	0.4253951021665175	0.15248844166415118	0.2221240162509993	0.9793198791935588	1.9739001181073923	0.46762334901673647	-0.9916196910222919	0.3852857764888467	-0.15427020114823767
0.21152258972664084	-0.11305324425979366	0.8697299995960405	0.43133152655508744	0.06634792336451198	0.23530197024978192	1.0069937101619553	1.9994896775102626	0.5092394653856361	-0.9965744121758042	0.44254918633979906	-0.23928049908559326
0.2092516957975225	-0.1224143382276681	0.8690721062278383	0.43121007847550596	0.20357575483710175	0.247415831918698	1.0185217683184655	2.0386302928102213	0.5344624130794063	-0.9926859909906706	0.28345068924272554	-0.12263133349521975
0.22223661509463694	-0.11245470885869979	0.8643411856524259	0.4368971734307077	0.15366080897315876	0.23678260817330254	0.989567810898462	2.0019055155889145	0.5057773763112683	-0.9886965221304442	0.3861655465088732	-0.20702977047510895
0.2118692965405154	-0.09715583636479334	0.8687232925938855	0.43702629846328805	0.14701003334802412	0.2649574415422326	1.0090707276221824	1.9774708222378365	0.4895715231942057	-1.0227541472002897	0.2955280397203301	-0.18882187028731204
0.21737845925172486	-0.11648000504749965	0.8718876799759769	0.42307314661130296	0.12356572207257688	0.24955872917706898	1.0093312748991305	2.0350994339836803	0.49576106831696426	-0.9799876358680297	0.42864634357650466	-0.1715776964863639
0.21976817519178085	-0.10431373097551425	0.8630104426417419	0.4427567849216402	0.09793239919178319	0.23007875916960943	0.9981468748867546	1.9841741331150333	0.5121746641418663	-1.0262889460367783	0.47058315143544194	-0.10767228618575142
0.21732126599102283	-0.10831919408478047	0.8693390658558701	0.43045093578446986	0.07891530106326776	0.28718320514985823	1.0241654088504106	2.0100225282157456	0.4879845976284579	-0.9967988020735045	0.3803477315870847	-0.16724069739287575
0.2044797232033806	-0.10432151546187254	0.8668321336457122	0.4426139585345554	0.07136248109881697	0.27057045673574887	1.014363034067796	1.9945004185393191	0.5128046754891211	-1.0028218238979068	0.4109458709879927	-0.14592939853665335
0.2112177752270225	-0.10044881015407515	0.8722396761839293	0.4295288526482614	0.10004317067890765	0.2352914136960833	1.003445876112332	1.9940368631063188	0.4684243767002156	-0.9783401028115757	0.4208146394806504	-0.1341278368742391
0.2107881638303868	-0.10331401538471087	0.8707688538976672	0.432037229062317	0.07100129555163813	0.2513968372686038	1.0376707680665171	1.9897468974464727	0.4806145030383332	-0.9991363827624358	0.41878701271478164	-0.1480156902057943
0.22386407482321768	-0.1062529339534598	0.8673965004494469	0.4315304172800325	0.12820714565042488	0.25463743814210454	0.9711600141580417	2.0071688425964798	0.49134106054066706	-0.997213078886602	0.3715385108105278	-0.13086351273836402
