0.22126948086438789	-0.0890444073463622	0.8676964695138831	0.43613501023362283	0.10211534350742692	-0.007533441032764478	1.110293081240291	1.9375211818148304	0.39822255579104354	-0.9599890957023708	0.26440666070816016	-0.2071282194222979
0.203370528251244	-0.10545694745395509	0.8758605441709398	0.42472057595210627	0.10406846476575844	-0.030111507706211547	1.2027143986982995	1.8444038716822428	0.5122706701663514	-1.1743465153186767	-0.024992584880816144	-0.6439258800082935
0.1922924099806133	-0.10405561819866482	0.8689287306595935	0.4440258082808351	0.1543322662230602	0.0250586424036508	0.8541687156100468	2.1894125977526073	0.455604383447249	-0.7484186997643886	-0.24924249365113604	-0.6252175032113079
0.2225129349875165	-0.12259300325409242	0.8656682205630255	0.4313669913468442	0.10314089029654604	0.0006586098409408687	1.0809697608788176	1.7859808018644525	0.5554203194634462	-1.1646480457789625	-0.5022531510812299	-0.6865002492716482
0.23407493654651038	-0.10767538706458443	0.8678567279404434	0.4247818673975459	0.16251410015528397	0.032893519744909235	1.0514939570914799	1.9509025480523337	0.4775512382012538	-1.0605684561531208	-0.20974450739609543	-0.678747708283529
0.22920130294003352	-0.11264014138172675	0.8643186102429384	0.43328085725982746	0.14009228234521343	0.016426214666077424	1.344947147361372	2.074703774944911	0.3919500677153796	-0.9539734860481592	0.15917463682444047	-0.15487977448482496
0.21247786873360802	-0.11097615749529448	0.873833887669091	0.4230269312078438	0.11594375039397543	-0.0011916073369362358	0.9815099407100172	1.7746970204480017	0.45663301596490496	-0.9706745778607953	-0.4523077229911456	-0.6828390882567309
0.2236994339507924	-0.11353284686134577	0.8727421458271958	0.4187958963870051	0.1540769059604223	0.017194261595271768	1.0928406559790773	2.0969384679298972	0.4814210734804335	-1.0185221645661822	-0.2979068610992966	-0.49359679834992337
0.2320571437171671	-0.11914781117268557	0.862769818692596	0.4331068241158679	0.1563723798105028	-0.0006330165158501736	0.8082936215630407	2.1257515793634556	0.4545112834327615	-0.753694610086268	0.28519715377227894	-0.8474389853915779
0.225158163627824	-0.11704987166335984	0.8691529264600345	0.4244718121634167	0.09169880046424113	0.011412775909809915	1.1376473537562952	2.0214882344158767	0.4796093350027246	-1.028076529914818	-0.062694245431364	-0.49081115481425214
0.220861189652478	-0.09480552497019436	0.8600384205350401	0.45007350793399425	0.13284435423731675	0.0026431789415537893	0.8496937977742552	2.386336486097487	0.18598029382707756	-0.2696819424178038	0.495249939702569	-0.4158351367199698
0.2137763756203265	-0.10937020211974324	0.858727648124603	0.45268603519582046	0.09692126532491409	-0.028779974833336094	0.969166135901912	1.7487808056574414	0.4664321180623211	-0.9199719830157128	-0.26737544489074166	-0.8391999230347716
0.2074329744255057	-0.10316066360347118	0.8661982073571666	0.44275287032057725	0.09777155469274246	-0.02436551119296831	1.1042867507774576	2.0513363361898627	0.4767253441217852	-0.9720702788116992	-0.8674269844447182	-0.5243336940373414
0.2184785980460073	-0.10384290337214762	0.8725091616896029	0.4245132699725654	0.1134901042073415	-0.0008638165838381488	0.9801693196124786	2.061380944184104	0.5011394764253616	-1.0302034164686265	0.15726228675638518	-0.17751043331008742
0.21936139729514875	-0.10542093519671976	0.8730161540670162	0.42262252488125246	0.12209813622233157	-0.01391427446440957	0.8707402983996997	1.9769382761332122	0.44498333595607326	-0.878026478419587	0.29738333328038236	-0.5595186071968398
0.22383608477792372	-0.11257470742199904	0.8653457389847897	0.43405194898883914	0.13231457382923772	0.0010944785206454444	0.9530633471369634	2.081408902402518	0.576089432328434	-1.1001736234729533	-0.31647753048042676	-0.43701801701082843
0.22105320014830776	-0.10003865506237583	0.8598286655585555	0.4492464981291415	0.12962515984701622	0.019093403390353984	0.8969611254677277	2.02455213416475	0.43982178694149116	-0.8323137437785008	0.1663963121639503	-0.8349871827876054
0.20571251942221871	-0.11493895571388282	0.8660177714338477	0.4410040990434412	0.138404824875336	0.0043548779405704835	1.010874460735729	1.9512533073685459	0.5055825092396351	-0.9558141375494166	-0.45340529428268467	-0.7022848558130835
0.21862415322820097	-0.09855488703949208	0.8695090097651443	0.43179219053049506	0.10835512864971635	-0.008016635609362843	0.9191922488439478	2.2248608229099665	0.4933986299279922	-0.9511549377503419	-0.11100787521806472	-0.7182585906573772
0.2212659872151813	-0.10907650936931378	0.8680217983083922	0.4309081522400823	0.12141536344913868	0.029813110007990012	1.1690418916460374	2.0637856485931474	0.5225814687341671	-1.1305675637294066	0.6148903397181312	-0.6847270145258157
0.2260226827630397	-0.1140023201271678	0.8669127085631133	0.4293944266219436	0.1208871182611801	0.0019178453869361277	0.8860532769085642	2.099766602399057	0.6195911664233917	-1.1598225308200896	-0.19172545136058336	-0.5114542551364749
0.2129715852801266	-0.11246591881642064	0.873066128219954	0.4239694054092428	0.1265748150296834	-0.007257220351712044	1.0835458031994536	1.953527942365831	0.4644490719729155	-0.98250935130555	0.1461497908667361	-0.28901915478614515
0.22733685717935276	-0.11331589442631235	0.867898539213237	0.42688357554456086	0.11589310034986756	-0.008781653583988212	1.1057578993812163	1.7233984639330409	0.4404925939175533	-1.0269637698970084	0.4621951273879578	-0.16689218726115473
0.20871726899853862	-0.11672689887618268	0.869243459079242	0.4326982107063711	0.13336761558428267	-0.006100359224905994	0.8514752265616057	1.895424636399819	0.5349994756579991	-0.974155493238135	-0.08433546788901532	-0.7702317844815157
0.23211293165684105	-0.11387622038232752	0.8662238266120151	0.427565288112517	0.12779982911040064	-0.014492706982036765	1.1529976020989738	2.0234252507162256	0.5296251513634941	-1.1600089457970855	-0.14213324407552877	-0.7748204070577439
0.1987928980408903	-0.1144411852478027	0.8671114061762327	0.4421565425125571	0.09085101640410331	-0.0237113764402196	0.8813258664518069	1.7315966391227358	0.5032417798051034	-0.9349675939256928	0.39047278165088595	-0.18334946630534385
0.21977725857094824	-0.11212240911740952	0.859117405129709	0.4483790875943505	0.1116839192723937	-0.029891625009155657	1.1638288254851905	2.026979574830038	0.417356190436818	-0.8632678320678931	0.1905440223937236	-0.7485645750558484
0.21411083477088344	-0.1057791970485949	0.86967828776708	0.4320034579630006	0.08433742412901239	0.009298464911831396	1.0676649059450816	1.5678546494390393	0.4718306075107176	-1.0951140424840078	-1.2022008635159134	-0.8090350076219525
0.22574350752743796	-0.10372549590833693	0.8641308659494655	0.4376742359577566	0.06381984740990858	0.004215108221795715	1.1041187692112762	2.2157238961516668	0.4338367583565786	-0.9009264997763871	-0.8599456960440278	-0.5261040290720659
0.22508421643332094	-0.11397616116122414	0.8703212853422733	0.42295081331015577	0.10415259060751224	0.024598196403942178	0.8806213575413335	2.001200714455127	0.48884311140455716	-0.9352750856355285	0.8891963426011346	-0.6368872567278179
0.22221931443452073	-0.11737297329721753	0.8682450466334062	0.42777646081589915	0.09884136572229209	-0.006893282350123439	1.1476311846816072	1.72598082069992	0.36446938149087516	-0.8623453677874376	-0.2839688868690043	-0.4764110204079226
0.22897789104326013	-0.11091619748855144	0.8688671689238667	0.42466052949890043	0.10658959961414766	0.003862335720888406	0.8429127372268183	1.845944260115963	0.4111552386275084	-0.813597042743791	-0.18427259361374226	-0.9069362385117289
0.2226436838035418	-0.09617479205466266	0.862815483655197	0.4435421519996486	0.1101307851256203	-0.0061677845114288315	1.0866209726872813	2.116826919436975	0.5792492603276144	-1.213253657504987	-0.19764823356384467	-0.40614324675333585
0.20805729505119067	-0.09702684242712079	0.8740471443195519	0.4281816709428849	0.14263174823340796	-0.016577107207593197	1.103860995895076	2.2086891043536307	0.47250539530154484	-1.000407592682451	0.3190145189779252	-0.4884714471043838
0.2163799581202656	-0.11278133404089094	0.865852272878077	0.4367607193506499	0.11407354654777668	-0.02022371350203737	1.0835166773148268	2.058473604626915	0.5299274042271659	-1.055801772050982	-0.47661242952877214	-0.6595533266538588
0.20326034574438617	-0.10118976019023668	0.8722314259921079	0.4331953413787928	0.12976791257867484	0.003236318903235959	1.0243111976125236	1.8180633905854193	0.5000232359086397	-1.0627271020345712	0.5217555016794145	-0.4047430768869986
0.22373127096850104	-0.09748350915186572	0.8683201665504974	0.43181173235100223	0.11802768704180007	-0.01382918699961245	0.907253411701656	1.9601553767742061	0.6005581732374137	-1.235202444325639	-0.1998396742414914	-0.40747794580881425
0.22848843080565837	-0.10474231221916623	0.8691374664767305	0.42593679036373566	0.1426300393520219	-0.004321506448486084	1.0267245661846245	2.1122649712525234	0.5025081129699505	-1.056729088123472	0.8115821464909151	-0.3699754257450684
0.20691705899024357	-0.10977687982358401	0.8733006723339072	0.4271771331147913	0.12582714871893955	0.0032481884712930223	1.174106875626138	2.160944632345073	0.4331514779201268	-0.8989068692057215	0.3432876849369966	-0.6196580567992381
0.22066051652102547	-0.0926077222698236	0.8682641246455077	0.43456893133108304	0.09681809389896072	-0.01789076225716924	0.9942255666444342	2.0259411893120087	0.42442339898016873	-0.9210970003030341	0.5105269738072807	-0.731746710275088
0.21716233487682385	-0.10620825026190008	0.868953196607755	0.4318340769234358	0.12007782450210873	0.006126629487650891	0.9358792982659143	2.1840084439542298	0.5489204218771295	-1.0380472440983433	0.29355257282712693	-0.46541337984514547
0.21545269178243576	-0.11434972255177349	0.8618159702563931	0.44472183662045084	0.13494333059861893	-0.005278732891768688	0.907399214790985	1.992166042072398	0.5178826646297201	-0.930958379293876	-0.20715546935682602	-0.7824726988374954
0.21492662166931595	-0.10956229209165166	0.8684211953050341	0.43318273164383436	0.14261952811343118	0.016813503438264262	1.0116226448555152	1.9361533873093293	0.47740305793388577	-0.9692957222191411	-0.11259715350217969	-0.46829481826477354
0.2168507855596012	-0.10586685322142328	0.8704784165338206	0.42899332458670003	0.11444161694079695	-0.002481437644224533	1.0765217683826687	2.0374523623793457	0.4463433462710039	-0.9470500983574563	0.369678885225119	-0.5312966083676119
0.21728761542772024	-0.12283746385988854	0.8613584606521306	0.44244621358668845	0.13791302539529915	0.016683830085567047	0.9454931804074533	1.8691968751723602	0.49449894992020926	-0.9080819248361611	1.277592878546445	-0.4902872803543808
0.21141449099237503	-0.11146783186376549	0.8704222589239418	0.4303997288890512	0.13718949459567123	0.008323178714032991	0.9241368571517903	2.082128437933933	0.5235356190296784	-0.9734732822627243	0.11097007971694746	-0.3207031561499121
0.21753174299321582	-0.11316288527470152	0.86822727455533	0.4313415142376881	0.11139969288539485	0.003894509261058302	1.1158965871509159	1.7201802747131802	0.4093927897182924	-0.935519395291273	-0.40111416277072487	-0.6375462878246856
0.2276323016072752	-0.09266309072131643	0.857479903140668	0.45202356420082584	0.12684831660765447	0.0003873396812662845	1.2811147444978428	2.224572656209756	0.4424160790652686	-1.0283760703961276	-0.3300904192088972	-0.7013582659711103
0.21663528978638227	-0.10699914884149797	0.8694978590000434	0.4308059964307668	0.13226104211271827	0.014266787220874407	1.0097123444267193	1.883251644000984	0.4895652261847016	-1.028093673373371	0.026036672218554168	-0.5104549888662014
0.21806921072855306	-0.11436901845784025	0.8687296151022639	0.4297375976028724	0.12632297386482885	-0.007844721000333114	0.9964975574057917	2.0091586337027896	0.6217663358202028	-1.2278813106364097	0.06478518425754083	-0.5218768428911619
0.22260622261491997	-0.11320497410713247	0.8658683574503017	0.43347790146308113	0.10888934450606545	-0.00026242815599188243	0.9240383678340809	2.0157565198472174	0.5463467174750731	-1.039424061334975	0.1795065644509274	-0.25727588467988727
0.2056884011997986	-0.09412140390706175	0.8695889332243474	0.43891745254908254	0.13508559852271285	0.007485923050045849	1.0156001991799004	2.038253120608535	0.6192252407903042	-1.2656715957317557	-0.6818945562670548	-0.44960663586303246
0.22005051492738126	-0.10622183135144202	0.8647649530193662	0.43872117506903346	0.1364186150672377	0.009200041845733163	1.107477950912608	1.792897335536618	0.3798246866809928	-0.8700636166841987	0.4348924110496731	-0.6372845525237838
0.20566483271450692	-0.10449073392973458	0.8748124829661154	0.4260126556265661	0.14612750346492626	0.019639457838295585	0.7898738146995518	1.768700900108089	0.6484509937237347	-1.2790921291085728	0.43514172006118673	-0.967054610078654
0.20920182589075814	-0.10548200525957467	0.8674952961141509	0.43881665172394474	0.09226518832744056	0.006317260159206167	0.8773813938611045	2.0754494020240744	0.5439481527262342	-0.9947199746481434	-0.21602585504946514	-0.2748049420409337
0.20888996217628245	-0.10185619386448337	0.8628667578605365	0.4488332180807015	0.13108997466810177	-0.009390665990166738	0.7006844776826483	2.0343236339344735	0.5941247514730182	-1.0066277883792676	-0.3246979890916519	-0.5615486252756194
0.2175787585050836	-0.11077481410780182	0.8615370722908936	0.4451317754049963	0.11648699931654478	-0.015197738301439064	0.9952738864870496	1.8374488758848984	0.3356772094388152	-0.6789130228130286	0.03554167232209458	-0.9167922573939257
0.21271161905823327	-0.11078622465821227	0.8686977321545682	0.433410232566232	0.11666719169693791	-0.0013671010659612986	1.0430918259259434	2.0553200039567936	0.47949123939482374	-0.9476231265576859	0.2540926505343927	-0.656821977034641
0.22146660371813306	-0.10271686177563263	0.8680475000606248	0.4323139222636956	0.11122329625816917	0.006229735597798565	1.1434590841385903	2.125570730775431	0.5782604451453931	-1.2418373571887074	-0.8755625548117107	-0.5813310895994868
0.21057164303084802	-0.10655672111583538	0.8577884909562408	0.45662254994617435	0.06860416811320909	0.0023036092360406166	0.9965425834186192	2.057366966425868	0.426496955949249	-0.7806480677519019	-0.8578614573593392	-0.6041771968241066
0.2201608545683909	-0.12044853718932608	0.8688780619887062	0.42669926341560205	0.12267394931527646	-0.014443965434032452	1.2015691388737773	2.1089026863268865	0.4387601747058273	-0.9181017373573516	0.12853041198251233	-0.6078887808155676
0.20834153983239556	-0.10682954671853322	0.8714728677149265	0.4309481309448983	0.10387496224022885	-0.016798459713901318	0.7415802732822967	1.9788516320550629	0.6642344649780114	-1.2112002111583724	0.3640426360399956	-0.35218365528535694
0.21492674251442917	-0.11199656064912927	0.867846282414563	0.4337119964378723	0.1275076390089124	-0.01203579841795696	1.2600065135997562	2.072022207758165	0.43222430593137345	-0.9542138449667426	-0.5470588171507483	-0.2940262867168693
0.21757906610507438	-0.09548076719684781	0.8697799017337612	0.4324646755844386	0.09177262660549261	-0.004499573066060885	1.265017512418965	1.9775476953766755	0.4067530850058823	-1.0179079147844288	0.13398506754756845	-0.42707865592424193
0.21191572918081195	-0.11270254108676289	0.8661719055268	0.43833331043216833	0.10968103252190588	-0.025635725879661383	0.9558073998476688	1.8834707769011085	0.5268218077197374	-1.0188523616904266	0.2856201731089074	-0.673790297889186
0.20672900023990784	-0.1098715916666442	0.8692506187975411	0.43542475299934247	0.13441595420284	-0.005719211249730064	0.9136128260362729	1.904528773155243	0.5602098879268037	-1.0715501288667602	-0.18584331431788192	-0.3928969851410506
0.20427491813609666	-0.10719876956124232	0.8731865566737763	0.42933136255023424	0.16345504392755958	-0.007575793506826307	1.0097202128261646	2.1902396716187686	0.5594208478515598	-1.0713130229028798	0.4391240308904136	-0.6823788478724756
0.2160246423899224	-0.10038169271914867	0.8628166908906215	0.4458746769751586	0.15700291884637185	0.01466478154203471	1.1642300305156892	2.202896150722028	0.49509258754906127	-1.0261764195386949	0.11592256322363009	-0.3077367603613213
0.22224179048950896	-0.10823446702656692	0.8673358015016279	0.4319982571041473	0.10252890650149933	0.022327114942681622	0.8605379426358893	2.0209668293801992	0.46487400606226903	-0.8697051156248867	-0.4291226332308264	-0.45643468705751933
0.22078042045676244	-0.117642388179468	0.8694435215393506	0.42600966808233287	0.1359914178986526	0.0035857942292585134	1.1657124797637666	1.8397118174898925	0.3907706576761769	-0.8936215416901946	-0.2903688671029114	-0.5665098730972247
0.21821180440353138	-0.11126032347501166	0.8635883741272893	0.44070383355647785	0.11865507385418034	-0.00020483438552955065	1.076968722436636	2.226919686999168	0.4310758945098992	-0.8157669322834772	-0.4791978226413507	-0.4338977083205477
0.21785738313431136	-0.10845116232264561	0.8757721997494626	0.4168927441809515	0.13424369079799406	-0.018319496018773616	1.0008613184385498	2.1848269721853377	0.5694105599095137	-1.1508282368001492	-0.6039424625152312	-0.6245294905053288
0.22274230745505785	-0.10816467896144917	0.8605640125775657	0.44510206352157294	0.1436896561711857	-0.004685429606264464	1.1516446440678187	1.8473206514751872	0.4361130719785135	-0.9705826837189574	0.3993609454531082	-0.4734564170097251
0.20324058207618767	-0.0992419989357132	0.8755860088388733	0.4268412264181953	0.1457612953547261	0.0017926855076135708	0.854796203311796	2.3870487783887624	0.5988606017627387	-1.0804667431296489	-0.18919133037588	-0.6823874697011613
0.2264099449455122	-0.12223282274325747	0.8653801065524682	0.43001737762237524	0.086722274541357	0.009275085453116592	1.2224873426881568	1.83118726180635	0.39604868647581637	-0.9201599262400159	-0.25651445245760496	-0.5894963534595087
0.22004762333909222	-0.10352832759623512	0.8728057198283895	0.42316793862814145	0.15886456621962874	-0.01960464250953415	1.1276644351673595	2.2332412430191244	0.4262141999062531	-0.9191110760541987	-0.335126057838127	-0.5039842930089656
0.205311848285353	-0.10608106263098681	0.8740596318498903	0.42733314062352684	0.12810096630475298	0.01335996593722281	0.9511326451448897	1.9123051695925246	0.47091660156984166	-0.9454652351201758	0.3680882577465556	-0.520399423813903
0.2164096488395528	-0.11603679072224875	0.8683820245844907	0.43083057745076964	0.14640446605414276	-0.00026582617619792245	1.1690291333568423	1.9393600424295152	0.488620068384556	-1.049742002452339	-0.3796300090931442	-0.5167695843654078
0.22020887435693196	-0.11774475990480694	0.8666251744067313	0.4319780437174035	0.16090793588577126	0.007865350688236945	1.2302133180103274	2.137738835319903	0.4397642175069692	-0.9266838710689916	0.8031800365897485	-0.769915673563944
0.20523984745551677	-0.10635939693699892	0.8688092972892179	0.4378751975659839	0.1245544606706125	-0.017008285703319522	0.7268138191226726	2.1665336460872266	0.48084495869678057	-0.7684895556192088	-0.24335952759921442	-0.505649184500251
0.2036549775188768	-0.1086753183077698	0.8672369832219491	0.44115115352289797	0.097473059841708	-0.0015926249870555486	0.9423314799803667	2.0361521421981634	0.4683617035265871	-0.8541553207064905	-0.2657610012761766	-0.7058949734337524
0.20817119030735456	-0.10693936269989378	0.8638334272684571	0.4461171798586005	0.1405959468070734	-0.0042548262680626985	0.9897413462499081	2.1003767523292534	0.48000219439004344	-0.887804015131967	0.5274475976920305	-0.578683258906064
0.22222952221318532	-0.11135353794471603	0.8715538402608564	0.4226207905092314	0.1296908868032254	0.007056738650169633	0.932135369937877	1.8655389968520335	0.4997838173919529	-1.0292965834691483	-0.11566129397342485	-0.45703317888299616
0.2159826729012797	-0.10548476074036088	0.8703448802000118	0.42979557904612603	0.14324256880010414	-0.014069927153111644	1.2003358770887176	2.143210269409273	0.4498219869998659	-0.9880883208646376	-0.48152713564363653	-0.8686270042731085
0.22353150047201223	-0.11092925528081225	0.8611436299409885	0.44289955659453195	0.0791452208513738	0.012053826347538127	1.094195528680214	1.8581475048747473	0.4180985348674011	-0.8997686574149111	0.04990005436321641	-0.6012826137816131
0.2088575014188724	-0.1012332288987076	0.8650705236090158	0.44472841898245113	0.11909132744609212	0.0017949682231078146	0.999258295959806	1.9545412579418686	0.59048355152609	-1.1729585096085748	-0.3461030062209684	-0.973063019830437
0.21884164405167858	-0.09687520702623334	0.8687299129217103	0.4336264146560036	0.13022978973632618	0.012415389222705983	0.9863470665048496	2.1077866410842	0.38720220511170056	-0.8026164287597396	0.37768880284700646	-0.35347921782127917
0.22799033984843534	-0.092041614919229	0.8700269978703333	0.42731928231193866	0.10273313827540731	-0.007157290021957085	1.1466972903787667	2.1530284029684092	0.4894230870411276	-1.1445282558308572	-0.01087121599912629	-0.6336628053813954
0.22000512206509157	-0.09984723021425893	0.8662296705437937	0.4373493280585391	0.1124180389585332	-0.012416087186686943	1.214773897672743	1.796145009745458	0.36517168365393604	-0.9242930002217694	0.15746882488747094	-0.3120685277192692
0.20315177311362498	-0.11083800934602372	0.867547198174576	0.4402342009708512	0.12637087003954103	0.0007266620820034842	0.8054959329313983	1.5395950787585182	0.5651805422606062	-1.0978544332026505	0.18204747338289273	-0.26668099427183645
0.21318755033370498	-0.11657533631850248	0.8649086406330901	0.43919733913488374	0.09338325048498185	0.004918443437872907	1.0932323364527643	2.1666412067367053	0.31920398947447387	-0.5841767746669593	0.05568539464697401	-0.0562192706982799
0.22118579218249007	-0.10705379746662269	0.8642916599132395	0.43888068582360384	0.12539529458769536	0.005898023622607505	1.1277890144029534	1.7473071660583368	0.3341227783820538	-0.8001595449156592	-0.18856070641790143	-0.3818072056308499
0.21155995218034696	-0.10150883357075229	0.8676772277560614	0.4382631307492232	0.12234651987263499	0.02702494018011463	1.0797656665547142	2.104271257004726	0.5094306913280346	-1.0424204773320584	0.2708356973540476	-0.3674339244101092
0.19796035524423888	-0.11419072934804564	0.8616317560826797	0.45316982687775426	0.13221500154536878	-0.003497006957916936	1.1166437063404715	1.850854822964144	0.3362234581355004	-0.6606828468017734	0.5304448814706979	-0.54989052036343
0.22185103438606435	-0.10424023918635343	0.8669651406829747	0.43392111715927717	0.1286123500166135	0.012942468251800779	1.1586271338347178	2.1130477681419655	0.3981370852016076	-0.8802268023485119	0.05942844568247424	-0.4239619381294067
0.22088407647244102	-0.11051254153880859	0.8675793869761063	0.4316285558413781	0.09076922543942172	-0.0018034903723922033	1.1465046091869522	2.020659737339377	0.5143384184033594	-1.1031841427210303	-0.014441232243302682	-0.5825991747520737
0.20998665448500012	-0.11250600492534003	0.8686123801084538	0.4344658063832683	0.13974825493269327	-0.01903016144982461	1.0518673494765074	1.9697377981751973	0.5685062426206873	-1.1349163237250042	-0.4070128743301968	-0.441802270437147
0.2189550709751887	-0.09983784911459707	0.8740124078577719	0.42212959110808707	0.1184749602782172	-0.0056361985820116145	1.1424530663155485	2.013297276189976	0.4678440698981715	-1.0850794500550778	-0.5378430749838384	-0.8783975771451057
0.22227093970396475	-0.08627348350486376	0.8678769697200519	0.43582345145321433	0.10916939461315155	-0.0003607912555231044	1.3520663047086887	2.4012546581530922	0.38802078684522034	-0.986901340875437	0.7934071866068436	-0.24220017862718457
0.21729444787411573	-0.11917941908093418	0.8674585874852175	0.4313872830633346	0.09541244186466069	0.010091305925844538	1.0508446916723935	1.9150891073945824	0.5037241281412089	-1.0131576604364434	0.4060430951374903	-0.5789817704435365
0.21079289255429862	-0.10309819791482387	0.864199618539683	0.44507992243098804	0.12708748514745621	0.004106846207528668	1.0947156026207376	2.1817686221371297	0.37008989917106216	-0.731673994867327	-0.33474631441190056	-0.2845415258518846
0.21188216977490024	-0.12236951229701756	0.8641126145514402	0.43981932422842085	0.1124262028820583	0.016862918491103194	1.2190505757622323	1.646497401600394	0.3655179635535658	-0.8473085643320704	-0.27852219249246046	-0.7426685546539579
0.2194688549968104	-0.09480220050932252	0.8745133381511356	0.42198623894712095	0.1312353588593589	-0.005323562041675583	0.9857478100844248	1.9319561044167977	0.5539949198005052	-1.2267300496191977	0.691321737486375	-0.5208541971370236
0.19251235888210133	-0.10764093593148992	0.8693146601383136	0.4423171286057667	0.11184512486062333	0.03070150883899933	0.8795476460854795	1.944274066987979	0.48350073436165036	-0.8599137672699837	0.14143720818075642	-0.42468194950971405
0.2234153753132532	-0.11246087528095579	0.8639661057512786	0.4370362567541166	0.08895080659242575	0.010319890504361759	1.3331771909475518	1.8650909194978413	0.5053610980429776	-1.2006266687363654	0.26477219508490796	-0.7618652457764097
0.21608581810108593	-0.10182537328998145	0.86770070973446	0.43592888284243647	0.1181297148200167	0.009962738922221607	0.9452036750403738	2.0471684670173045	0.395894917552543	-0.7783602563333347	0.8460618278329254	-0.5497937517029606
0.21593862708342873	-0.09698390290894038	0.8671848411254671	0.4381267889915789	0.08472341763100533	-0.007471876714123759	0.9279120603497687	2.0966060972496634	0.477754590986944	-0.9388527787147307	0.6040309503609308	-0.40154401829349345
0.22964413312770815	-0.12340551887346667	0.8634066381266083	0.4319301185035632	0.10728118021177879	-0.006920164848205127	0.7823105685902001	1.9660574948265934	0.5608453200097836	-0.9753157774562758	0.6503243542510108	-0.5236301608356828
0.22029741057333974	-0.08717089973393702	0.87129699480286	0.42978114428364844	0.1228962964506189	-0.0006006939786201055	1.2044819683701784	2.106671618843032	0.4473995381425455	-1.0971204241671508	-0.3279736101153638	-0.7495737728905892
0.20442225393080257	-0.0980396780745702	0.8728199561051415	0.4321864040498078	0.0849951711144344	-0.02005012468132155	0.9452883273149736	1.9892192571119132	0.5406631645548872	-1.0877647932615246	0.16405399816701052	-0.32002507130793223
0.20329850363541796	-0.12286042704229533	0.867180920063553	0.4376897140261747	0.14885940287373808	-0.016933712053019443	0.948868676775096	1.9138356922332573	0.6028778691372302	-1.097976675124628	0.3091336266702644	-0.713759603118664
0.2242984636029168	-0.10775537786655895	0.8679343753636322	0.4298475285823427	0.12883100310386908	0.014401927303196812	1.0929733857050337	2.1559600495124167	0.3392918219820211	-0.7149488516628376	-0.5191765162743104	-0.3798922929810084
0.22208737635064993	-0.11377352282942711	0.8625678872077214	0.4401243264427385	0.13520590999524487	-0.010924039321377416	1.175468701919187	1.9632462673562692	0.23708442500653248	-0.5502825292524307	0.007614949300963227	-0.48469740530307587
0.220971067008489	-0.10993435912247564	0.8699837251317643	0.4268659534740614	0.15843569581461941	0.015571496170711152	1.1819251507091149	2.1495114754400064	0.5012463004058505	-1.0798289605475928	0.6111485393237782	-0.313830580604791
0.21894708647121616	-0.10287640757201044	0.8669001458408588	0.4358471695811972	0.1122946034419519	-0.00014543454689472705	1.3980048547033586	2.1909909672061514	0.34222888590425	-0.8658220301051409	-0.09239870025638176	-0.6443440459455965
0.22502804581509184	-0.11122459869338494	0.8662672328308806	0.43194044562377515	0.1428662487289169	0.010311005425791603	1.2511114195174111	2.091024310407832	0.3071225206319142	-0.7292949695429927	-0.40017222883555753	-0.6738512322998438
0.21490816897800094	-0.10364659495952724	0.8744849542711071	0.422312593955329	0.12452209768534793	-0.015830874703500166	1.2412767225646155	2.0071384189389385	0.48900302559095904	-1.1516427412763655	-0.18598485673518692	-0.6125891416919179
0.22220408635729635	-0.0977011237604306	0.8706764218809768	0.4277878011381432	0.11981241669775344	-0.00877279949850446	1.1518533688808847	2.0787579446326543	0.5899170053461785	-1.3241994375427257	-0.3083672377861028	-0.49041049208606186
0.2308358105870699	-0.11277375485608211	0.8635650179614985	0.433880592466899	0.1291576203145575	-0.00782867615706246	1.0997054595075924	1.8596224275660158	0.3229172559588866	-0.7444325672347595	0.8765474842799126	-0.31528198082995773
0.21190533721311916	-0.1056311077287476	0.8699337165542119	0.4326124431205926	0.12074317795972	-0.02022635333587683	1.184322656337195	1.9793780461054287	0.45934799913734775	-1.0205039529905924	0.14392556098689524	-0.7972241048641839
0.20761575732828025	-0.09957908448559119	0.8750750408514383	0.4257033898395337	0.10913041644940528	-0.0006710606759367825	1.0103431039135466	2.086178344938982	0.5723341849964142	-1.1812421308735315	0.18216854374978061	-0.44359553553976144
0.21933754065339084	-0.10405639888878074	0.870117430797563	0.428904378309046	0.12387790904296274	-0.007899992737784321	0.9513297115825484	2.0437090117094914	0.571895865393946	-1.1508809543525604	0.18193944263835604	-0.5982119898158272
0.21763214961890634	-0.10327269824370469	0.8676677903424662	0.4348834359365056	0.09689288666932588	0.016525535732842336	0.8849052110978921	2.1707179254609876	0.4493022442779368	-0.8237908871579273	-0.9763627786835142	-0.38589463047445616
0.20897979699080443	-0.11091591311708393	0.863312019613059	0.4457773675936304	0.13140577636828463	0.004949592569488987	0.8933153398420713	1.9056494316889103	0.6112966317336878	-1.1284954730034573	0.06676643704255737	-0.7471399251175016
0.2219781746801693	-0.12106702790838897	0.8723590199802055	0.41839957573862907	0.1440565563050322	0.012127616827814372	1.0765077915531742	2.0851207264019838	0.5280065080911421	-1.0686748536360005	-0.03182930180752619	-0.6463470583422625
0.2329869914954203	-0.12126479470289184	0.8605072100901376	0.4365080213953302	0.0860538410308564	0.015462994956508859	1.2032185305128493	1.9536104138088486	0.31145600720306427	-0.7134811374241188	-1.1575564532098903	-0.503637180703238
0.23727142370127252	-0.11111066365326688	0.8645450866563723	0.4288571849178087	0.1102449524797529	-0.007396183063847105	1.1126805778974194	2.147263014138906	0.5417835494854578	-1.151478416146696	-0.3418436264042089	-0.3960540353952456
0.2261361072375622	-0.11071683094388991	0.8696386027374655	0.42465626685357255	0.14154304527918093	-0.013037607910783629	1.3533413939611618	2.153376499239508	0.4391990559627296	-1.0586651398107028	0.03008614114128673	-0.4909365897006938
0.2249380411801159	-0.10398950079587978	0.8610212867422423	0.44410742521490176	0.10293030590539042	-0.012668692662967884	1.2161543253513876	2.1778858004719024	0.42443976854859305	-0.9289054106591975	-0.033386119225544554	-0.28719679675590276
0.21531448427737787	-0.10921864737955793	0.8720745853605968	0.4256722653557426	0.15919044257035384	0.009313088092184209	0.5887433255312772	1.582314300282937	0.5180254878207275	-0.9530891096715192	0.3844241199512681	-0.6508288496336684
0.20286291928745334	-0.1094249869791918	0.8744058412995618	0.42695108959221695	0.11927919046053548	-0.007910505592172197	0.8254496749678494	1.7706058318843434	0.6044068722200714	-1.1762506819226421	0.2371490872346975	-0.45378604936261224
0.2255493511233668	-0.09841088471996294	0.877955648937142	0.41065394978719527	0.0963652166833089	-0.05422354110449474	1.0560237741623488	1.9292584477342531	0.42517191497241597	-1.02667350716123	1.2816032524692624	-0.6187265097811389
0.22360404468571712	-0.11654778098266647	0.864592179341726	0.4346242162711703	0.12024118587686877	0.01885481875120387	1.1452840900885974	1.9534281777494737	0.5189789818523554	-1.0977934190553347	0.26889879288492874	-0.45655191687195246
0.207823956099857	-0.09917154506195677	0.8689447057486069	0.4380745441959573	0.13776813425419174	0.017602094884403504	1.1281850780640397	2.074853549283607	0.5309000707294085	-1.1185773428529577	0.16911491384341348	-0.5165303200320452
0.2147207384504341	-0.10081388509075308	0.8675434490161033	0.4371497788189449	0.13042830227025856	-0.006052418434589101	0.9256064981929801	1.861873497575632	0.48670565635733054	-0.9911534552548555	-0.45705490525015113	-0.29401262982832166
0.22048045773984026	-0.11209088048367165	0.8648859307860862	0.436802391242895	0.12489019432377592	-0.0098360944465916	1.0044949436154826	1.9856074559058006	0.5506010731693723	-1.0877004066902773	-0.04553247553135864	-0.5367513032825258
0.22589064322031063	-0.12973811014865017	0.8618010399326104	0.43524752457842025	0.11371786530824551	-0.015981188710582402	0.9338126363789233	1.9192191236862108	0.5719082938742541	-1.0449567469869925	0.2859170867688427	-0.5271032547834199
0.21469345332265125	-0.10852794203725906	0.869823828383793	0.4307376399541995	0.1260310005532872	-0.02152821302931575	1.0536972678461693	1.9868298485381135	0.6005004507172622	-1.2372379427909845	0.07375849565858505	-0.714635111889986
0.22303956248448809	-0.10146701096551088	0.8582237385333108	0.45100977136904746	0.14948337117650287	0.015877643447630336	1.150248988829264	1.8929089835728905	0.42898534456409004	-0.959288796555961	-0.049289244618643924	-0.6478628379507991
0.21284496839159855	-0.11363034590115666	0.8711764091514432	0.4275942329577888	0.14812649426965238	-0.00017646468780445294	0.9941295995794466	1.9655253239455819	0.621787887779952	-1.2393504384436655	0.0050371531721393956	-0.6441527094641316
0.20870036471540368	-0.10408010635305236	0.8756002181686153	0.42300797530574774	0.112768710979909	0.03425749551881683	0.8275673689877066	1.7566542327037593	0.5736915381602121	-1.1635839442217635	-0.19999201145791123	-0.2574253167026141
0.2125478555688415	-0.10470153549434101	0.8635467776474935	0.4451381362822608	0.12992595589739836	-0.009582546240708685	0.6820371170061258	1.9729773513207243	0.5232757084012899	-0.8767274435970726	-0.46393444282045343	-0.40260184413681
0.22570870150521183	-0.10321509717637754	0.8608686129472087	0.44419304026746204	0.11887885075692144	-0.0013056557927371834	1.2066471718629392	1.8802418203525684	0.3859007950580475	-0.9241281809886466	-0.3752012895812144	-0.48187748091952526
0.21095492883057884	-0.12546824057285474	0.869657775274306	0.4283119103113782	0.1320417239359075	0.02794386345419217	0.859417509220726	2.0955370666276694	0.6651702995791204	-1.160008679744061	0.25818315732223657	-0.2731892080333178
0.21283710916075246	-0.10289069495662957	0.8653810034526687	0.44184792487765295	0.09002806774983556	0.0010247809605709406	0.7416471509243647	2.215300103933455	0.5656495448135924	-0.9492375441127424	0.15700394492038197	-0.6727246527092935
0.22155742728716138	-0.12096279862340394	0.8685505708898558	0.4264976126193367	0.11898441722621662	0.00720897330446198	1.114714180354163	1.720473161956584	0.41153387343770126	-0.92919145693225	0.7594591022547913	-0.5600334102257064
0.2081828211662575	-0.10803168170672878	0.8696086000037428	0.4344766409352804	0.16612216181679632	0.0014756500117173758	0.8010873375514728	1.6963418247023774	0.5383893212729641	-1.0396461011500167	-0.38663392366125887	-0.43817047911830054
0.2188854883030544	-0.11093448127441372	0.8648683644387387	0.4379330954241426	0.15595989269493649	0.010435218105435656	0.8524082718692323	1.7845215358177862	0.44983283947153613	-0.8623715038058645	0.3587203335028846	-0.6309025864111364
0.22513309856081284	-0.10811260217063817	0.8655581697891223	0.43409193484284603	0.10188523513261516	-0.008422346771503816	1.119020769204578	1.98800960898339	0.474007679008473	-1.0303829773478648	-0.5342096841690009	-0.349852255403906
0.21843898254959665	-0.11449577309358933	0.8626522304442584	0.44159512922579247	0.13351416361019364	0.008312064392307819	1.1113126799345852	2.226921283144817	0.5356703083891796	-1.018756987357541	-0.29435958043566407	-0.5036171079925778
0.22668267722662777	-0.10305859707080807	0.871199025060841	0.4230911818369715	0.11524406277281903	-0.021401847929746948	1.0805363632101856	2.045318157148939	0.44154067833624594	-0.9899073350732495	-0.1557031945707535	-0.6942545031557255
0.21065033792742655	-0.08864021050090587	0.878366862992121	0.41981067424589946	0.12549145547675597	-0.0036288719111291557	0.6491029838042515	2.156979816207448	0.6036302436338182	-1.1332427940180856	0.07501016887782107	-0.6315609122104341
0.21446280378565505	-0.11243514498974559	0.8613268781889086	0.44663189862892627	0.08926771997029037	-0.02148683255151036	1.2742604365390935	1.8558762691009147	0.45453674819602075	-1.0212447170028285	-0.6307826043254404	-0.23133878243962583
0.2053975276718304	-0.10898385324854762	0.8725095157895552	0.42972260845116683	0.11088438572086977	-0.012597010305016053	0.8332861604280813	1.906633404527829	0.6736561427853417	-1.2825344679302983	-0.5378564062973662	-0.4968226758516299
0.20464027205105131	-0.10673543981980134	0.8711363295063927	0.4334182741365144	0.14664254628693354	0.015996860873321563	0.7743427234676817	2.149125718768612	0.3996205269826265	-0.6395618329514885	0.41159197409956555	-0.1884586815207839
0.2135611240452522	-0.10819298508269248	0.8660444084280094	0.43892255228685173	0.12109909680205587	0.0055416990117968835	0.9101203514223081	1.8223777535975556	0.3896128623082852	-0.7623665616325664	-0.35189689795201806	-0.22918679473211098
0.21449481889305264	-0.10776321504414615	0.8684709399664143	0.43374795513666514	0.07986566429302637	-1.2978314064276327e-5	0.9037169051394951	2.0815788385354312	0.5906244932196466	-1.1123168858091486	-0.19855632340253168	-0.26274000341003767
0.22600208020181606	-0.10756094469945082	0.8661037199737774	0.43268701062939036	0.10708140336336626	0.018878502486009734	1.0623309266508068	2.03130908876035	0.4771058148529868	-1.0049356350100649	-0.11942072984163411	-0.5719064030202105
0.22344387812832084	-0.09720638945390815	0.8666352302934865	0.43539307388894777	0.12958679540725285	0.010017945935021486	1.1356197722136	1.9543037100532255	0.48102585404648257	-1.1039459721705311	-0.8455384227850602	-0.533712825255411
0.207193890816174	-0.10908405342430604	0.8750637834250851	0.42359737467877945	0.17122146329536	0.014837362084313547	0.8003504101327024	1.910110456386186	0.5527431970236975	-1.0414386491548089	0.3301267273399881	-0.7199896237129315
0.2091981997071982	-0.10157613975182765	0.8718492234885523	0.43104214709792904	0.10300128257548763	0.026952387594641847	0.9162595363958274	2.0494768766208162	0.542153009073893	-1.058313157739071	-0.2415830011984865	-0.40257752725208945
0.2208135834432541	-0.12037054989570939	0.8648665522119997	0.43446304670211244	0.15069012792790817	0.0038810352759619756	1.0933824417249534	2.0943109348059084	0.5534035620323636	-1.0771009649381318	0.12356909489819491	-0.425668302752489
0.19978914139119788	-0.11861341484884767	0.8664648896222835	0.44187526730052146	0.12144677081367582	0.02614129084581361	0.8537199703957373	2.1268129407951957	0.5244249375342328	-0.8434308444417788	0.12324171070759517	-0.6832692146343197
0.22102179625508245	-0.11155767086816118	0.8634320299976521	0.4395331400756732	0.13088024167691328	0.009678953367476466	0.919448755005694	2.13066120404427	0.5868093428187426	-1.0743139779489765	-0.3820381304416279	-0.7641962990247375
0.2063489014658966	-0.10995181472922794	0.865958157633545	0.44209410596555515	0.11649146069197369	0.012850146869390107	0.9221359643535316	1.8031732828198979	0.524466223392804	-1.0092542901131965	-0.10239241135427135	-0.9492984213597774
0.21863652166800782	-0.09819562094942957	0.8738294519758147	0.4230576559748304	0.12170810030385487	-0.04440128527328605	1.1411050005547245	1.9421444509939454	0.5827134353050181	-1.3425340533389025	-0.31225971736013164	-0.6789025987185303
0.21678840386447393	-0.10342791686110124	0.86843828672221	0.433728482023788	0.12154875522603499	0.018575708789009673	1.0150016324577331	1.9041787039888052	0.45470449228975085	-0.9636861647504009	-0.15686607040105122	-0.513194175411927
0.2243027841978402	-0.10632660119849006	0.8609249810652078	0.44406203604512967	0.13111645587667678	0.008536543804385153	1.0483997314977935	1.911474800660375	0.4625126805216227	-0.9685743110298879	-0.46417591245469597	-0.6804152145454337
0.21224475063860276	-0.10693333708727387	0.8690578704918834	0.4338845986916908	0.10798153680375755	0.01040114138691614	1.0271997181425332	2.0355829724318104	0.5222024466115145	-1.046753481133855	-0.5276626107521424	-0.7840467060065989
0.22170555182218057	-0.10710671289108988	0.8608814773622305	0.4452615885965369	0.13980384708939866	0.012346485643150204	1.0511554677272825	1.8777336467049521	0.44759954795868073	-0.9371104430282116	-0.04840332099503767	-0.703539345767885
0.21354717611816795	-0.09850404023001863	0.8687439530816464	0.4358652333168971	0.13453409806381256	0.003445416956467224	0.961854779423022	2.2504901338154197	0.5039072318175333	-0.9670084458240907	-0.16385328285853631	-0.36805896886026207
0.20228559030026316	-0.09775721162735738	0.869734761168763	0.4394149664570299	0.10846470041001459	0.015054663976766273	0.6706066694246329	1.9313440218873634	0.6128972629706875	-1.0921551403022363	-0.6056290260228838	-0.08269804680599606
0.19510090888069492	-0.11695566714048196	0.8720208802751778	0.43340119017113415	0.10429857613957129	0.0033972021845513323	0.8126921531998766	1.7848006158508523	0.548620119252022	-0.9880513483307608	0.34499343460964016	-0.19160329570387533
0.22023576972379105	-0.11133166120518322	0.8686809133629896	0.42952873909239864	0.13186077586100198	-0.0060477422262663035	0.7648089119382003	2.0984863635745925	0.5427336393459952	-0.945856756727151	0.34063560629786105	-0.6365196439028048
0.22629409889154553	-0.10708073501993175	0.8648199043874464	0.4352140047950464	0.16358844885504464	-0.019543058241842434	1.050657627676897	2.315887417632043	0.6147683078756135	-1.1981107172279508	0.24874826440924658	-0.6892563280866252
0.23174293585254993	-0.09974460675579917	0.8635899759543039	0.43653015764872044	0.11580125152395172	-0.027921424484149433	1.2356170971098839	1.704934687120036	0.3994349272754174	-1.0565947963095546	-0.48802050273506997	-0.3619558264182016
0.22088235195856148	-0.11502541930083038	0.8603366501172741	0.44474822987046186	0.15130333180986685	0.005656171978891751	1.105716273317416	1.8765161371383166	0.4908006472570112	-1.0132472936830759	0.4907120513569689	-0.15198040100693816
0.2230454133642319	-0.12293061857429625	0.8645293415225068	0.43327569080295836	0.11839466505668146	0.0012790368538968021	1.1804086270811345	2.0279640629348434	0.5151486862506951	-1.0601725823163892	0.19571068835699038	-0.8714145053704789
0.21527121051073425	-0.10788770094454828	0.8684801097226259	0.4333137996029188	0.10470042874960055	0.02077090507353619	0.8885060355185929	1.848014439717682	0.5483587703775097	-1.0803496821299514	0.2757480374147429	-0.5082686637703113
0.2158398774406459	-0.10659068741937616	0.8616919425790367	0.44669740177914397	0.1483556302944469	0.008984748976756522	0.890905066039957	1.9203102726178574	0.4287996236936973	-0.799419982171345	0.32489337465863927	-0.21497992045229553
0.21744397444543406	-0.12567378884880384	0.8728755807695889	0.4183448783837474	0.11932244549526407	-0.0042021029553694494	1.0279803744403895	1.8719683048482612	0.6428609119340043	-1.31329056250465	-0.07780889502585736	-0.7019679330390217
0.21108549417008154	-0.11277462416351575	0.8705808843456158	0.4298996651635772	0.1396481557440333	-0.00035783072550893484	0.7571515159401897	2.0211652611188264	0.599487550966428	-1.0555717723360012	0.38169394867491313	-0.5941204284522467
0.21505767141594823	-0.11019794865750451	0.8663624587736203	0.4370614374485071	0.08420147424316533	-0.0019829230632646484	0.8116675121343505	2.1465298544678904	0.5691925045227381	-0.9864497739262663	0.541062643376232	-0.6360767567861554
0.2198391330070176	-0.12662576582462065	0.866813895203229	0.42926721527581946	0.10663567222656105	0.009488487007450435	0.9803947805154	1.928748739392531	0.6438868969256162	-1.233334255909795	0.2948683703854068	-0.4384314531893121
0.21120659155265487	-0.10586732168730106	0.8775242585351872	0.4172949335490875	0.0738637150618563	-0.032733205574093115	0.8837306364435576	1.7962700477006883	0.659713000214866	-1.378875111333211	-0.8458303825028913	-1.0409195566315315
0.2210781175934832	-0.10417806142655502	0.8692166271936904	0.4298067617531769	0.10086815150246005	-0.03322767448789991	1.1706887198170792	1.8676670279976384	0.4737121828400608	-1.1074796310443895	0.3290956403782664	-0.3046798316662263
0.21000335252497976	-0.09885695855568696	0.8727421925537722	0.429472885069387	0.15727079009598224	-0.011998796591169694	0.8047221200966744	2.05911938084763	0.6145903572551561	-1.1684439626726135	-0.31878987389575325	-0.7738551640647419
0.2096542662455111	-0.12344280828526263	0.8686926188966949	0.43148591587919266	0.14410339450665707	-0.005017609071184856	1.1783149285669197	1.8148164087755967	0.39192187560511704	-0.8423736323237773	0.17291467400731153	-0.565880687929451
0.21369739433295576	-0.11583204954488137	0.8684153177960164	0.43217033189563225	0.12068580839814884	0.02209259943225431	1.0733483951913476	2.0876245656475323	0.638932609982485	-1.2550995490912686	-0.00530090763997874	-0.6156285708574708
0.22642863376671152	-0.10875116513412328	0.867378185467261	0.4296025387122762	0.13273229079308202	-0.008129839406041926	1.1000207143128153	2.069705750133214	0.48056874094303703	-1.026130151553531	-0.4881799354112248	-0.34500299570727383
0.221837264588682	-0.11013287736187122	0.8657147690785906	0.4349677182998859	0.10123095566138245	-0.019004392091261747	1.4310121424181235	2.2008404493371474	0.5211709555002924	-1.2098652364723617	-0.5741541555547933	-0.5444473723859983
0.20648315078664006	-0.10083774950203675	0.8736021566002429	0.4289705452592182	0.15074297736386785	0.017537342263879357	1.0147577241225056	2.023487689203974	0.5845795270387424	-1.203290922109744	0.6190074170280618	-0.6299639726257005
0.2323685002227779	-0.12317070464109148	0.8627679049907749	0.4318163958678076	0.11819635913767595	-0.006251765713174039	1.2051601102566183	1.854994650397308	0.40846842942388517	-0.935521911924673	-0.8110995337904826	-0.6473273122565103
0.20083653736200618	-0.10873679962379759	0.8719481321755005	0.43306748719301186	0.1346233916815739	0.05510287951327331	1.0754736901965962	2.190095392743281	0.555493465041503	-1.0672977100170282	0.06565882644847972	-0.4762945333218756
0.21442083959813832	-0.10842638942986169	0.8695895614918204	0.4313715523370741	0.11447460165123524	0.01676674388951663	1.1142383063879984	2.029557887783325	0.5081105297918213	-1.068002490085226	-0.05632565560658417	-0.4505362965664719
0.2217922530099765	-0.10267461957014	0.8651883897844942	0.4378529081586645	0.1453380102121922	0.006973830717444923	1.1150035701638592	1.9850406639632243	0.49377162347949444	-1.0749987632971516	0.7189411716567156	-0.506961821183021
0.22402082193935444	-0.11049105882064525	0.8681625233632089	0.42883590134914623	0.126358964931461	0.024576941443553203	1.1558602641637068	1.688751149935484	0.504686560984251	-1.1904199729303795	0.034042381720932845	-0.5536622354660617
0.22234190285767622	-0.09515534866512208	0.8607257348921915	0.4479517241269906	0.1285294003187236	0.03267946790008431	0.930776987981708	2.241184723150751	0.49574013636949066	-0.9384634179076025	-0.04537097185612441	-0.4907935621643305
0.22283544794169835	-0.11173506137700903	0.8613325967823074	0.44268024229679115	0.07072131969466662	0.008266837532631842	1.0558972957749042	2.074731416162406	0.47621856296428927	-0.9344299489999648	-1.691558370294616	-0.6130857335080346
0.2154579491461362	-0.10357721188596201	0.868273974990342	0.43468372143679657	0.1369316146285645	-0.025063154750104174	0.98755196391486	2.2452300095913214	0.5430931198235671	-1.0393186034894497	0.2859372380612836	-0.3415874756258001
