0.20976378989700772	-0.11366038889333419	0.8742953492800414	0.42271516494200967	0.15791028006568078	0.01655382901335968	0.7560350916717095	1.726673012971768	0.6560676221810859	-1.2678308594342824	0.6806705992387956	-0.5847778143071295
0.22781778380906575	-0.11335231818705443	0.8580509793194189	0.44609284485511824	0.14016121044853744	0.019798440149729087	1.0844449059097179	2.1504982878591874	0.5394258696953295	-1.0449545875476964	-0.13788446646115346	-0.5375043509387627
0.20416520959001241	-0.10096528528244306	0.8693296275176716	0.43862122278896576	0.14274542870111054	-0.020573101652673956	0.8211150064762489	2.291364737102329	0.46942065767903407	-0.7851332553554207	-0.8417207597468576	-0.6916176218272416
0.21600273609883988	-0.10402808840195786	0.8695603330586602	0.43172421983502507	0.08892298432893196	0.013781304313344076	0.9528537914059502	1.8264041860165217	0.48873431922235805	-1.0210352977042638	0.03932850326171273	-0.38277092257890305
0.22616140849379385	-0.11255747384229436	0.8644721309501877	0.43459149462545404	0.13891725448157596	-0.013874411374171135	0.8858860828161327	2.374324220149066	0.5566307364723753	-0.9533022895901218	0.6384438734019223	-0.39748822005676865
0.22603577467032263	-0.10723046752914821	0.8647631196818981	0.43542416359304026	0.12153701285055472	0.0013291634729781215	1.12859542756354	2.1616601150966153	0.3964839818146789	-0.8409543443206392	0.5551035069289812	-0.5639248404888932
0.22821678683010785	-0.12300155415274917	0.8624121143932421	0.4347793242930564	0.1407452453912418	0.01723574184755722	1.2400877167792392	1.8899834625173986	0.5258295938290749	-1.1592541654146205	-0.0037479328958445746	-0.006221939827935397
0.218340621915485	-0.09876801254958756	0.8713695866345469	0.4281206558984309	0.15053446983982935	-0.00970670589787044	0.8231591158438422	2.238690472639794	0.480872322760723	-0.8820774622703865	0.15411947669830675	-0.5305690083572856
0.21599617552987396	-0.1171623980632379	0.8668347399238765	0.43383886213390865	0.15284525240821614	-0.033488784489400424	0.71497324933975	1.976759555773122	0.5498387579109256	-0.9207311033958145	0.7862587922787224	-0.821960536805226
0.2247780932931371	-0.11170477773052073	0.8589596926304888	0.4463015772365285	0.1231101882971312	0.030027337240076096	1.158128664591365	1.9916811750491343	0.4593135312244854	-0.9687921389946357	0.006313457559540807	-0.8642586792553417
0.20306067994368804	-0.11013734897527422	0.8682853069365317	0.438995159859011	0.13104049865093273	0.03463131436899607	1.05165664412946	2.198393716363056	0.5258795079248494	-0.975041062839344	-0.3731338843109879	-0.9623101694294203
0.22554362329161454	-0.11494586239295017	0.8672570400813938	0.42869890265837035	0.10951365615884455	-0.01942238470394522	1.4149787701292476	2.050378832794122	0.24539443656594517	-0.6911072699260395	-0.43494752496391825	-0.55762103761726
0.23825341913013215	-0.12331143303158297	0.8648340852584449	0.42437201101355415	0.13693609649126495	0.012121352606861945	1.4224020562675583	1.8315897392044904	0.41721525403075854	-1.1166103279526882	0.565639116540125	-0.524842140661225
0.2227076054223683	-0.09967123456991434	0.8686478011165292	0.4311820556351602	0.1370003089064669	-0.0024039415449313736	1.2258749994916947	2.131003156153764	0.5939592877088309	-1.3371460892764344	-0.5943895488344068	-0.6003224723629491
0.2180533093089772	-0.10317388457958389	0.8666105302507606	0.4367998313857934	0.1045902882611681	-0.0032123844853460784	1.1274141297692055	2.1416137434128157	0.5934372306813953	-1.234333640243785	0.09605979516039266	-0.9199242665341626
0.2293237739700281	-0.10870430742390687	0.8721143825997566	0.4183425437393114	0.14156337557653828	0.010811770475256043	0.9779143708811507	1.8911366276827557	0.46231924034222643	-1.0084548702072615	-0.1382164737821243	-0.06480481003102033
0.22551724932742737	-0.12869275979659628	0.8623501863876416	0.4346634328637804	0.16558403819039505	-0.0013336258597697393	0.9226353690065807	2.039330354051746	0.5759904220575943	-1.0176346881890928	-0.028097036069889853	-0.4067881115163268
0.22348505766454407	-0.10510800234968587	0.8611387374944935	0.44434987524373565	0.14186578017012283	-0.003059864721222381	1.010615909765533	2.2526342789978955	0.5568762083761865	-1.054653926808226	-0.3358204086511551	-0.602877864917416
0.20144569583952762	-0.1322520425564099	0.8697308361600394	0.4306939766234777	0.12288086139796293	-0.0013547068267100188	0.7239365822003694	1.8228387569191133	0.5956313861460308	-0.9816685771230873	0.32210303705265614	-0.5878987705818971
0.2256279002306996	-0.10586309883801819	0.8662023465470122	0.43310339386611496	0.10838498918410215	-0.004261789678142976	1.1806093810355918	2.146559550206526	0.4725504634282805	-1.0354601151719618	-0.5300482012954856	-0.6034601062668943
0.20769871594971728	-0.10900089352554712	0.8726594260612379	0.42830546892369	0.15926513429038683	0.0022965492135206323	0.8740050050518303	1.870773108903696	0.4530996568260319	-0.8709098771036929	0.2783536935608057	-0.5262768831188881
0.2203828197184824	-0.11900094118758475	0.8570644483387835	0.4502340726368191	0.14395979522374014	0.004072488845070018	1.0000693295063703	1.9663952522045056	0.47432218627647005	-0.8727013786544056	-0.27826834900546393	-0.26513167493847867
0.21835035378890624	-0.10371286071647146	0.8623455634008285	0.4448897557880752	0.13747137250254074	-0.009869849380718406	0.9559002837251499	1.9544837526647447	0.5338116049194737	-1.048228526399032	0.10711795757409814	-0.619599566094729
0.2161888324876647	-0.1143241008435725	0.8673243663240086	0.4335214322897844	0.13983346995348805	-0.03350905628328027	1.0409791259819585	2.169289835128529	0.5613451278932722	-1.0701068616346978	-0.8052000860025292	-0.7548083622160107
0.20690225854043823	-0.10266561769047972	0.871824310437166	0.4319416605119932	0.03205698682281497	0.07319672272676564	0.7371662099307998	2.4027263153411025	0.7226099511806703	-1.2405214496251544	-0.10052857249593865	-0.4940617086018697
0.21783590154610846	-0.11281089298885444	0.8679053641057571	0.431927657573701	0.14832151794227696	-0.010317109684692148	1.3444540126990068	1.9939220301749336	0.5082194765576942	-1.178485860053948	0.33972638978383735	-0.8195648292981037
0.21475254178499992	-0.108158711788344	0.8694701533488063	0.43151441609379765	0.11407103141841259	-0.0010507742783725275	0.8543798456491365	1.992392510642546	0.558099497944538	-1.0503391667415236	-0.2717461967851365	-0.34007461492523045
0.22003615866229442	-0.1107319451603418	0.8690126077465434	0.42911491791791734	0.14355074337012566	0.011246520168343875	1.0832704075657185	2.095845452618525	0.6356704136645135	-1.301952451585901	-0.18711622969594086	-0.615385879494733
0.22084116454224673	-0.09693382272454111	0.8711853228546157	0.42763202323765537	0.09250711751651912	0.0039793273604057785	1.3496170908898166	2.0998482861150007	0.5388983729654411	-1.3188559577256325	-0.12419877488648319	-0.4821033465862053
0.21272417149728262	-0.1157746245509929	0.8653242312998042	0.43881503836613717	0.11552229363415316	-0.005584163429406812	0.9699707855372272	2.026479762683348	0.4706424152068611	-0.8636431094343512	0.1466722902526513	-0.5624048349016707
0.2232752935519827	-0.10491547300285722	0.863967364699988	0.4389775387730227	0.13459982751192207	-0.009740423974655911	1.1538270113568896	2.063427408176676	0.5071791768796772	-1.0919052039705421	0.12811107422317314	-0.43992535164167057
0.22710298245878116	-0.09441302986682659	0.8684616097637878	0.4304472645007545	0.12407039387312803	0.01179829510246771	1.0105075572245035	2.2490820312676933	0.5193705995474581	-1.0877059668198898	0.10037334525535142	-0.5936602460105765
0.22028665307514064	-0.10638877337339864	0.8648048059233039	0.43848359949833116	0.10767151631907357	-0.009782384422651417	0.8693407143910292	1.8612078439792472	0.4028689084225267	-0.7797224466166791	-1.0105237431328538	-0.5736853986706657
0.2215793793562382	-0.09571554366694689	0.8704128333835891	0.42909510930072065	0.1045002862527729	0.0009160220099142595	1.1450020537045147	2.0042827632882885	0.5415350435457367	-1.2426776025696598	-0.13669424927112417	-0.29389480720359673
0.22895793364457803	-0.10382339662021663	0.8685404183781281	0.42712586971406036	0.16892968651887966	-0.025136591373808442	1.1595354346584077	2.040697901193412	0.4045614187769427	-0.9481762219757481	-0.07007077422816803	-0.824818523294975
0.2153819353697545	-0.11454236138194895	0.868164439480644	0.4321818776703682	0.1072440483476485	0.024365683648919622	1.0553220137818866	2.256185254499527	0.4636391325861599	-0.8593222850203713	-0.033109830224704685	-0.3454441800676055
0.21244705967546867	-0.11030082131381386	0.8707628458128024	0.4295020861471287	0.15640631764140117	-0.01312702390897068	0.8765089094441912	2.1724350062680777	0.6741273737377573	-1.2423582160714666	0.13216361839663945	-0.49452870282925215
0.2129749809136459	-0.10763028048204659	0.8717375844987609	0.42793803757139154	0.09867955024622825	-0.0005244868490173025	0.9341989411859672	2.0342446738203708	0.5294723206899931	-1.0318680743116073	-0.7723763869759086	-0.6262632908582527
0.21690021980914076	-0.10665249547988156	0.87104796750298	0.4276154559456285	0.17084003119433333	0.030906822967475836	0.9485224203198496	2.2986629217877668	0.5701471733468015	-1.0691898871984808	-0.11212409066633412	-0.5935373138184407
0.20561344027695022	-0.09383921960643478	0.8733549652628354	0.43147238462256643	0.12540424789715054	-0.008187817708816202	1.0589063235748262	2.294780560153694	0.5500026387348402	-1.1188027503948035	0.39663998862774985	-0.5941635802978452
0.22926023557839958	-0.11199229810117733	0.8654261922215045	0.43120178033670203	0.1353043847481677	-0.014704633319367527	1.0902289665800982	1.94820129946481	0.5061718970642215	-1.0895526130266735	-0.2099909081004435	-0.5827256864412483
0.22208320481670082	-0.11680227283555186	0.8708193496471781	0.42274098391196746	0.14052687677019213	-0.00010203605738902903	1.0099296988513478	2.1397705315635838	0.521179336837191	-1.0129403823561893	-0.5998497393386454	-0.812574388457481
0.21680308205181828	-0.09942448048622886	0.8668946949726412	0.43772683733256246	0.09840359249619189	0.0007728470682201584	0.965934424012273	2.2527240069916323	0.5190549255995354	-0.9947016503871907	-1.2895168273718032	-0.6514242963474676
0.2148133394633275	-0.1153682932000781	0.875156241060577	0.4179078126159349	0.13902922465478076	0.015742677500299364	0.9268265364625602	1.8305777414514104	0.5431941478149379	-1.1085789936955288	0.3464181377487214	-0.6006352559007677
0.2213197499552851	-0.1057308556893259	0.8677617357430047	0.43223619054311113	0.11788018243636515	-0.0020455548955029246	1.312441650900429	1.9055230084017765	0.3641446215233758	-0.9369586755794257	-0.37396651412345433	-0.4958642540020602
0.19633421027582504	-0.10551980618442665	0.866319040469309	0.4470008596171879	0.12631017038286782	-0.014170232822631244	0.6686161420993381	2.189778490998732	0.5949065820290973	-0.929721074693151	0.9484485571204918	-0.6150209644570902
0.2193391119334807	-0.11504389285005909	0.8639179017550956	0.43852151112711557	0.12378265491844548	0.0031549515556053274	1.1036323137024882	1.906261537570595	0.4741987176682546	-0.986119799659496	-0.796471090477255	-0.21374566974737289
0.21531189205200488	-0.11069219818173123	0.8729798573797708	0.42343145255386644	0.07489040233300771	0.004066398717754902	0.8887522360397988	2.036730446888325	0.6530020851736978	-1.2657690381488493	-0.17146252847592128	-0.5932064233702167
0.2254299708071659	-0.0994120761167862	0.8589540183661528	0.44888368395016254	0.12397537762013135	-0.003301987566686046	1.0659023797756182	2.435855323749138	0.45890340922017664	-0.873967686776587	-0.23433176709767575	-0.22509126308436853
0.2180442842016087	-0.1050713135587017	0.8668940779760846	0.43578821320000294	0.13242077504324778	0.012733162500889702	1.0506833310353132	2.211487215300747	0.3187536357866967	-0.6265824984113242	0.15288407927200146	-0.7918169812525598
0.21792130593983733	-0.08723442454678873	0.8773578611622577	0.4185016643315234	0.14883757864964678	0.011428108710974156	1.2531854465221572	2.19219972605967	0.4590973290440958	-1.1580675048115685	-0.3482367658318797	-0.9552767618043418
0.20708900313563397	-0.11678685488356343	0.8729406175308456	0.42596907583950355	0.13827339394062996	-0.0035680252537298594	0.7596255899435835	1.9701985252862932	0.6417538753765881	-1.1442845709556109	0.46135756410041645	-0.4374852605047659
0.21423374102774445	-0.10420240774671746	0.8649756449397206	0.441659253368656	0.1463063022714445	0.00034858637695457266	0.9824736471468252	2.229144213317894	0.5558553529776868	-1.0392585450915273	0.42298693356889067	-0.6520786739839616
0.21361891962934082	-0.1132416448758676	0.8639261222553831	0.44178608208835396	0.1179158975230843	0.01860304238713063	0.9239634391101504	1.8403707030862713	0.5510458882094815	-1.052618953562826	-0.668051854832641	-0.3158872903273548
0.21128231384185758	-0.12147325154822272	0.8735592581620512	0.42130541830755025	0.10343984814856637	-0.013739630413752701	0.6340616764026956	2.0382683544659894	0.6575382051689049	-1.0936710050763596	0.12838787954948505	-0.3744080616671733
0.22759931295925448	-0.11586363529924137	0.8573238307119869	0.44695639613842003	0.0966895098718608	-0.0006589779721935832	1.0425906903315845	2.0693102952016234	0.39899265974210746	-0.7598079585908233	-0.7115566660127048	-0.4027031599936097
0.22408706170367435	-0.11772561523171875	0.8629974017813685	0.43721979920165327	0.10013463561846436	-0.021459398124361023	1.0095754348810175	1.8881589051885888	0.43486610092938893	-0.8673816691729174	0.09934154512463583	-0.5372220514992346
0.2245275958322478	-0.10801124521745852	0.8654500327920933	0.4346460288056586	0.12766682719655215	0.017421921445579063	1.0622886189741507	2.019092890452798	0.587095396755559	-1.216001223379877	0.16431105375871602	-0.6416472146104909
0.23062537909783665	-0.10072755789906088	0.8677104153421555	0.42865432308844664	0.150515884863456	0.010142929393512471	1.2487169277529393	1.9197555303521174	0.4809165909178158	-1.1942253601346007	0.5824458005832305	-0.6811255241304397
0.20449388843215244	-0.10654040435288241	0.8710573393681963	0.4336940204418568	0.14043118489973314	0.013382954989361533	0.8892926734923867	1.918649056057912	0.5634314708736824	-1.0796145816617446	0.5999087622965983	-0.5790662085120982
0.2187151834797587	-0.10854813599362026	0.8691125854124061	0.4301444926597211	0.1256019442218567	-0.013734871808896052	1.1152875020433686	2.0459084273113364	0.3913756630531365	-0.8415783184600488	0.03758911347411754	-0.6239540382794692
0.22609723934362844	-0.1150122080304937	0.8624337906996723	0.43801847794874393	0.1293396553857213	-0.004397723021450468	1.3263552746277751	2.130524925079663	0.4239356036766957	-0.9599258956957393	-0.1507753236134979	-0.8119638091474085
0.21612681461867575	-0.11025198000872026	0.8691320472402094	0.43097933287686035	0.14804705213359573	-0.01744122491985591	0.93918330574893	1.9991668745893292	0.601929887006628	-1.1734371148067775	-0.6895680975820135	-0.6831750221976299
0.20621267123435646	-0.1141449079800151	0.8708649838745738	0.4313252300361796	0.0934771992604913	0.0056116103232973355	0.618967238007157	1.8224132072546335	0.5553479318830653	-0.9349157883081904	-0.2509741821301192	-0.926534326497269
0.2227757980082102	-0.1086116583041248	0.8684239881379621	0.42943477773556027	0.12055055736588878	-0.01262901470716233	1.1998222572311374	2.0799752320924467	0.4425657844639127	-0.9913415663165421	-0.5872072102705984	-0.4966657274550814
0.22115507444841964	-0.10986473299752329	0.8642648851530575	0.43825378695508027	0.1305730734009444	-0.017015223619294095	0.8240807787789518	2.150256659112917	0.46546348451315	-0.7947358987092625	0.4570572092368605	-0.9816125602319588
0.20901022014180687	-0.0974472095122259	0.870657472334008	0.43448168557893174	0.09709340868138695	-0.01589064961279989	1.216678903802297	2.2012549776170935	0.6411496955211924	-1.3763846985294534	-0.4093109098688237	-0.46352600439303043
0.20561442374413963	-0.11332559139485557	0.8722674924510269	0.42898652740682797	0.13696294335427087	0.019798129471881424	0.9416691766766232	1.810183209900108	0.6134242841389355	-1.2204363331040962	0.5954100242448462	-0.602394993112736
0.21244631564203795	-0.10053169171625859	0.8679872828904528	0.43744487500854307	0.11410596232678906	0.004494796522476489	0.8869576774267357	2.028429978903066	0.4977690338422304	-0.9522721796116986	-0.040665897449764	-0.5763556153987449
0.22752554831342278	-0.11239470493517209	0.8620840789373997	0.43864632223451655	0.11658443707970807	0.020046101353459873	1.0613560636050383	2.141134912649835	0.4182776415648791	-0.8239528536823646	-0.15516734124887369	-0.32771508511740666
0.20360105195730113	-0.1269445667158967	0.8688635462913252	0.43302173911855224	0.09691127481844414	0.007959059937780443	0.8810400331571041	1.9224139939919518	0.6424642417855075	-1.1397913336618786	-0.5322721681435382	-0.9180166442697025
0.2249839993869925	-0.111919640471246	0.8645515596367354	0.43520890940594176	0.13602325453229314	-0.004848897267027689	1.3354432373852059	1.8478544050769974	0.43808852169440493	-1.0854379685757667	0.15932734959546543	-0.5057412626517535
0.20818229223334062	-0.10487972416124312	0.8630081297194886	0.44819342331007456	0.11919739659986739	-0.016604237779888505	1.267849245048715	1.9465735883978892	0.4708435334814478	-1.040018514345036	0.02926688521259953	-0.7900220153642609
0.22007918670782697	-0.11696458055899518	0.8660240746805765	0.43345904137107444	0.11098181405601781	0.01816592681139777	1.1025981258226216	1.8717726591924921	0.5338109502874058	-1.1212614865571804	0.6086138880208781	-0.4435473095613918
0.19999096084010173	-0.11819867799012458	0.8698255117157112	0.4352427682020012	0.12441162423691558	-0.0036022210014357956	0.8038863315355187	1.6562333422772855	0.5341193705709286	-0.9870263093594306	-0.7832264225443849	-0.8656220488159172
0.2122481468906292	-0.10093021571039497	0.8679771166525099	0.4374694739816049	0.12645064811789883	0.0021754236139559817	0.9283137214036155	2.272899948333722	0.5021815908661775	-0.9223745616603994	-0.1189001487810624	-0.5542666362092596
0.21616747812895779	-0.09577339253991737	0.87404812596134	0.4244277938404024	0.1303952375596068	0.003184716051504912	0.7854569041198417	2.1772466390884593	0.6890089160771294	-1.3276578517397697	0.4058172208060448	-0.36766580944923005
0.21362543219763486	-0.10190490580677604	0.8706921209506899	0.4311319930198581	0.12481962873261965	-0.008236205470599946	0.9268657564167474	1.8184956031822257	0.5049402721494854	-1.049182149518218	0.3221427826915673	-0.6311901034245824
0.21676477655429405	-0.1170652176917041	0.8688416593678591	0.42944491777068006	0.1518663244016458	0.009455966484542134	0.9794196275626728	1.8345622764108487	0.3832395412512081	-0.7696324016041942	0.11843206177314598	-0.27791120359053245
0.2116787449286217	-0.10631889961968262	0.8645387887394432	0.44323930702729825	0.14221292980985364	-0.010724819446213322	1.139021015932045	1.961286541246777	0.38994617398961373	-0.8341054127389456	0.5409515745765517	-0.42326329241294064
0.20743749896322944	-0.09914181041384376	0.8705653658530412	0.4350362389834966	0.12108214457306941	0.013199426105820061	1.0120809976557827	1.8756259175161631	0.5353207338407064	-1.126394190585094	-0.2443482279841277	-0.8644639392399277
0.2290002229498539	-0.10928284312957345	0.8638138975202404	0.4352490189963966	0.12302830040992939	-0.023135815699780498	0.9902218098903223	1.734676749583914	0.5158098772279874	-1.1091451731936834	-0.6080812773021377	-0.5305501033396863
0.21925476537543032	-0.11533623126888548	0.8678953195603589	0.4305608155674154	0.16718257292048289	0.00396439271469738	1.0327790672335986	1.776096835150038	0.46707421309091224	-0.9916483914181088	0.09887740370822302	-0.5087066977670647
0.21744860376865946	-0.10168280443918001	0.8713225672801198	0.4279879621541066	0.09124040055224396	0.0163266290605192	0.9455263395408356	2.039193246919899	0.638410992018554	-1.295630830301676	-0.31241198019301614	0.010705035069190044
0.2250101140885018	-0.11022861931504717	0.8703636576439536	0.423895274206279	0.12289446550360829	0.014724914360092017	1.1347929557101644	1.7713662944583535	0.5428063170889739	-1.2562619954250291	-0.05819508046999596	-0.9017597147661203
0.21590184467041953	-0.09266680385165064	0.8585664398044699	0.4557004776970366	0.14732627499946807	-0.0025219195380681227	1.2322825601372243	2.0384645416221865	0.36424726098294535	-0.8555719759013061	0.3884512958149376	-0.531828897307952
0.2168287199037258	-0.12333844558212721	0.8579565107644002	0.4490919278981443	0.13463565795360233	-0.0003181226291950328	0.7781041448227243	2.1491607117511045	0.5140160309021531	-0.7674254715352596	0.0008300860694485842	-0.5265626340997104
0.22598915712234466	-0.108485734926775	0.8673392535651548	0.4299794941686985	0.12686560741111602	-0.006526802445619657	1.3455256839637417	2.1214944300804586	0.48130827017485617	-1.1427984247325538	0.052018070342290286	-0.6948679229652402
0.2139873885372713	-0.11343793878008061	0.8709530427187252	0.4275301497804801	0.14301983062521811	-0.01622452824449189	1.0379838365825267	2.0108355664608135	0.5261333763123899	-1.057815159601179	0.48176338489967335	-0.7766661199449055
0.22208825004319993	-0.10622033067634615	0.8717085470575738	0.42369595175140695	0.15686202076504738	-0.00651260069674866	0.9659066496003038	1.8934242800175616	0.43853818675313666	-0.933862710627747	-0.17210613560352475	-0.45091978401580973
0.21205064194713985	-0.0958155530695431	0.8687974908863029	0.4370867475335392	0.13083658840871204	0.0015725760355386695	1.0190787582146126	2.2882297343446654	0.5124223849908877	-1.0113314855144016	0.6150238013168537	-0.4295704030235212
0.22165104367331956	-0.11362758691238817	0.8637086462325547	0.43814034367326127	0.13095779746791023	-0.011964271472195738	1.1279956400075344	2.104393981295846	0.5468662426015841	-1.1029281140270686	-0.1401151483320666	-0.5773670517631139
0.22749782693612547	-0.1146193317026513	0.8681860204123233	0.42586404109761505	0.13970355140813917	0.017956108453689033	1.2580633561933918	1.8422457553855343	0.35877785322870287	-0.9076502866456722	0.34409217334900727	-0.484834618462952
0.22133623430361135	-0.10865829531091016	0.8742815925411255	0.4181331644203523	0.09069764729417133	0.0344958537332822	1.0274641922145702	1.7236744607712389	0.45313198308730646	-1.0434199330204392	-0.04686268650351013	-0.6375558422117186
0.21263755798800502	-0.12121388382039525	0.8696998556302638	0.4286194400849921	0.1301620866596564	0.012401393287854242	0.6009038408255812	1.6394885674288207	0.5408827923015985	-0.9319494114871818	-0.27754299939157656	-0.6253225405093961
0.21358825080530025	-0.10608158801803087	0.8722327762504415	0.4270090629435775	0.12343339036626395	-0.0006104112138612441	1.1038176117593048	1.9789516515289907	0.4286932649392544	-0.9361685510391744	0.6517526470607493	-0.2246823849577387
0.22373717350247857	-0.1150570890094982	0.8652463851016006	0.43364990087672695	0.11851166631506721	0.012849213648772222	1.2316586329668895	1.6884510018955603	0.4727188320695661	-1.1306766672216713	-0.36404981443087764	-0.4495905173562589
0.22852256200757198	-0.10071213234034856	0.867198381742071	0.4308148926823317	0.1651173569834021	-0.012162208425575166	1.0388208544222666	2.2830200400228704	0.3515342473572	-0.7249427131071606	-0.2207760933225297	-0.8784371321049832
0.22302072548559165	-0.08976391690901458	0.8661431111645364	0.4381783954136141	0.15298867107352349	0.008690375070720102	1.034494281897831	2.2245933709395422	0.46026570116768	-0.9806084043013951	0.13203764911643656	-0.7842698498144229
0.21550934215880724	-0.10849287074507494	0.8709337240445209	0.42808815536255285	0.10960362849139638	0.004047894290630213	0.9360419554437933	1.9978552187901788	0.47977965341819817	-0.9409954778176429	-0.1297222413197802	-0.8433107590466381
0.24348289045826893	-0.09109822920492448	0.8601201505534075	0.43887415200920327	0.10832100858730898	0.0046573856807433445	1.40095258682138	2.5220060859093776	0.32495913711501556	-0.8906006355433472	0.09515752218073276	-0.8235069249667896
0.20668043479055467	-0.10888968832065644	0.8682630975598343	0.4376590306026131	0.09398995708483976	-0.007061676893688875	1.0387387837585351	2.0576801812184398	0.5103340924042349	-0.991025111783118	-1.273238735460753	-0.6845533028251191
0.21383935316026242	-0.10375339126583712	0.870171090807605	0.43163669626613244	0.15374828553155798	0.0204269179081531	0.9950208640692925	2.120161674788208	0.5079812009577752	-1.007400931549833	0.2869567385137703	-0.7453536019355412
0.2060539846747086	-0.09950485501096848	0.8696493207177335	0.4374363933237672	0.13368970704870173	-0.00025240351843600826	1.2448684910754544	2.0612877887124723	0.5399006739193362	-1.190861649167381	-0.04542913422819167	-0.32323204023424745
0.2196964611260947	-0.12134273204422194	0.8653435265317184	0.43380869912711945	0.14710117028250747	0.01490980641271026	0.6220833089886944	1.8820539273303671	0.5699047460545584	-0.9254293877909949	0.463141689941669	-0.44843471846516936
0.21707162550763084	-0.103016208358063	0.8711308804880881	0.4282505800055051	0.12812502475802082	0.011689938565863813	0.7819901296822726	1.851394449221912	0.37817968819358705	-0.7202984687186472	0.8811322660052543	-0.5065279405616536
0.21264708091756457	-0.11135737230913581	0.8680927953469325	0.4345062177649383	0.15220762737975876	0.005179043949529648	1.0027213012818854	1.8279682210674932	0.4215262241492828	-0.8644108710217624	0.2999436357490002	-0.3107511997277009
0.2072651204844283	-0.10692891618521363	0.8752587883008147	0.42370913397780385	0.10807225388149744	0.013332009948511804	0.7435298481559459	2.1237660428748604	0.6205085965733664	-1.109538046347412	0.4444542399846178	-0.18748203562085985
0.21270407132253663	-0.09897730198903369	0.8652906958306741	0.4429813578951789	0.10270570283858804	0.010736607745910079	0.920945315859886	2.022632538678277	0.5786834478865123	-1.1206419886411834	0.2706926758796757	-0.6551524980905781
0.20184824951827196	-0.1149205766764869	0.86681911174933	0.4412200955632639	0.133062907464986	0.008393290805439714	0.7308999696357605	1.935871992640387	0.4910474835177225	-0.7948611151078729	0.14903929389994394	0.009394366381968286
0.21053788341999402	-0.120713171477973	0.8702786718415887	0.42862240167121307	0.12655855490052215	-0.04951611514841598	1.1727017559859183	1.8066633881819385	0.5130018519393227	-1.1088189667935207	0.8967882765500258	-0.4342378190076541
0.19989489618844916	-0.12314695043089885	0.8670415178024853	0.4394495027692504	0.1375197166970262	0.011737397140740366	1.1414072167969367	1.9857200153155212	0.6059337959516363	-1.158257928924458	-0.2880670168934677	-0.8183344819222774
0.22719639694691854	-0.10063993243744862	0.8632202542071797	0.4394362228353688	0.08960815153708925	-0.027049230108142846	1.1591970867600958	1.9910448792091429	0.4393196509441712	-1.006326691169541	0.6275326990726936	-1.2452717166945142
0.22120712716868002	-0.11531260770572287	0.8591761837065939	0.44675126720050695	0.12334614780276816	-0.02489356090618917	1.1171391410873897	2.0147666543830605	0.3775545230260347	-0.7592076897112141	-0.10508119662246233	-0.5468619252625134
0.21650836244265773	-0.10973769899808926	0.8670933406168854	0.43500678738251125	0.12636062077288665	0.0179903776540867	1.0364521441442434	2.098278597149341	0.4750759836790137	-0.9334923612324268	0.025719445891652242	-0.3094365661961595
0.20793818482115786	-0.11515465983181422	0.8702842717184713	0.43140051229889725	0.1448940835834117	-0.0039377678007026665	0.9923233998375932	1.8314912974288486	0.6405079965304353	-1.281549717040522	-0.3537474873479127	-0.32427086803725585
0.23000113666873745	-0.09717644507497096	0.8704881446692112	0.4241539881269943	0.12804303571132394	-0.04483311034719275	1.143774340643645	1.805347872997658	0.35632779416405597	-0.9378934103899913	-0.732200501569419	-0.7368249244144144
0.20927343737035384	-0.10216955040032363	0.8661999345008066	0.4421127512897481	0.09023815530723063	0.003476642405253142	0.9322711215705408	1.9750893242789787	0.5139335740583757	-0.9917714900059219	-0.7268912819809351	-0.5894448061455863
0.22297264508774128	-0.09962112420035833	0.8686330633183975	0.4310863399201253	0.09134659923347632	-0.008092860793528854	0.9946897790831295	1.8952631114875162	0.40041867090219363	-0.8833433832495391	-0.6850307149501003	-0.4947741147085209
0.2219054442775173	-0.10367380039245087	0.8703539663539458	0.4271928020977627	0.10608668824341476	-0.003101327880723211	1.1374214418461712	2.039147377226892	0.4430300697886336	-0.998581503681837	0.0925606953589877	-0.12307345308517455
0.21736931103596782	-0.09941991267794917	0.8738138151845755	0.4234568218548782	0.129342694614803	0.004481633815653	1.0552305380421467	2.026395936775948	0.5380614295209386	-1.1762146995406568	-0.33908312476266866	-0.6947918046095323
0.22099528025581133	-0.11515043681196609	0.8667922331578799	0.4319406065002968	0.11894571560631197	0.0006756437379386988	1.148937013336591	1.9567255251503906	0.591583135652761	-1.2533471440755333	-0.20099744947430623	-0.49881996266068734
0.22087256492725804	-0.10347237043169663	0.867946358961878	0.4326406090330851	0.09742396869727676	-0.015256977993284742	1.1475892249938968	2.0475462498734625	0.6002503933625944	-1.3003671943930346	-0.7259265726067182	-0.7576203532396892
0.21740566916518342	-0.11502965631657444	0.8651962846819807	0.4369649209662332	0.1263385168746412	-0.011499278719238339	1.2722156579761785	1.9129956711199514	0.42188937227414314	-0.964729109986587	0.03305352651353241	-0.6264321320526642
0.21272658213910467	-0.09933901996912635	0.8736009277689382	0.426263509304091	0.08376534766155962	-0.00046174363712986306	0.9146564798032913	1.7313562315321938	0.48058106103048953	-1.0378945573567553	-0.7479432687320338	-0.385480041440533
0.2077653095708936	-0.08699608158100486	0.8728013735282236	0.4329930949746293	0.11093098811632209	-0.014093685892848712	0.971316268771918	1.9513191491921362	0.4737349917051967	-1.0289430986277674	0.11420076161752578	-0.6461757627398802
0.2164712517370258	-0.11041669423889323	0.8739353887775345	0.4209338273969195	0.15403121020281343	-0.004745331963104679	0.8903241580797555	2.083218759347994	0.5991045912651678	-1.15525559696767	-0.23130474353822328	-0.7384626974565537
0.23359096125001325	-0.10666873655185012	0.8637278235131939	0.43362574918227315	0.12968689700742453	-0.0026922372309026326	0.9229519505457741	2.072035985183613	0.5100548337168203	-1.0034466931569814	-0.1430488596169889	-0.8391814980105385
0.21618418867833059	-0.12546223045737215	0.860851570851268	0.4432360525239993	0.11981387120956076	0.01624949589625761	0.8170645989709271	2.167787758240165	0.5174854872923155	-0.7899609085357114	-0.07758775129713681	-0.3402846845498047
0.20919211927624973	-0.11408881295314323	0.8653958150988095	0.44080889646321963	0.14354869211513233	0.0018184032533527532	0.914731481778285	1.9717886330447492	0.5279339257295553	-0.9602061257710747	0.3216274611170435	-0.3239807765661094
0.2241499644398792	-0.11358763448765108	0.8635603758406041	0.4371705845675524	0.12252602375642828	0.01610582579494657	1.0038325103689454	2.105465209635066	0.45725250839052967	-0.8708713950200686	-0.014615879030465184	-0.7100095905735317
0.21939013345807515	-0.10856597967510226	0.8643818739190324	0.4392327098915283	0.1352060350971528	-0.007098473355052638	0.8232287026864377	2.0831618114536803	0.5065713988365419	-0.8931914181975873	-0.1922306502661958	-0.4316282665955868
0.22288607891148818	-0.09883759350795863	0.8705490214626352	0.42743107885069104	0.13117845816502652	-0.015569201818684248	1.1619535227643605	2.0763276754205457	0.5104579266594137	-1.1654339307390564	-0.9550216421145826	-0.4176498344912655
0.20012190835920232	-0.0998936283538028	0.8680901699323433	0.443161304352962	0.15927719409101795	-0.02835387335927877	0.9079533439172749	2.2573842883721067	0.5494695212826171	-0.9775044314097777	-0.1868408035212207	-0.16709124554621432
0.22028678258218184	-0.11950271846452903	0.8662086647035464	0.43229085450848637	0.10612412675855047	0.0011925788742277782	1.1599683936522647	2.0156946232657016	0.5010418299910633	-1.0378463668573041	0.5517398298296087	-0.6531199637182051
0.21895035773219199	-0.10328841449660185	0.8652054712615769	0.4391033326891928	0.08121339238307147	-0.005346316278097088	1.0854533002960385	1.9001774460893521	0.3658635688668126	-0.8151640117585827	0.516769960846723	-0.3796228413513991
0.21930607978747751	-0.11286327067115172	0.866709084608379	0.43356901199112996	0.14200574911350744	0.006194688836464659	1.0725781536768635	1.9917169211444012	0.5179223633976431	-1.0593913055417028	-0.606197739593527	-0.607850745351502
0.20534540512897934	-0.10354724625804057	0.8741266290598564	0.42780120237470615	0.10257377373633102	0.01113401405914259	0.9685249077409803	1.7911478617846992	0.45926343299708366	-0.9697684463299281	0.21376024029611948	-0.3280941907142288
0.23731482569340484	-0.10538060394934506	0.8608517641905461	0.4376195172834553	0.12752188660627592	0.02214393698546906	1.0999225950273575	2.241393965647795	0.3902666696121044	-0.8244381841256634	0.6139517596281681	-0.8714459276353278
0.20557088878594373	-0.10740732104012403	0.8738706714151592	0.4272637671405798	0.12812473402206415	-0.008578996738007359	0.9205761687928493	1.8738441284422243	0.419267477928463	-0.8293814337279192	-0.344268023830755	-0.6443539863841075
0.21135688045173975	-0.10852779523078733	0.86573382314852	0.44051666734040884	0.1127319168936299	0.02960070409205907	0.9622944008235942	1.9765071230235607	0.4368113988971105	-0.833212479547279	0.41478500356989184	-0.1085498882364605
0.22011498214107514	-0.103281535889128	0.8702298692749373	0.4284650436186626	0.10992214526509075	0.00029477921615997024	1.0038432401286825	1.9551590562418089	0.4302764731156342	-0.9183212293483195	-0.322735890209868	-0.7885645038602688
0.20659225428124445	-0.09799266825224863	0.870117246420302	0.4365925502362013	0.16254341475846823	0.011967614332500437	0.9712253120139992	2.0300859923321557	0.5512769296761103	-1.102606187985143	0.5467043333837545	-0.5414128316093915
0.22178308876950076	-0.09522958438921438	0.8668300668533733	0.4362902966969284	0.13461479181157407	0.0003493948749677938	1.1581611950270894	1.936991552256562	0.47998584942370737	-1.1195936198489727	-0.26547133851705446	-0.5773839417727967
0.22356129601241498	-0.11318752070246675	0.8635429369675687	0.43761001827643736	0.11274951288298087	-0.014198947978589137	0.8661259943717916	2.0298245091543414	0.57343219246742	-1.0490270940383153	-0.5485837085365667	-0.40084912506475395
0.21149860537961232	-0.09387177336751114	0.8653231558051369	0.4446034931427738	0.11518643187710441	-0.021374277737037334	0.9670478231006999	2.1342870480555813	0.6096185106992916	-1.1958902202994992	-0.07430340994259657	-0.9034025466403003
0.23143248946733994	-0.11062989882105591	0.8601161313480133	0.440908458640475	0.09396135224957132	-0.010795218771009982	1.070126110050251	2.0324761362254136	0.5128423410012728	-1.0521759826292156	0.544248337388734	-0.7814769983154634
0.22404084606112848	-0.1059134539493851	0.8654684896875808	0.4353760821710618	0.1338638870544818	-0.011456233567319426	1.2094880329048938	1.8789465299937378	0.5142828743400204	-1.1876275457388596	0.24480642490248297	-0.36420864093513056
0.21707332607851867	-0.10653633698983846	0.867188981044531	0.43533027824968107	0.12096485339904144	-0.009048576418377988	0.8489022240087211	1.931121942510324	0.43922230757160313	-0.8256446531710611	-0.034939932736150515	-0.7666458397169252
0.20737251399424966	-0.1149992401955159	0.8698652100289611	0.43255789390026167	0.1391018888450384	0.0013075566438555547	0.8933118962349594	1.8695096439608434	0.4831783748854483	-0.9028992631232914	0.0996411951253539	-0.24211985781025488
0.20796449666030112	-0.10264433353468018	0.877671870640835	0.41941268031363393	0.1447521001254167	0.015638403676309465	0.9953221939436916	2.0216007844256882	0.5809652988855359	-1.2145143398075888	0.007905610702503748	-0.18869832425196775
0.2094653329484523	-0.10313594909290984	0.864085956139517	0.4459178295380838	0.11203548921105833	0.009040675064964235	1.059822381900653	1.9955566977064891	0.4522773885704662	-0.9126994412157848	-0.3697747567676239	-0.8794612723676494
0.22878565925443925	-0.10470850182466153	0.8631388252068519	0.4378180217689559	0.15433413842887697	-0.0001779968130082106	1.0246023456083886	2.1148321671845807	0.4528535404642904	-0.9224126648614525	-0.11197301860965371	-0.23516629695912075
0.2229255461882119	-0.10371520558730991	0.8641740099739466	0.4390337543654459	0.11822460959812825	-0.000867387802026641	0.9996963727549227	1.9766075385216513	0.5266177182490287	-1.0772359603231925	-0.6871293490182787	-0.7469967411695109
0.21281560415566164	-0.11641328845987131	0.8674916867003698	0.43429901957472455	0.1437732291519408	-0.010368774991196409	1.0305173833031909	1.952071671080183	0.5421516843799233	-1.0646470640521684	-0.7611964851540094	-0.9109185171578216
0.22246221930040463	-0.09811434909863576	0.8720361197465201	0.42477893231929825	0.16325043537918227	-0.011785471335166275	0.9989809668456585	1.9638793937100356	0.4413091792033745	-0.9755387737328058	-0.5546172305073159	-0.6323235026005921
0.20741060413610912	-0.09624698628251571	0.8715767830095563	0.43367184626413124	0.11530134881478654	0.007946888248544195	1.1170716690744062	2.079962746040861	0.335939264562085	-0.7477986642365914	-0.9223398208186145	-0.6271837906209533
0.21097821133402928	-0.1158542688376089	0.8651825620638173	0.43991489749164636	0.1035425855617918	0.01300174287618099	0.762087235999878	1.8438088683952485	0.451855195148283	-0.7685757198849481	-0.48454694771299195	-0.6307450800905274
0.2078096539278408	-0.09275335796184868	0.8730355474118162	0.4313013972578138	0.1062213541072408	-0.0056724716460527696	0.8755106264436786	1.8932501232977497	0.5424674441014585	-1.1127430121010755	-0.27712979296068757	-0.671633567288413
0.2295028289356145	-0.10766412010599753	0.8629053582482641	0.43718558011305253	0.13048616775575114	0.022999116747049932	1.249614243551658	2.1987067453377143	0.4764948313946901	-1.055016773275654	0.08379054604642522	-0.6185770294798886
0.22414182036803143	-0.10573889511233935	0.8674291614314724	0.43144684530173494	0.13886630983248535	-0.005604294816735913	1.1138262957253173	2.1570827621892366	0.5073287219973385	-1.0699793925420695	-0.12185609031267806	-0.5144520631924643
0.20617936141322082	-0.10644101381821633	0.8650940823997086	0.44471632542733686	0.14176824238303717	0.004423072374982716	1.169950927351182	1.8610056166136377	0.38997275529696823	-0.8555915573173803	0.16019064217305964	-0.8461516524567846
0.2299451274501052	-0.11002219877492532	0.8567342598887858	0.4483600808184201	0.10039058552070645	0.033549404762406816	1.20819029247233	2.2954588474918465	0.341659356388767	-0.7092007754961253	0.033406239267792424	-0.2243296605244882
0.2225123413651006	-0.10853570900983413	0.8689200288247603	0.42858632889667786	0.11801857746108883	0.02085931724054747	0.9937738980461206	2.137921261055745	0.47764953849386826	-0.9429265015579396	-0.33540637964406694	-0.6271852109312577
0.22699272405782694	-0.1089006042499032	0.8669102536633698	0.4302110804153293	0.15541306519827017	-0.010596249919514945	1.2094351610081144	2.2034184057059965	0.4385365281763552	-0.9640644272886254	0.12960011376093755	-0.6073430435105792
0.21362291269936326	-0.09887876640895447	0.8683664502687547	0.43649507302021867	0.11405877223077159	0.006086279073753282	1.0430967883085633	2.111739869166617	0.49906435545769934	-1.024968920301575	-0.3109597729658941	-0.5866824825070901
0.22719114407376684	-0.09641751132715921	0.8646402775847293	0.43759003409827846	0.11196786666837276	-0.03905287713049442	1.2633662370541792	1.916677894237128	0.30993760260845954	-0.8460175372105528	0.023583506487412514	-0.7760679315167124
0.22218806845896433	-0.10823965497456625	0.8671306703281937	0.4324361685863462	0.12126204643391443	-0.0057879563666284545	0.9347499441513175	1.9872714318743965	0.4742278166804265	-0.9337937581461905	0.32879091116831066	-0.6662356616981322
0.21174985976716748	-0.1064555277254126	0.8653458831287191	0.44159451995859966	0.12501936198752836	0.009688485329533736	1.130090043018045	1.911934534546154	0.5344792540741594	-1.1283424224994634	1.0140574949652674	-0.36640786481048737
0.21288764424022316	-0.11945682697132293	0.8679985676426492	0.4324204019124225	0.15266604182123802	0.006503712170021295	1.066660300846701	2.1612306550248306	0.539522969955116	-1.0110767333066264	0.03018518138203118	-0.11623134414355674
0.2308499776597732	-0.0909314031035778	0.8674879365184082	0.4311663805761427	0.08936331011498701	0.0037942104165690905	1.031397753249018	1.8194376395971215	0.441178511770303	-1.0561379277095866	-1.5971545576235753	-0.40581741811979993
0.22725227283347202	-0.1123535996842254	0.8625809336326384	0.43782097490123056	0.10494123013561	-0.0023530314342159035	1.2103106919601168	1.949848063197162	0.5583888107140069	-1.2279652628384552	1.167242325723303	-1.0918703129873724
0.2119685901648943	-0.11429931463131489	0.8651747758927959	0.4398608764338665	0.10978668472351404	0.0018782809590916587	0.6863875770311018	2.2114992651329803	0.6092709896407655	-0.9544964581117492	0.36689213942554316	-0.4982373264320541
0.22712722765774518	-0.1054573971179829	0.864802975250474	0.4352100341760685	0.09778399077160853	-0.013994167993536333	1.0606716607024949	2.042863047382527	0.4428873456246559	-0.9385874778262896	-0.8429369470385298	-0.6246915719950231
0.21892933844510223	-0.09930729260980954	0.8629616193310102	0.4444156274976165	0.08747866906680994	0.01115195424630939	1.2548174508773655	1.695562990954585	0.43564450615187883	-1.0851982760055616	0.09567928660563192	-0.6909894961296157
0.22608371286801138	-0.09323055658871024	0.8624725119388984	0.44309748841962604	0.12793163599555063	0.0008922902897196206	0.8823530756550092	2.2958891831526755	0.46563096627713857	-0.8734704037598154	-0.6035837173966178	-0.642467310896028
0.2144976133460926	-0.11318514634482425	0.8620468177417765	0.4450339094237731	0.13454036621861096	0.018043908713792006	0.9693367219409792	1.976377976176083	0.3708526158626753	-0.6829054906580679	0.07930865611388548	-0.6145688445651477
0.21411245429433742	-0.10422262448661523	0.871032199612243	0.4296468418362168	0.1064566332141051	0.013116552994889688	0.7075962221130738	2.350941787062798	0.6838425835548857	-1.1687104420444876	0.3079657072150432	-0.6580631069598433
0.21401241030348964	-0.09198352768380293	0.8665880884524092	0.44131938981120367	0.0899899233754466	-0.009206137101380511	1.1828059152585875	2.164745777385985	0.3978245334546077	-0.903572793073123	-0.3715398307584988	-1.0548390794993918
0.21198026008263757	-0.13059963271050298	0.8594325276352058	0.44652417147758133	0.10156467581686436	0.01724530408232081	0.9727560217766784	1.841640040102917	0.49261260487317715	-0.8712962985508252	0.5980343946844061	-0.7974358321680163
0.21461805095392228	-0.09798418752058333	0.8703628470296665	0.43221141321242806	0.14618552202516064	0.006400113538630754	1.0621802509758764	2.1631759670981783	0.6043407358914701	-1.2540199599637545	0.02130092282331734	-0.6124963502205851
0.20808593209215837	-0.09985567887633022	0.8756584460934255	0.4242067586056738	0.15018450315295193	-0.003949067678899067	1.1118581759210537	2.0857525162235624	0.45768530551251796	-0.9991915645884246	0.785698168643797	-0.4678835470897724
0.21242473069633472	-0.10398263566127132	0.8677920979528879	0.4370357193640474	0.10236079829885937	0.009638862251735271	1.0462679248448081	2.1853078192399127	0.4725029784607316	-0.9268200479184173	0.68334462844728	-0.11801815354759891
0.2118633873225419	-0.10878513564588767	0.8656577848848874	0.4403592838159705	0.12583875202630915	0.0320482531205439	1.0256737270439384	2.181760544511344	0.6137560339063091	-1.1610117031221308	-0.20983939523997006	-0.36957724317287927
0.2123034314111711	-0.11510717474405122	0.8716351812502258	0.42653218183434977	0.09386612452113559	0.021647592830400866	0.8902697532316522	2.2352990096107868	0.5938565981432847	-1.053460190072955	-0.8687456530764163	-0.3946240920402328
0.2263000774209004	-0.1061137784648663	0.8649966018720264	0.43509656368334	0.12735592425504424	0.01309951044451927	1.03826894526759	1.9446389184589876	0.48230034574370007	-1.0245898420487392	-0.37201778386882517	-0.4632596094466088
0.22016219535793322	-0.09835258214610809	0.8696570245006361	0.43075751538083246	0.14524208097232985	-0.002270751543229376	0.9558622256193515	2.1582450097414676	0.4146496044564629	-0.8329017715334078	0.3999270683519891	-0.3090805302129512
0.2308056241884707	-0.09896307960912994	0.8718853494506915	0.42041766153492277	0.06855300042135136	0.01731243806408578	1.0140968837288764	2.0571161439446524	0.4077636350181673	-0.9181437657020011	-0.8366287740017629	-0.6222353723181894
0.20012523353149064	-0.11768022534714741	0.8695761070714039	0.43581951479569303	0.11704097323785867	0.006848657035304995	0.8106563703200841	2.0334575463112725	0.48239677606348735	-0.7856824949519139	-0.22877775572613243	-0.27964138283892037
0.21689036326521158	-0.11422691014833361	0.8677630123807817	0.43231717253016944	0.11897974836466145	0.006058779275093712	1.155316306400006	1.8243850432499575	0.37052647862051297	-0.8413088892489928	0.567346633372269	-0.6073477435935014
0.22122157303495402	-0.10901300741162072	0.8624698573501562	0.4419535326269215	0.13269972070263855	-0.029680188857544258	0.8594188289770197	1.9590746122994729	0.4162942788655217	-0.7593527657211078	-0.19875038597087144	-0.43318536307987815
0.2163315363864113	-0.1253343961869652	0.8625179146665677	0.43994863606605145	0.13223972932257275	-0.014355061613913337	1.118886773798232	1.9116920218173927	0.4514042508640387	-0.8905448285929883	0.7491318868330011	-0.47458631969774884
0.20551156442260451	-0.10377380674487127	0.8738332042723745	0.4282657177889988	0.1465743151838297	-0.007406813568518023	0.8571439317667577	2.026488474327191	0.5511056943631443	-1.0447509647870792	-0.9028224102672787	-0.15542670620069873
0.2032690978604899	-0.12322402516865646	0.871626264957622	0.42867839660081125	0.13635719619920564	0.00372453396972376	0.9258889722823805	1.7297467264533415	0.5961933606686391	-1.1540494180110246	0.5580680421407372	-0.01838910906442658
0.22240534486518607	-0.10368971787454959	0.8672340016486563	0.4332314524211654	0.11317621491785157	-0.010670435476314508	1.3260352450733122	2.3229773745254905	0.4449784947528875	-1.0155055353987947	0.3557235223851854	-0.669868010603334
0.21612716674829924	-0.09899669869976746	0.8726392305957417	0.42660224409298664	0.1114097476105853	0.02302419186319966	0.9553719305959916	2.0878190585739396	0.5499674602709577	-1.1245084204204654	0.1834781230862317	-0.24810721833661412
0.21578240209170585	-0.10630305429744763	0.8631052457043757	0.44405737290597547	0.15788458938887495	-0.03739965358288017	0.8357691255426885	1.6075745820841885	0.5087258960383199	-1.0100905835167813	-0.02479228084945417	-0.5688522024549212
0.22230659932847047	-0.1107844833346445	0.8681300613311723	0.4297170822301829	0.1418135953666632	0.009736680290778593	1.051974313028265	1.882451008088706	0.5203643021203137	-1.1101684876354252	-0.537590101481724	-0.2205002802371974
0.234235854056055	-0.09834881131647577	0.8623118068256223	0.4380404362571994	0.13000884604634225	-0.004805092712447515	1.1587063926767434	2.027973028184585	0.5320818138267147	-1.2117198119429644	-0.3253027429762941	-0.6876692558927636
0.22470382928050558	-0.10318428595109914	0.8639414921590266	0.4387098019938395	0.14625425740198328	0.01525564662167867	0.9470598704698175	2.1137932589211563	0.41172894249259867	-0.7987226333490368	0.3967976863157105	-0.43457274520897204
