0.22380066414913832	-0.11474862073781074	0.8673880074707385	0.42939965214368386	-0.03627982224503298	0.16246661802518117	0.9938793397265879	1.9965950428803798	0.5058244855756302	-1.0062197756537152	0.3772255176589803	-0.297062229150093
0.2070507133400683	-0.11744572191906827	0.8773822818615827	0.41657752697864053	0.003783609682467047	0.029353328479910595	1.0123232437928649	2.0043837170898264	0.4977399409723738	-0.9863810111548907	0.3787260651408704	-0.3373202649358175
0.22583466304377434	-0.10460413194439071	0.866131515067712	0.43344305180101256	-0.010160714122176806	0.10562502780961186	0.9769868711438346	1.947323476995523	0.495105799745142	-1.0284307327496993	0.42942180962647886	-0.32471555778933403
0.22360213420047867	-0.09571549112921302	0.864505336075183	0.43985355999061737	0.012085508079798732	0.10911465970295131	0.9473488873996828	1.9623715413462337	0.4972618102452899	-1.031901084511429	0.36713245107349396	-0.26755492922096447
0.2180636562371851	-0.1110703452986966	0.8680220929156799	0.432029242568118	-0.04262463043405429	0.08321794016084282	0.9996929310662768	2.017486676536438	0.4832504427907947	-0.9568468378685614	0.43112895919551814	-0.30918044216016555
0.23039869476691802	-0.1176959091310805	0.853948694460334	0.45148171796098274	-0.018205135639025063	0.12533735228363466	0.9845129622927581	1.9887312033309559	0.5365879565603257	-0.9988966142517911	0.4216758827426497	-0.3111034499102342
0.23257373258394543	-0.13796226062933187	0.8599228932537163	0.4329070237501042	-0.0030982848765184635	0.12719836522306602	1.0102064141005929	2.0934578038417677	0.5669537307801902	-1.0017527413029794	0.29684050559358066	-0.2877006601801783
0.23875278914647	-0.09825162010129271	0.858462410320515	0.44315461736164297	0.02480128127231128	0.09375576321320468	0.9945454933594383	1.9646915803694105	0.4895116175511311	-1.0484911689538203	0.3766123781425635	-0.3177284466834895
0.21158847398809782	-0.10618994469344667	0.8718088292738082	0.42883957200988676	0.002326905179137393	0.14374825967543844	1.0000578464846392	1.9832216181235498	0.4874473762558144	-0.9932932357988445	0.34755000410669373	-0.29735506844394655
0.22264355297913774	-0.11385362251667541	0.862165275203946	0.4406112109208755	-0.06835076896214178	0.11089600813858012	0.9648610227057596	2.0029209680810194	0.5293240897484943	-1.0057509135538831	0.49423647919127855	-0.3647949912068775
0.22048089748395064	-0.11639070750735174	0.8692703272575434	0.4268611896157499	-0.0012502368377561794	0.09758236392319612	0.97516419464116	2.0142792902950366	0.516456363910699	-1.0061862920153803	0.3649806287569361	-0.2691677604422461
0.22830831356122183	-0.10749082864649115	0.8675186817249249	0.42864014344665613	0.026439307029455572	0.11683709812688044	0.9884238000246374	1.9977016896238857	0.48876195007017237	-1.0146993698865732	0.3481109370347215	-0.31202617594726784
0.20084158147734274	-0.10479627750780113	0.8713987225132206	0.43513752512569526	-0.02288432519101531	0.12800584418677766	1.0342244581442155	2.0210675610598368	0.495524582786996	-0.9829407543657026	0.4802538031149635	-0.3439599970554697
0.22177475979471928	-0.11239863151503342	0.8625079052875546	0.44075233053044316	-0.04028656372882634	0.13115823475166466	0.979198824597893	2.0178820454141455	0.5282777635082905	-1.0119019684591022	0.40113705653452403	-0.3239481580778378
0.2098597174658433	-0.10139177399533451	0.8681951643341472	0.4380819144612553	0.046467952612650874	0.13573109398578767	0.9981919734083344	1.9945751409318897	0.5002029078920197	-1.007849228313319	0.3466172366539382	-0.313216255687635
0.21993760686142347	-0.10002404510405426	0.8650466826025776	0.4396781509324374	0.02493527913627459	0.09255743942881156	0.9823550396464387	2.009559940972488	0.5009499793923962	-1.0198314817446736	0.3295212336417832	-0.32021043577544844
0.2235375198805371	-0.1088721152608146	0.8714589601374817	0.4227731312659232	0.03184414071691363	0.19786235764432417	0.9607506921814701	1.9742237058179213	0.49364557178593726	-1.0171360026611518	0.4050740020574605	-0.3370843599170354
0.21269899272607307	-0.11078001380527217	0.8582868253282973	0.4536856318007995	0.017882387635731564	0.08636971145615192	0.9864025999193712	1.9845649198638313	0.5413563339196364	-1.0020059873002685	0.362481582348164	-0.3758786238569902
0.2237595262308782	-0.10691145204152527	0.8644591317100516	0.4372779727432076	-0.06431156171707758	0.1378041452681251	0.9919151082668184	1.9981921706216286	0.4881300896213903	-0.9840178754126577	0.4798152770575966	-0.35851025759767347
0.2492384362858009	-0.09390545523835073	0.8588141151768515	0.43760745300701687	0.060882766462655696	0.15287636340669575	0.9321165831920989	1.9893748974895926	0.47134309553836135	-1.029009503123409	0.1939586181231725	-0.3148783634134644
0.21076767014767672	-0.08527439071763455	0.8755756207885051	0.42623068846468587	0.014285235584890671	0.09651703961242845	0.9787379212461083	1.9746987568024494	0.43829629103251694	-0.9892685734055351	0.45261905516961964	-0.3232346596910406
0.2130112613439471	-0.11877133505906608	0.8717795890205207	0.4248763592813321	0.016759894098189523	0.07940420204672691	0.9804881191185536	1.9974882311336744	0.5161698509726598	-0.992281632869685	0.4110270039982691	-0.2634732762007819
0.22905330819696082	-0.10566341891654255	0.8645434607890576	0.43466588123957284	0.01842745154318619	0.0793435784675081	0.9722172291285415	1.9836412067296245	0.48370535685003246	-0.9922001763621645	0.45093945012623055	-0.3001241593262149
0.22673891621569398	-0.11004288533320195	0.8602812282486396	0.4431661489598324	0.11214683076989133	0.14390697674950664	0.9607327889361159	1.9851915860504978	0.5208595722374736	-1.0097003457232376	0.20012583828755293	-0.3112674655443739
0.22286287400287333	-0.10446860961759144	0.8597252863692347	0.4475386921519572	0.04538713603922908	0.1601833793059885	1.0454573999825192	2.002095530285865	0.5086728962015714	-1.0304281258338677	0.40176465219934626	-0.35571840380875147
0.2374507900673261	-0.09830392671310409	0.8717937609187767	0.4170480772192603	0.03037965189061397	0.10230278930227606	0.9480246542780173	1.9772389312394199	0.43308240526521935	-0.9790175601985053	0.36434801020610413	-0.3201980828302254
0.24035122428319122	-0.1047560438449862	0.8663077588706175	0.42516858677951075	-0.014743603089052426	0.12781523239298562	0.9599838131374159	2.0018811930646607	0.4656047360596825	-0.9981478861748055	0.42941998569023343	-0.31198603251266305
0.21084369228805283	-0.13332709347974908	0.8664171664487874	0.4325391511174883	-0.029714158914512165	0.1087327814785315	1.0200626757519182	2.062803866418787	0.5657180979698965	-0.9945781955987234	0.3778875563856314	-0.3439729067687161
0.2312575966086145	-0.1154026219528222	0.8630418590919038	0.43400565470096325	-0.04305183245392891	0.12151293590893004	0.9779761657590537	2.0404615483055664	0.5097229551328091	-0.9921576991477201	0.6298405326295723	-0.21615322566051873
0.2448293545528436	-0.09709645796952834	0.8559909939729677	0.44487108608694775	-0.010878743763326296	0.15061903174737404	0.9462941981536035	1.9729171718586822	0.4992460628358607	-1.0507930874359086	0.38938588694803133	-0.4127061898481143
0.22083843474146764	-0.10209855655929871	0.8714321383138021	0.4259252267749363	0.025384566911685075	0.11454462932624775	0.968009796213325	2.0089916226601257	0.48485583662775333	-1.0123316365835395	0.35305661355091655	-0.3730390248857865
0.23092142707031169	-0.11332799511979164	0.8652089616131283	0.43040157154252073	-0.026812779963260893	0.09176111000816428	0.9920317968669609	2.0327630420131313	0.5027403766493348	-1.0076355339831886	0.4289223032663017	-0.3480701058524816
0.22836628422935193	-0.0988500884946349	0.8671403813894694	0.43144531425849003	-0.10287810858289392	0.10455468233748494	0.9709821455717937	1.9713368035618004	0.45566585042952595	-0.9781054806571506	0.5134918971396962	-0.35773280864683726
0.21887443927057068	-0.1000334692640256	0.8643160103947579	0.44163912761018487	-0.017165841661069704	0.12291433554766858	1.014866991552965	2.005227224293926	0.5021481414996157	-1.0315057195107922	0.3829466383789151	-0.31324741455561245
0.2188584989031183	-0.11266586831113841	0.8759061911677418	0.4149647019320924	-0.0073061586877981935	0.10608736683896726	1.0031952840859706	1.9961622136606005	0.4751526333126941	-0.9900784241288682	0.3095874777688021	-0.20919621739648075
0.2284822679053926	-0.10646367049917396	0.8639649665465975	0.4359195759504134	-0.054053542937815884	0.11622086382917766	0.9703963973929013	2.0094408583846204	0.4985222433851598	-1.0059003947732523	0.5112763744853345	-0.36756934042887685
0.19743896841396455	-0.11127843925506785	0.8723395305272359	0.4331959212505438	0.06588743517746455	0.12717150934087848	1.0485270310533346	1.984936865375766	0.5217509093057958	-1.0186692454733914	0.3850235778268884	-0.33492733645934153
0.20571931000380422	-0.09913800630950456	0.8670232212890884	0.44285658507244524	0.0025017803367781964	0.11209973728112187	1.027780772949943	2.001249665797317	0.5084343060546692	-1.0248437408396838	0.4480760693103855	-0.2917500784471314
0.21151209187164427	-0.10992937496120882	0.8629694602973279	0.4454906038367785	0.03218631057796936	0.17199310590253622	1.0006566280682259	2.006477872697746	0.5177461835752415	-0.9829146991395076	0.27532380728114153	-0.3540913539883109
0.2149373086095517	-0.11178082159613414	0.8714548316353308	0.42646626796314474	0.000615405715283676	0.09303940607419363	1.0096986741790874	2.023328655886275	0.4895731714000287	-0.9789601500496242	0.42272002070908465	-0.32903259534314416
0.21405694869835423	-0.08647190216753613	0.8715008259558849	0.43265291309280307	-0.006781044014469731	0.0933646225167963	1.0283068714605192	1.9916473247475688	0.45986598491935227	-1.037016672536715	0.31876773120499274	-0.35481163380826874
0.21135857982260023	-0.10935453554215069	0.8663618073354541	0.43907443000268165	0.08441223501246141	0.1262190650758457	0.9918870714011313	1.9835921932066658	0.5191346888836513	-1.0077733451061064	0.37441761128980167	-0.28486879622802797
0.2253117412633977	-0.12042150153057352	0.8680075808259752	0.42578882189016637	-0.021012378203957682	0.08539549523413358	0.9833607860336132	2.0085321692732188	0.5078568515236891	-0.9876160358678536	0.46778651360368095	-0.3519841849017384
0.22738587466216964	-0.1007745704774112	0.8557420252851458	0.453702254909638	0.03418398599990098	0.15890298867482214	0.9945358425646688	2.0030034679322424	0.5256633570877007	-1.0450109272779686	0.26747703022835206	-0.41795661827957864
0.2169016187875908	-0.1093229451667724	0.8670572328487335	0.43498728302340356	0.005491134731792391	0.14025371876208756	0.9881912802253653	2.0153603587384943	0.5028094127991453	-0.9884879702375065	0.3215883712038788	-0.34571009422231574
0.2101082505757346	-0.11660496769055709	0.8684956535178875	0.4335586515921762	0.014058581637028026	0.07393090059650616	1.0180713142776432	1.9709574510439674	0.510525297563356	-0.9859583087101397	0.3358592924589143	-0.3080012881867417
0.2021229467938374	-0.09393973854797211	0.8758792286573115	0.4279687099632254	0.005110731893225864	0.10935022132763987	1.0154656725345677	1.9999623066470735	0.46886662220331454	-1.0001747869460522	0.3490276916996533	-0.3798354704108269
0.21336094797323457	-0.11034141013482811	0.8713619257538862	0.4278203751995683	-0.03777945898546755	0.06168114575296237	0.9733252013621215	1.9900421150197487	0.5088755025302986	-1.0086015003431745	0.5134058097223312	-0.3143586161284233
0.20671878341874253	-0.09077759551552203	0.8674457732453706	0.4433560682036915	-0.025821650064350953	0.11325031976010606	0.9824427066145028	1.9457640138833272	0.4835271906519122	-1.0057180497287361	0.45664684050263116	-0.2760965592649128
0.21055418389560923	-0.10991970761315968	0.8787633394565648	0.4139560203082424	0.01411320806135072	0.10959086818525211	1.0145461206199966	1.980328729151662	0.4628703466494626	-0.9727923918646072	0.44802119463028856	-0.3092047133729284
0.21746933291485024	-0.10165808781343683	0.8719313230959483	0.42674171371900654	-0.05849769435410206	0.15885965161669222	0.9670680492402403	1.9791201310451105	0.48773091282331793	-1.0179036209599859	0.43482663589419074	-0.4047545172675409
0.21002763952799824	-0.10627286840724579	0.8746263134530368	0.42381986726714904	0.02046744878750881	0.0988857550974379	0.9876426674657379	2.0015037329425116	0.4802566662813341	-0.9786512263635744	0.3937720476254804	-0.36494604519901025
0.2366552031176543	-0.10237419402409131	0.8676205606975902	0.4251451539063556	-0.04501414694716243	0.08908194412972409	0.9523095615502195	1.9597333188144586	0.46713507441159025	-1.0115107391791667	0.4802709847170785	-0.3172628820804756
0.2015109425110203	-0.12027771623498502	0.867699408845166	0.43820582711251804	-0.02946569410527625	0.0964540390007619	1.049989944415769	2.0286341528060006	0.5330117582252989	-0.9814542419576249	0.4914618489229026	-0.3092944577528901
0.21894899213434238	-0.11618224354349617	0.8649256833322578	0.4364247786741515	0.048436200469165136	0.1417294019491572	1.0114462918672857	2.0188820591786842	0.5233342273830562	-1.0071428911141007	0.26386376699521974	-0.3497314373798777
0.22261144022899132	-0.09713738414884675	0.8625904695006196	0.4437861615762645	-0.04042980123695631	0.1042511912191067	1.0193737101641478	1.9949359960860424	0.5072333644269104	-1.0605919973769646	0.47628501660360456	-0.3615412579177482
0.20796970823973462	-0.1190843478989112	0.8583493592816355	0.453656142867014	0.03514427615208954	0.10690742518268698	1.05491846817134	2.019777855886873	0.5631605602760101	-1.0189560320677928	0.42491031355087333	-0.245807170106998
0.22602689171380677	-0.10909207453690245	0.8648979836738823	0.43469787362291384	-0.06904392645114989	0.09840526222704914	1.0202965697134931	2.0048020870770826	0.49619984198133804	-1.0146557256339852	0.38758336130576293	-0.29081485242968497
0.21468058428700584	-0.10783818996024545	0.8671720643119265	0.4362290480851541	0.03338424768098409	0.07795347312897244	1.0022197074283115	2.0064513300980114	0.50781288074523	-1.006687149104911	0.3533253337460028	-0.2833638738430256
0.20106209753403673	-0.10596055231081558	0.8723613986402753	0.43281865076678827	-0.03033155576806969	0.12269843879656255	1.0344750030552978	1.9952655013794125	0.4948264977724725	-0.9894255119328426	0.46228789027985734	-0.2931659993123286
0.2220307525771816	-0.1406763857310329	0.856204578668258	0.4447765943427947	0.02548402106476717	0.11842264874700957	1.0247919494706004	2.0477363811281393	0.5810085467459901	-0.9823568916971922	0.35458194067885046	-0.33934292875561983
0.21929518563466296	-0.11521031560644664	0.8762616243282861	0.4132817083598973	0.009585031623154465	0.1160811279982951	0.9839907363406676	2.009580426443925	0.4766446412754978	-0.9725217339232113	0.4029681385200235	-0.35518308035997204
0.20435865897001426	-0.10348309793524396	0.8650280923157312	0.44638009190633593	-0.06566816309017676	0.12729185840234206	1.015496410099245	2.0078876660999163	0.5305346391249933	-1.0275333144756595	0.4044636679521097	-0.34108652475297935
0.22538245911770774	-0.11241365742274856	0.8726507139905372	0.41838576471804245	-0.1066556968108182	0.12224507781484605	0.9745041167340007	1.986777851103745	0.46618655949509336	-0.9634964607091931	0.41377567776177426	-0.37350768388473377
0.2158965332336599	-0.09170889072092757	0.8771606310575876	0.4190076295523493	-0.012931418323247445	0.11953330135441238	1.0072867908345402	1.9693442510168124	0.4279803773187634	-0.9839221488508283	0.3585380129417957	-0.34828753444085875
0.1883410128486473	-0.11198771198726863	0.8759783534983826	0.42970727180868723	0.016044834714625936	0.1105736732156803	1.0566962057530245	1.9974903066006637	0.5006299911643272	-0.9631345035003003	0.3460247713959507	-0.3304163313720592
0.2238508942564923	-0.08370012349742881	0.8580601480365746	0.4545523609206485	-0.03166270573507583	0.10633882666290505	1.009622652021664	1.923159162183446	0.48681993945724944	-1.0620494027943548	0.36112058885218395	-0.3347804062881676
0.22389812409380289	-0.09948746600215906	0.8687270532568154	0.4304476519572101	-0.008320589338374167	0.1320168770289061	0.9911447353526178	1.9888765305144047	0.4636510057588117	-0.991603347748538	0.4125425450109068	-0.3666031305896933
0.23657209903732074	-0.1175729513358564	0.8628973532710134	0.43083453992122345	-0.005165502144221518	0.15092131974088419	0.9925825580119969	2.0054426296728436	0.49757338710543286	-0.9943174226027806	0.47341203618502786	-0.37372478559162453
0.24545393980398933	-0.11397441221510254	0.8501751068774326	0.45162427352929946	0.0038417908844035607	0.13048328098494666	0.9664886237766904	1.9915653666671118	0.522690875561511	-1.0066326060588902	0.4118200772082108	-0.37588740884314653
0.24015986492133837	-0.11362602360017451	0.8589930454707094	0.43765661639547154	-0.027206488041209776	0.14570652431479894	0.9413540203172438	2.0088535247251267	0.5120456546167768	-1.0000101820388563	0.3024027022906483	-0.3545176838161237
0.23020029636059447	-0.10876362262007165	0.86752184312274	0.42729866563678504	0.02372432705476452	0.15108061969186154	0.9584588502152068	1.980565154400229	0.5055195719224014	-1.0385554105317152	0.31280657237357656	-0.3170973655178881
0.20950350133966378	-0.1188900500608616	0.8769198907899975	0.4159145874573361	0.03931571661537005	0.1467941991757401	1.0034071472384927	1.9693591685547958	0.48705418674437156	-0.9694000087661148	0.3332226913291707	-0.34259886120974387
0.20938035921376227	-0.10235930248834617	0.8728926526247893	0.42865003833345666	-0.00828298745122177	0.13011968332245005	1.012364264836888	1.9987602104649855	0.4762483213584635	-0.9870316462018567	0.37929679047993253	-0.31007216743918486
0.2185558615228599	-0.09014659864452626	0.8661534387941366	0.44032391101541934	0.05081062918959372	0.14206808451709133	1.009033795167029	1.9420460174075693	0.4708576482749437	-1.0294611930533095	0.24023840756931647	-0.34321311712512154
0.21150575025893503	-0.11438395165517704	0.8631351354815765	0.44404883414817303	0.028045493450739947	0.1732857844392762	1.0206002001430245	2.0039472829646456	0.5295034407684659	-0.9991613351452246	0.258162637387306	-0.3834527279005082
0.1982618477476983	-0.10686017873765422	0.8687472640427036	0.4410797355877303	-0.01830247322821665	0.1551497716321558	1.017546422836022	2.013107385267229	0.524916233346532	-1.0035354717313767	0.30900607189701196	-0.32736680877674973
0.22465574845038783	-0.1049207883794739	0.8621854153017398	0.44176660409654367	-0.02611978631318891	0.12147963459621204	0.9983009886576568	1.9979933843283983	0.49581018610245464	-1.0008074893861725	0.43879356458003516	-0.341337176038395
0.1989540960160934	-0.09139208918273863	0.8746619161315076	0.4324711391323045	0.00030252731436092073	0.14506040579885054	1.013279999535118	2.007591388728194	0.4790387484486844	-1.0107383941826276	0.3777335456846484	-0.3348056073406493
0.21137678616639333	-0.1205546606345472	0.8712695071438568	0.4262345293269386	0.030861753795743952	0.07201157772291344	1.029429054017784	2.0240075844759553	0.5119096052740268	-0.9844464917195749	0.4065099946724498	-0.3799477435720413
0.22608892669326067	-0.08223084141853362	0.8731949650806107	0.4238542661153249	-0.017479477287535506	0.1268236734359637	0.9769048023363582	1.9533855247152196	0.42838262246704734	-1.0246455131294818	0.3579438682945539	-0.2985643678525589
0.21945930637121816	-0.10964414692883606	0.8738134116489614	0.419840321448184	0.012802184378329999	0.1300334433700826	0.9909078409770239	2.0421457757746877	0.47145962423448506	-0.9658966467959875	0.41645970276999633	-0.3123872227597437
0.21830876225494222	-0.10194606985236256	0.8637480639491927	0.44259187203155176	-0.03815520552568168	0.14141611746600347	1.017916963941921	1.9777089451595253	0.5081030439892732	-1.0381427852006855	0.3410657819712343	-0.38069914760752677
0.23802153896545156	-0.08702863354764963	0.855680708342672	0.4512009411576291	-0.030984733949656396	0.12514093146515795	0.9567198021607364	1.9836962021342033	0.49038915474732575	-1.052076903703836	0.3987426550392106	-0.327716561347109
0.20441821366410057	-0.09601035946139719	0.8739255911522255	0.4304059315665907	-0.0196615063304296	0.14484331264899294	1.0312429259803775	1.974310386113668	0.48042705687379633	-1.024865259179672	0.48040721557773797	-0.3991935822531203
0.20799757205864353	-0.09864655243312462	0.8720319361363904	0.4319330620234881	0.015293539465115358	0.11606203500104471	1.0155228740435638	1.9683759932377278	0.48210640725859893	-1.0128073276959157	0.4099388143823232	-0.3260668687827125
0.2272963886642853	-0.09060443122625704	0.8606793391489369	0.4464955362649105	0.007812648843366986	0.15639995148309652	0.9725855075808397	1.9694984095367056	0.47494080544489636	-1.0109656026675637	0.3846707167371554	-0.35177971003293146
0.21321172026550125	-0.10069939150436026	0.8729980140519581	0.4269366022648028	-0.03375255938656724	0.12391337037408001	0.9853991952964672	2.007094523049488	0.4702410206615566	-0.9802507804620473	0.43112344416836684	-0.33694729284000635
0.21178417856881243	-0.11441928868015616	0.8718840344325529	0.4264667848584172	0.0588815252241009	0.13160756249804065	1.0039541251223913	2.0044268772613365	0.4911130198592827	-0.9648350538156396	0.2991932482375878	-0.34135712421327385
0.2066196927479701	-0.11023109810234578	0.8777967708221591	0.4178878279084894	0.08346627281829676	0.12711850542050035	1.0262148459464888	2.003541493382248	0.47409277007189615	-0.9747609111557413	0.24062796674322615	-0.31352186210555416
0.22467776377725082	-0.10813924202950988	0.8707623297324195	0.4237909530845438	-0.04159210535216917	0.11985137014138315	0.9612123338663384	2.001043520167988	0.4811596989840929	-0.9876271439102975	0.43555243426858087	-0.31807288155438684
0.20707227312279108	-0.11692980093296776	0.8704551065407513	0.4309946668517678	0.06285646144663543	0.16458170050192245	1.0344453472752881	1.9971656713635346	0.5073121986062302	-0.9797551836791863	0.3568198991526492	-0.4067244202671232
0.21697430655684405	-0.1076509958712305	0.8743962603754244	0.42043381550915	0.012368137984624801	0.07516339661087995	0.9964908078675246	2.007556559929045	0.47441084763393837	-0.986886627169415	0.3934493395425204	-0.3561455557890447
0.23621161306241373	-0.11041943982380284	0.8579055316357481	0.4427298498545523	-0.0023867114840498958	0.1321895895257192	0.9635453674758793	2.0115281765648434	0.511499036906179	-1.003561527189419	0.42889738124121607	-0.33089301372004853
0.2179479893538427	-0.13013057177577164	0.8624834536952787	0.43782073994706067	-0.019200913779537643	0.14857092718862067	1.0313079979281365	2.0256257650229372	0.548307154063425	-0.9914594578633804	0.42306807318467715	-0.32258185338872064
0.2093713701930643	-0.10985273911104194	0.8653399343785435	0.4419081386702649	0.011538280314418689	0.1748432861162199	0.9939753100801298	1.9887344812366359	0.5296315554599734	-1.013679854993385	0.3008176752789306	-0.36666995592316337
0.22884274614507244	-0.10027500496380722	0.8690159177581938	0.4270682095393835	0.05771876414743063	0.11488248976900743	1.0036064937277982	2.032754164293052	0.47401066142301285	-1.0250269918120198	0.32893297876871025	-0.3979904846183049
0.23017478941850836	-0.1077006968573549	0.8570633069631035	0.4481769896704366	-0.019486541895441765	0.11501287565565477	0.984926904280087	1.950853474861148	0.5250504072222306	-1.0411032095946589	0.4270595841336906	-0.3585656314343519
0.19364842230471518	-0.11967539677862449	0.8736325162494482	0.43005152539716823	-0.04063896149937916	0.12544721380760818	1.0524997032022572	2.0362095160082365	0.5220195004279897	-0.9677536535986594	0.3817959668909572	-0.3975971094098556
0.2107541654516379	-0.1051790961653438	0.8680481488288934	0.4370497120344049	0.07125955942999172	0.10710031210433836	1.055101714271123	1.9942706592197388	0.49071564003896984	-1.0034929360957796	0.31411709852111047	-0.370869848355114
0.19581576721093624	-0.11006959431381967	0.8776751180987529	0.42335240260275375	-0.037660256840073486	0.13670029053777405	1.0317393777321922	1.9772069948508415	0.4958242286720059	-0.9910728081170478	0.4444079274954904	-0.27282699103559704
0.22672309253190442	-0.0968622418436347	0.8632213456090657	0.44052611035291506	-0.014850520169248012	0.10089030092204411	0.9927751185069167	1.9803936568218488	0.4996626753484318	-1.0546007416374314	0.37724644005367014	-0.38107154031787877
0.2222450096297337	-0.10701128089883216	0.8607708247653842	0.445229523603041	-0.0416273731227595	0.11959200706188731	1.0122904225102751	1.9899334438476877	0.5154548778972852	-1.0235612514156105	0.3251375101339111	-0.3075523186779582
0.22406193281045458	-0.1135856085814638	0.8642946922195288	0.4357628308949397	0.021822734075485156	0.1338982671649616	0.9710388853962156	2.008527667178953	0.5144441902978574	-0.9961023850816197	0.2753963649091178	-0.37894444635569213
0.222532514324999	-0.10989707931000013	0.8657011338556295	0.43469927406012904	-0.020948978082537567	0.13189125692356715	0.9971266834188796	2.0081449615576608	0.4911192530241145	-0.9808305683938197	0.49898111129623607	-0.3115023202056946
0.20840082207082342	-0.12009309522707397	0.8673075187048316	0.4358031824540227	-0.05292491952181369	0.13412745444739146	1.0159868911565366	2.035772579149099	0.5374723533409377	-0.9944950007704062	0.45843610820017583	-0.3457496458329883
0.20424303164975544	-0.1129729020319851	0.8722095957703352	0.42985151910297703	-0.03752627660773535	0.10649505767865118	1.0069152911015031	2.010844971985988	0.5122594567315786	-0.9893696647164427	0.4425497947131897	-0.3429353963478839
0.2021619622005646	-0.10054777668050942	0.8749281787789629	0.42839393975913215	-0.019997643645654522	0.17433244732568356	1.0033055022913744	1.9830061754146415	0.491895587032809	-1.0126582493303393	0.306830866826091	-0.31311160695364365
0.20684758759036861	-0.12367048742874463	0.8692251295376474	0.43170286103689587	0.012352154305926705	0.12759875014257122	1.0416017823960466	2.057305895210024	0.5371889973941689	-0.9913368836287743	0.349028646475079	-0.3955541320486871
0.20990025065292783	-0.09975387305512934	0.8634160559628054	0.4477764664338369	-0.013904935064233459	0.1898004479550726	1.0349550463520454	1.939852988499025	0.502440997403215	-1.0218158691083656	0.33034657413405916	-0.34711629375076386
0.20515461292479573	-0.10378748180504	0.8659718475535	0.44410866087144013	0.017274202362744687	0.10978645405875198	0.9972502662725289	1.9960976713866343	0.5225182395232686	-1.0130552869509857	0.35431800890269666	-0.3171841259667981
0.19775274097426881	-0.1083666573924766	0.8632212162614337	0.45166320726718107	0.051759425921288814	0.11374742171842894	1.0548795831855833	2.0216638244786997	0.5315717847261501	-0.9927494940251368	0.3843846131261684	-0.34737067314434883
0.22827338171385972	-0.07792164386223879	0.8667429050139831	0.4365503604701826	-0.02662896750820651	0.1362208869383775	0.9737094982530597	1.9536498087747627	0.45554640400647256	-1.064898831875434	0.4286739191579523	-0.32128465115499616
0.20602266419531315	-0.11738270517223832	0.879537153381824	0.41254134118329355	-0.0738232805784348	0.14745620053879924	1.0017178441114003	1.9957556472120732	0.49301392868683636	-0.983497674522353	0.4529634935296471	-0.31366011567202884
0.22096299067158198	-0.10930449624382461	0.8678373299968586	0.43137715808591187	0.01342995661950142	0.17839417408367345	1.002737640197523	1.9958120426619916	0.5014927138467516	-1.0168150248390506	0.32250297687018314	-0.3457406311454842
0.21813472719450355	-0.11151299050849749	0.8675265955224132	0.43287376889911316	0.03935320930474878	0.12920470406929802	1.0095087224848804	2.008185829626654	0.49490946066585195	-0.9832363439507263	0.3235858884472659	-0.31089964697556755
0.2091236420249824	-0.10772279194813689	0.8669512189273391	0.4393844403725584	0.003693505495631672	0.10872863415804988	1.0307595120039812	1.9930455947570955	0.49826735654835713	-0.985090047793442	0.4303148161785921	-0.34720673071791935
0.2081532843678223	-0.10866067665284611	0.8737588582856803	0.42592314462064457	0.021542337035807883	0.17168761487946357	0.955016914854296	2.01413046482868	0.4843558136612455	-0.9465165631844181	0.34213171310692214	-0.4024131797438773
0.2248240645713075	-0.11452857431175781	0.856558694978572	0.45016057991827596	0.02873820758776066	0.14151848418847798	0.9923931135403298	2.0367168778509233	0.5274938124103109	-0.9811631769031919	0.35977885571252455	-0.2959442556276849
0.2101490453053931	-0.1107097049628079	0.8646703412126047	0.44263522341941774	0.08263092112216251	0.14664506093635923	0.9999276380033688	1.99209140195917	0.5270487708346118	-1.0060505899286083	0.28982519342988927	-0.30787526041406726
0.22278931792459875	-0.08593217386260794	0.8696512371442513	0.432073265832789	-0.03016953952002062	0.14022324888748774	0.9503653033229977	2.0099453862533405	0.459812748667658	-1.0157744571589458	0.3791421288291286	-0.2898099807745003
0.2184109366209601	-0.11055053864788184	0.8617667063920692	0.444334766727952	0.027060651628923696	0.15081094379079782	1.0289625813899173	1.9943901291850785	0.5143076999508133	-1.0070538347644624	0.45139393646790515	-0.32490122439111097
0.22014620096745832	-0.12466813383436737	0.859732203852939	0.44368236866481436	0.05384893424357923	0.1449263683034914	0.9964530516887209	2.013013751722058	0.5456316160101378	-0.9860742472197473	0.3593749362260403	-0.40618177625807994
0.24516973380616816	-0.12029971084742479	0.8671691783998166	0.4164581578368057	-0.018056513495999574	0.15269122169134353	0.9364448929496185	2.0602749570371532	0.4779115887288993	-0.9512784317503451	0.37596393400257516	-0.354090228049531
0.21896811831792576	-0.10348510929037061	0.8772441459478055	0.4144713545177426	0.02142173412483413	0.10933233008969329	0.9847976905626926	1.9765960799570912	0.4563862328168045	-0.9927180308456631	0.38140847118111304	-0.26718443122010627
0.2347487067841133	-0.1181991864983112	0.8617796725728861	0.4338868434448006	-0.013156371803495796	0.129005996367576	0.9574230806441908	1.9988937586636117	0.5152599930985693	-0.9968654466779526	0.41476332850347547	-0.34649965784249565
0.23310358221905053	-0.10732374088803483	0.8730210712088793	0.4147029585423104	0.026312259170261032	0.1622491709094396	0.9921983644888613	1.9980493991076924	0.44006833994967404	-0.9670434761317749	0.3187204612813974	-0.3429156379500243
0.2293393508681198	-0.09525360752503913	0.8593927327085522	0.4469612325074538	0.015901597243573994	0.1331786509112514	1.0082635335507566	1.9450165063253948	0.48027039238661523	-1.0262759204955825	0.3561396489360072	-0.35791606012002974
0.21515913749623158	-0.10758417948903035	0.8570384668112123	0.4556503662693977	0.058600512049547505	0.152139908499938	1.0130041350972314	1.979964401660052	0.557178428649172	-1.0588548421402233	0.2526660173261936	-0.32910757383285977
0.19707040699223466	-0.08063710327482371	0.865284472356479	0.4538101961857293	0.04952676233239466	0.13335309847027274	1.0437680359323085	1.9556156547139463	0.4985201716668182	-1.0563058694151333	0.4371615745304586	-0.3114043558126954
0.21793704111126874	-0.10860990968076258	0.8747219474368138	0.4190093654122183	-0.010834616371597055	0.10543546920961593	1.0017783666945952	1.9952242188073899	0.4490805983457917	-0.9413731028236764	0.4383459870066427	-0.3289905474385182
0.22090485577094046	-0.11741381496905615	0.8746618522188963	0.4151887342212477	-0.0017295112420267055	0.10019051843189423	0.9604479839399928	2.0248971109918026	0.494396894591791	-0.9799081686655563	0.4738656722949503	-0.3039227771219644
0.23506943877414516	-0.11809888758183208	0.8679006693429157	0.4213590391346332	0.04302816396820936	0.12316142074299326	1.0115273405319984	2.0047633445376127	0.5073976488770701	-1.0475379936758233	0.3364295870115357	-0.3070848233064845
0.21032511818276392	-0.09509618664656323	0.8732340805366047	0.42916465434152334	0.036291986997900406	0.09871779726426318	1.0238284294118638	1.9666746265751471	0.46037572257372716	-1.0027138640212143	0.42068446739182397	-0.3742460842442223
0.22104416305812086	-0.11078409123169985	0.8673030853543879	0.4320320835802132	0.02957539924189823	0.18667363534022216	0.9721204123365033	2.033751213150252	0.5074738236082486	-0.9946202892791887	0.313967789434188	-0.30974861307498663
0.23243170805476446	-0.08705366678350301	0.8705716290766443	0.4248555034798649	0.0346736638852693	0.10841914357822648	0.9571363066328887	1.9787367980334825	0.4327859911007963	-1.0050093138502907	0.41184698877826537	-0.300579254264077
0.21585372553847712	-0.12252095712271228	0.8656758873712538	0.43474250109793355	0.051201668388777606	0.13068744824252213	0.9838906334016349	2.0118319099417263	0.5395554727332366	-0.9959114858036583	0.3624202518417498	-0.36291938035874366
0.19734408703801523	-0.11397279103158016	0.864944938455865	0.44714177578837777	-0.0064162635165751145	0.14919431615325993	1.051094354445535	2.017999785542395	0.5390735150820593	-0.9923006980347557	0.3418567115239759	-0.3168070400342968
0.2302388801049957	-0.09148075672971684	0.8659509276657603	0.43445404833073503	0.036308274028278985	0.12020317944344917	0.9604060836187148	1.9624213488113178	0.4727797351509091	-1.0380915613398902	0.3315185045802573	-0.30446738501210396
0.21795886690584587	-0.1184080092635496	0.8611985746067478	0.44363328411500974	-0.000908220076406985	0.12858576528132978	0.9930711763744225	1.994834544585155	0.5487141173532373	-1.0206540245496085	0.4326799743793511	-0.3247331582917931
0.2371442116903592	-0.11420269339721129	0.8605819902948837	0.4360263818425182	0.012526446118874093	0.14778210095452912	0.9804319049997438	1.989176758988294	0.515095744881858	-1.028874737200024	0.3238743444330073	-0.345551511744898
0.2331422664744061	-0.11658694104858018	0.8650678133363287	0.4286138671223959	-0.13546488314073854	0.14299553150070535	0.9696021077953945	2.030032429174234	0.5186509588297609	-1.0220112933431964	0.5009107627000217	-0.32389862627641003
0.22338348878991857	-0.10594725794021903	0.8685702234966843	0.4294889548357592	-0.03925168440386824	0.1339950602448653	0.9936023570930909	2.0185984526548926	0.48312604257219854	-0.9958772629991228	0.3637405015931936	-0.3023335189954031
0.2082814973141718	-0.11068891601428965	0.8757473598534813	0.42122837446901074	0.0631860590651344	0.0760869256313771	1.0077100897900289	2.0079016581978224	0.48741643331091783	-0.9839996260807077	0.369787614969894	-0.32049034520156083
0.20213087600744786	-0.10296419935997222	0.8757530168248208	0.42614332816183664	0.030987218291933943	0.1534655400587454	1.0348924983015078	1.9954505050415055	0.47964821730545903	-0.9944474287302089	0.324494415797	-0.31155282983613125
0.21969261170209683	-0.09877310434380511	0.866738601486493	0.4367416019971511	-0.030290274367042003	0.10368249824632454	1.0077661615826865	1.9923902187099056	0.4923272164270953	-1.0333872798762826	0.461480931797126	-0.315792266480732
0.22071261437165512	-0.09487507899985782	0.8759219132078553	0.41838434866076246	-0.008634290920743812	0.08621116699701	0.979858206109951	1.9786774533871592	0.4427868774265507	-0.9952251245304535	0.4428684894854345	-0.33720996287995214
0.21104568164283044	-0.11808488621028178	0.8714797907929315	0.42665988110921116	0.03846515232065271	0.11789004883973213	1.0109223962552352	2.0065267872833803	0.5004758815929929	-0.9669644456995838	0.43415743008741253	-0.30152381080048457
0.2126742887742382	-0.11826945221480382	0.8649100166001386	0.4389904859469397	-0.006009785942150212	0.1636171277107342	0.9647573278937697	2.0403223244083755	0.5492096186105145	-0.9997669409686298	0.4286195874367267	-0.3291851941883273
0.2233830349875223	-0.09533824900336826	0.863977873630334	0.4410814798129047	0.027895457279466535	0.15203931327307252	0.9502399069650416	2.00708204314186	0.5006219861503189	-1.0280234528639687	0.32949683979552263	-0.3732328759465681
0.1944526794034316	-0.1303515335279311	0.8731973191611792	0.4274611970570812	-0.04336269750236036	0.11001155223670196	1.075103976335694	2.0204478550154747	0.5340109114825262	-0.9637957121418397	0.36547744947882593	-0.2576268377333572
0.2142836725406663	-0.09320175063571982	0.8590912291628513	0.45536600810379235	-0.0244476730398638	0.10608800567968264	0.9980894539882852	1.9653280121034908	0.5007437698785943	-1.0121239508040853	0.4305208839553479	-0.29723189846114323
0.22172582185832032	-0.10134496850321736	0.8712158277800796	0.4260866563339025	-0.005624610206093311	0.13321340897814124	1.0059112577816287	2.0112971700949682	0.47560811491326743	-1.0175370739317664	0.40280199728090366	-0.3080093531104819
0.21659062463110537	-0.09448902751768216	0.8730972130379178	0.4264523204135383	-0.0286047691946765	0.08833674558072596	0.9806229234223321	1.9604409827611742	0.4599636460693573	-1.005379796294374	0.4508034639106684	-0.39657433150226656
0.2186965246918855	-0.11186112543922803	0.871320255828029	0.4248057561838573	0.012500769359298449	0.1190213381635879	1.0188271869231498	2.0012238620634157	0.47577959372300416	-0.9734124429259502	0.44454719490363864	-0.3013274553161791
0.20617903812730676	-0.10966992682730722	0.8581489637452486	0.4572122782795184	-0.07096662727398592	0.1100572217058043	1.059535044023385	1.9887805017838296	0.5613153188372382	-1.054295097106999	0.5136448340087444	-0.33241679341364877
0.22600481498554417	-0.07853541940204303	0.8683516662998669	0.43441845625725845	0.050981409275828594	0.1487479934194977	0.9593143298975454	2.0024622873844824	0.45326658214082377	-1.043096183916841	0.2636034573431469	-0.34167445339239144
0.21480110283332565	-0.11718679798412882	0.8666922158723072	0.4347094932781708	-0.020653984966355298	0.14019421917986893	1.0229296176789198	1.9978375470960728	0.5111390785353058	-0.9859607213180352	0.4465139527092325	-0.30090509125214865
0.21759117693294694	-0.10173378105326857	0.8659579953058003	0.43865825864732116	0.053356649589544565	0.10199076365720255	1.0190521453640184	1.9760920504131365	0.48989341571185413	-1.0142942736866036	0.41820943117856535	-0.37916098657835334
0.21569607017272108	-0.09667361896653166	0.877835585088058	0.41657424579667096	-0.06582514341899194	0.0784748130616293	0.9967313121468051	2.0241997298232968	0.46149127353343633	-1.0188286483209201	0.5272543381078186	-0.3209332485105931
0.23368356523472691	-0.10380563611111251	0.8662736102480527	0.4291694460682857	0.015671067373838537	0.11557629329754	0.9827139198694415	2.012110501066458	0.4829990720169715	-1.02333713594456	0.4264774816450771	-0.3255930099334982
0.2422310657687095	-0.10968824259525935	0.8606274373492613	0.4342959984786438	-0.006426211468457715	0.13345184185397677	0.9475965895026882	1.9859168738398734	0.48909051363418987	-0.9961646362356821	0.27586864469654593	-0.3081710781725984
0.2199244463564225	-0.09758796190254897	0.8604176376190324	0.4492118837036829	0.022455155803276904	0.08564022374335474	0.9742275157220809	1.9623947139243896	0.5051839899878722	-1.0182712841368373	0.4292973986021777	-0.3198894289746887
0.2227597188916757	-0.10916523927744445	0.8557834838773404	0.4539776281883962	-0.038832063926241035	0.1554199862732597	0.9970698263910477	2.0099565607048766	0.5292032822484464	-1.0035142827092474	0.3496608677820807	-0.3234887764084798
0.21457864559137624	-0.10894386808817949	0.8685325865983738	0.4332878771427766	-0.007749806420152372	0.15109504806569976	1.0147732067752826	1.97900864482037	0.5014883202376824	-1.0101984721032378	0.39301251908584844	-0.2725785536408558
0.19969622102153697	-0.08954930576044394	0.8636389288253317	0.454125689391135	0.01507251989139457	0.11850117645927973	1.0463295923249967	1.936817106602733	0.5032879284830578	-1.035322371489885	0.4439284852971312	-0.3757621297272566
0.22681917646924343	-0.09821581741538599	0.8637594630306337	0.4391199203182125	-0.0026723704420453798	0.13034665497904382	0.986609381051149	1.948625470397264	0.47639769313666525	-1.0108607671144447	0.3941036362214796	-0.3422171489340613
0.20130745874892605	-0.09820754745965211	0.8615501167337458	0.4555897068965433	-0.026264284373625227	0.11955074363020213	1.0333892000085434	1.9654545787761801	0.512684390437146	-1.002458504752296	0.4338872904545506	-0.35960419141520594
0.2190967705081575	-0.10784578557582658	0.865479552586365	0.43739117016845924	-0.002119602675897018	0.08340849606913837	0.9916763964452453	1.9875492610997547	0.5233458374333738	-1.0422464757817604	0.33197064000701404	-0.31760970793119364
0.2210324449918526	-0.09138933230279511	0.8694230524938301	0.43231493612236405	-0.015531811786131505	0.16732991449017423	0.9647458746176667	1.9732637226141108	0.4647703086084472	-1.0108068662487384	0.329435586479163	-0.40404219905358985
0.21677304969351835	-0.12239318711087381	0.8643966100656565	0.43686136609045145	0.026891216049126174	0.11390827306397076	0.9757686100855761	2.037116694162693	0.5434904307763445	-0.9888318175630825	0.39655132118663383	-0.2728076929458494
0.20669515047532488	-0.12137339709709981	0.867108041674217	0.4366569102980012	-0.004792279388767609	0.11281915699489165	1.0176677207654183	1.9867621732259781	0.531403225655338	-0.98473402959075	0.4579119377594642	-0.3541621739656986
0.23110934947981124	-0.09574203501462933	0.8616656039263005	0.44153631597480136	-0.013485588273315396	0.15503951177182668	0.9478182784899929	1.9709092027374435	0.47302827541551234	-0.9918617939976447	0.26463616124778966	-0.38121304185511545
0.22540423036457813	-0.11287111542780477	0.8657568390389473	0.43234030565415216	-0.04757995799283182	0.11029011087071866	0.9950020124199315	2.0050288090571446	0.49560725743401385	-0.9877478266391437	0.40895040048701037	-0.2752398149708726
0.21819349584315764	-0.1142715096376589	0.8657683606870427	0.4356360477395587	-0.045657527122583946	0.1358795576942797	0.9927249514358255	2.0227564421597957	0.5191561292700183	-0.9983830505421499	0.4300741290488752	-0.40358452901176767
0.2214792850078679	-0.09594716549489118	0.8662413196397454	0.4374551907277958	-0.020946844722399504	0.10084049453236082	0.9802299835100811	2.0217642587019005	0.49594394506370776	-1.034906507009065	0.4123138044497656	-0.3227725620174988
0.21996380346508596	-0.09761391555049019	0.8677809465136928	0.4347915334086834	-0.0048412367649293105	0.10467504948226164	0.997194078571948	2.021927868583969	0.4645967231564652	-0.9778168561315325	0.44331019088908574	-0.3942166668847354
0.2276742576202549	-0.11803978358887061	0.8670378301548076	0.4271726149787709	0.07098401137204592	0.12473496919600308	0.9748495444185056	2.0075090972537315	0.5016578708828533	-0.9830652622608477	0.3307936958329631	-0.2934615488013981
0.20375558522925014	-0.11309049499846507	0.8713005798457758	0.43189061229587156	0.03735411135326342	0.1798197587043203	1.042614662947708	2.0290288051468335	0.5155815280518905	-1.0007190731217075	0.30981550013816844	-0.3508112612006538
0.21732044775419374	-0.10286916511625982	0.870606381833662	0.42922521566969984	-0.014471770451259303	0.08621751364284141	1.0129041505038134	1.9484786112561456	0.47046586787560735	-1.0001206519761345	0.4316851089367457	-0.339353775177474
0.2218483236480108	-0.10816402804110492	0.8700252192235352	0.4267786103444385	0.05025206819986461	0.11903279925156002	0.9966379758710358	2.019040419872718	0.48002102048439643	-0.9849259148186797	0.37405173272797776	-0.35465174669911065
0.2192642836525835	-0.1130665142239366	0.8647498746924999	0.4374320421446896	0.016846244536463037	0.13185009509570486	1.0033323331592283	2.0242332305269337	0.5116171323877954	-0.9911089250365748	0.3600582794109994	-0.38309365435394205
0.22364993290517732	-0.10691819719790956	0.8688853444311262	0.4284710781981226	-0.007104215222844146	0.13585435140251775	0.9749604989951848	1.9718617295930398	0.47577699050355043	-0.9816709332372316	0.378418213701006	-0.31573867894175
0.2179916218432326	-0.10262484486458268	0.8678942731690626	0.4344045633082388	0.014193256625065424	0.1363414498160507	0.9866411974097259	1.9768017057472147	0.4912560448519054	-1.0095862047742912	0.35679245776878593	-0.30096146664599055
0.24042391482233563	-0.10608565637958095	0.8630720989135666	0.4313336606027249	0.028155356347148348	0.14060797537134398	0.9460215674611495	2.0105764772457304	0.48915482571388125	-1.0115806055532228	0.3539354420827208	-0.3528035752626111
0.1994822107448555	-0.10614517761475267	0.8738188799613826	0.4305584906705616	-0.019730430584196875	0.11941290037473896	1.0211318917313574	2.0211379955163555	0.5107891625676091	-1.0114788561238703	0.33138940123001276	-0.39385220831022943
0.19892242672514632	-0.10077652511380956	0.8602879930482585	0.45845231938421255	0.017191863000229905	0.1438867180225416	1.039426762757339	1.9722419696239455	0.5443326568551365	-1.0389138203613366	0.3420599039857406	-0.29030105116650357
0.21765050153417834	-0.0838612836316325	0.8655281921248844	0.44323412879267854	0.07836660645061554	0.11757564891431925	0.9793155314669761	1.9692873893550482	0.4788350874580107	-1.0433465877418884	0.3403263248021213	-0.3301559330485066
0.21992428452214358	-0.09709292944372688	0.8683721144610312	0.4337466345182821	0.002109307926645272	0.09189994423255689	0.990996937678059	1.9530600690816682	0.4610854987586617	-0.9883875156202144	0.3281749880666565	-0.283034129070527
0.2231844723485444	-0.10103003974612688	0.8679027264019895	0.43211859468829994	-0.051521139202582174	0.08585324215122647	1.0243636902975852	1.9872963287076812	0.4785775011990972	-1.0256539898276065	0.5034771293053395	-0.30520533725638904
0.2429115650678452	-0.10849113561962327	0.8625995947454527	0.4302854682571041	0.0670601177966271	0.24895640682474404	0.965683129904919	2.025817874607638	0.4863842235844459	-1.0094395113643453	0.25444162125994857	-0.47280873239093557
0.2169284145260162	-0.09356114412582424	0.8652402364657767	0.4422077661933839	0.014979630456366362	0.1189748630926201	0.9966338228565653	1.994185871610382	0.49383955669609486	-1.0332467519802133	0.4529873086702132	-0.33184220584765506
0.22373789437091363	-0.10348440974020359	0.8698579059951947	0.4272932891362167	0.038842920153983745	0.15172966193971305	0.9610014297219656	2.0088355885052276	0.4829489824395671	-0.9998431350581047	0.22188874163450611	-0.3237671566500387
0.2047970524044349	-0.09602405976286142	0.8720768294501191	0.4339580058131676	0.005466474717838407	0.12679637274393513	1.0000695186499358	1.9778842233786753	0.4828195734909533	-1.0045731931569215	0.35072834329360014	-0.31069202949816327
0.21636064956145792	-0.1091550904947106	0.8631394210370955	0.44301645047580707	0.00472836224533399	0.1046949457565633	0.998044503712453	1.9937815956095228	0.5213672572917276	-1.0119686949412414	0.39981316024389896	-0.3576015785203532
0.19692142681260755	-0.12386796957472081	0.8756835373468238	0.4231512970502116	0.014664437173395398	0.1302692677725911	1.0640897375154823	2.0373738562778447	0.5090818030380608	-0.952310115598907	0.3517612462746251	-0.32973696921899914
0.2237718360908276	-0.09270829567609326	0.87694907096542	0.4150803105644265	0.035743352160651165	0.11255498869129653	0.975630271564883	2.0132431434923808	0.4449855327757013	-1.0164391695334962	0.3035532080552246	-0.34082788262678076
0.202102705659926	-0.0970856781335373	0.8668648292058695	0.44527995166206075	0.06376844380003989	0.1425837221246639	1.0128774004348713	1.9891002084707443	0.506712418859021	-1.0124940349607674	0.42742448769272107	-0.3408631886072853
0.2291776435511283	-0.10074525094639672	0.8634799261355594	0.43787032243465474	0.023329215103223156	0.13567517844739727	0.9887710616207924	1.9821459220091702	0.4873417848278959	-1.022499719700434	0.5125015013502306	-0.24612222036016496
0.2225595992718292	-0.11498527128072575	0.8608296379183414	0.44296494967642536	0.07060856831548108	0.1445574171391001	0.9960052670578345	1.977566800996748	0.5166741413734589	-0.9911571838396087	0.2998458387281377	-0.33113162790448947
