0.22705188321479794	-0.11976733711318122	0.8644251625265642	0.4322873647012534	0.010077631995403527	0.10528911219199395	0.9987267505494839	2.0215603855383013	0.5140871236350633	-0.9924780730923992	0.3833904512204304	-0.3433692733276155
0.20900586126325627	-0.11719551553287169	0.8620771924674153	0.4465475062343175	-0.0030217833507846952	0.14173684955049037	1.015769101560773	2.007901313200143	0.5442551411219315	-0.9991649358510185	0.33653985123172614	-0.33038664659065287
0.21504054696229513	-0.10893921561057787	0.8667294915849556	0.4366575304299624	0.010063616457599268	0.11414600492761061	0.9975840599254705	1.9978214665680754	0.5051783146188153	-0.9955922705617454	0.41994741355150556	-0.3269090577747515
0.2127577783335055	-0.10098894902308413	0.8671990256725253	0.4387495980698177	0.03860593631804842	0.13192165580129775	0.9988603410116095	1.9828866419605755	0.4926006754844291	-1.0015929285737206	0.4045675699625506	-0.35011961171756695
0.21485822311662092	-0.11981378867560466	0.862705636507247	0.4418366041207902	-0.006247959196682234	0.1609918941711713	1.0318452214850526	2.0024768533964137	0.5316313553396353	-0.996788077237067	0.3175517745282124	-0.36084771222393647
0.2121169886675748	-0.1016645851424138	0.8667195949607633	0.43984979135776686	-0.045443891347408207	0.09247675221183417	1.013337822536249	1.981858666273198	0.5035049677423264	-1.0227558563014918	0.42376881167827013	-0.27373994224180026
0.2078046808171278	-0.11641157726075024	0.8680478859772824	0.4356127029375142	0.06740201544479864	0.12606233662171057	0.9976314833121107	2.0503684676008707	0.5212911618934585	-0.9667568298721834	0.36084972793158016	-0.3773855786825517
0.2117737157459983	-0.1025354825730079	0.8683927175026686	0.436500236335542	0.047536936748496454	0.13248712297464868	1.0106762902950073	1.9951566909688363	0.4957458027968014	-1.0079315600598044	0.349284229470249	-0.3066516182303544
0.22013416312191897	-0.10114988723119596	0.8707070732151886	0.4279939756500891	-0.0019647936044640724	0.09831826671640181	1.0040126228558757	2.001631808527801	0.47091069201919955	-1.0013643685709819	0.4163155839961232	-0.3164551358079118
0.2219384931491865	-0.10423489812228005	0.8715481454279571	0.42459653963874344	0.0019982065390505943	0.12316740857106194	0.9974852577652495	1.995047951440401	0.46976240626132393	-0.9958802523640291	0.31569496869494473	-0.2975175630575118
0.22017702310070236	-0.11264622915941752	0.8686160410507303	0.42934727061439765	0.028555289300649322	0.13081017916844132	0.9892748252749111	1.9956860222100508	0.5041655391796439	-1.0036988359775447	0.3749792656652416	-0.36165920949950325
0.22182232907084318	-0.1044028570904958	0.8707266175338811	0.42629808265453706	-0.04240351562229539	0.14096467947480137	1.0091334913087862	2.0002157942510532	0.4677841078382041	-0.9906968593252491	0.45017098167433717	-0.3812759987994007
0.21189857850573468	-0.10534265850224953	0.8764524749790314	0.4193244278957018	-0.04985601823849806	0.11256734204362744	0.9975857357400937	1.9997124409017806	0.4726727423999801	-0.9897042526010924	0.40876592474835566	-0.27852648957079224
0.22078007444353362	-0.10031361417737278	0.8644606230425594	0.440342104219266	0.007421337619930919	0.13755989011134492	1.0125575801396418	1.9804541022427973	0.48867826405555226	-1.0158673030351173	0.3876322661701986	-0.34699693893299505
0.2164943020758167	-0.10615920530265821	0.8666601293776319	0.4367615601736943	0.00044290686259175943	0.18238020309903283	1.0078066729780557	2.009703351732443	0.4995944209324574	-1.0024106903713876	0.34357061067504224	-0.3404379064713941
0.22258468181743493	-0.1096044346175761	0.8631223442178562	0.43984400216925246	0.03873378337097524	0.10429268428589582	1.003098649890946	2.011674249267896	0.5077051453412054	-1.0026228120314404	0.3593645513692157	-0.3443030201692306
0.21631524672575023	-0.1083123225148908	0.8676931323217513	0.43426349483588406	-0.006936196664597554	0.0929608624184925	0.9921093667839748	2.008989760876068	0.5177722466382285	-1.027665146546873	0.4105596204644874	-0.32323305521292156
0.22254498011396107	-0.10788149586305833	0.8615669041777969	0.44332582183075264	-0.008079784518596901	0.1509977983598045	0.9992042263031076	1.9827731784731981	0.5122235716046752	-1.0145545395901088	0.3549069911011971	-0.3228824951965517
0.22881727674806596	-0.11255441384196915	0.8695676336732758	0.4228785738887101	-0.010311629532896936	0.09762105030091349	0.9792801592606909	1.9987121042802014	0.4775550740890659	-0.9799001680153347	0.44655601278955276	-0.33696676269886483
0.2284911477137063	-0.094047227423415	0.8641223691807332	0.4384511894292435	0.0050154036625173265	0.10337519497282437	0.9829957638736312	1.993805572487375	0.46472020593858393	-1.0004969312644652	0.4880196397764815	-0.36882920139009706
0.22989456417044268	-0.12200211590301209	0.8591707743488091	0.4405559596520493	-0.017646772339343374	0.12993596331304766	0.9662989545891099	2.029564166316322	0.5383688061541534	-0.9921248115358882	0.4176994998010903	-0.30039432885534273
0.2038845943015219	-0.11478241244623348	0.8721824682218238	0.42959726736329934	-0.5111099504498086	0.21646818884014896	1.0060163347114317	2.00611921863188	0.520801884256293	-0.9987919713567317	0.7012540188270323	-0.3613975216146594
0.21614591772611386	-0.11217893065328739	0.8728186449999572	0.42294732852715816	-0.012702759799701513	0.11114610367956344	0.9968563068892881	2.0147971094566475	0.4922395744673668	-0.9908669146411727	0.45981223878049976	-0.36340893801202223
0.22426076189622063	-0.10352765411171502	0.8645020540847572	0.4377503100982192	-0.010474224517750033	0.13205448010031673	0.9861170413627421	1.9707435840266176	0.4920356984142919	-1.0108200055135719	0.42696485317902294	-0.3058040504338939
0.216046542731229	-0.09455411564879104	0.8710289256302456	0.43091997087995154	-0.01694671783835183	0.1065166846630427	0.9976641708546045	1.953967320110044	0.4636531592856766	-1.0086363722489655	0.4701853326441392	-0.31242235498664034
0.22054595111237518	-0.10375827323890628	0.8652930256203877	0.43802018674386817	0.026883511713507224	0.17501623427265245	1.010670373106282	1.9908707612496246	0.4954524918030136	-1.016029729726506	0.364135023531887	-0.3748073806276055
0.2264582624624483	-0.11832651506998498	0.8621575973767618	0.43749259248518846	-0.038183845620546567	0.08869069127724566	0.989361643381274	2.022314862934737	0.531395377284576	-1.0123650501661845	0.45489170880048563	-0.33698623063178323
0.225438917287295	-0.09909830978131476	0.8660920765400092	0.43501877491142127	0.03622287685050784	0.13417376501163103	0.9877732935250131	1.987711446835058	0.47499883356988304	-1.0047759968817043	0.3449362865979962	-0.3302267763022479
0.21921709389958974	-0.10943582065870026	0.8658251739872	0.4362504269212925	0.010374370932087712	0.1541185114402648	0.9839855108222424	1.998929517571929	0.506308787495707	-0.9978829110249351	0.4034636421333034	-0.32365153803235674
0.2161642541745302	-0.10789323511069228	0.8611116212542322	0.4473464437943212	-0.06315318036381756	0.12704430269130138	1.0028603693180966	2.0019939670499634	0.5337184701919846	-1.0291176817083347	0.4559424776472889	-0.3114856847787561
0.2215292989508625	-0.09683461679938637	0.8728031572820146	0.42398405080168083	0.08061597788034493	0.13177897713617445	0.9622877515063795	1.990050400773432	0.47343583531036265	-1.022881530612195	0.29368994002714816	-0.3428119197987942
0.2231563192355299	-0.11546767194874236	0.866687076883747	0.4309547362342055	-0.03916139669755519	0.10403899103744835	0.9786432567105473	2.0136133048155362	0.5058636505070275	-0.9845782848740237	0.3943324541536028	-0.32984759711458367
0.22757878612251242	-0.1000345251252656	0.8744808538456683	0.4165143768794989	0.062455450889465546	0.09118494399263345	0.9762524872768326	2.0034183076078977	0.44022873627675285	-0.9765208135398693	0.36144437548550173	-0.3306536290909439
0.21071790157606013	-0.10496073838995897	0.8684745376214213	0.436271918481209	-0.007100396772038835	0.08960214813510196	1.0056576800131272	2.014394017633513	0.5018817768243165	-1.0001774538326045	0.44341411988942153	-0.3048293659099635
0.22791619425932408	-0.11103242189769157	0.8609039275556235	0.44110139106693036	-0.026576056898566527	0.1340308082467054	0.9807225457844245	2.0001072192213023	0.5141304921075583	-1.0067135823618985	0.44937654087961926	-0.3696139492017987
0.2096508071387767	-0.1182611381642936	0.8674536307689256	0.43541364325426657	0.026176534299318644	0.10394542907265403	0.9986996548274678	2.006457850532226	0.529621627377428	-0.9910447454479068	0.36489912135544644	-0.3310151580017962
0.2323809982081001	-0.09383137374383566	0.8641282356306508	0.4364368652611857	0.028389595473351237	0.10868977445835008	0.99307207909378	1.983245035276225	0.4657420180905683	-1.0245268877226172	0.33956438809752737	-0.3306925405560359
0.21057162562237994	-0.11382344739849048	0.8657627064837827	0.4394982927918454	-0.019753679378558407	0.14034158769668167	1.0129135927929527	2.0096398262345176	0.5146978142303931	-0.9787362283821704	0.34457385126582035	-0.35193207095405077
0.2167022713882449	-0.11414577475525242	0.875277949372353	0.4170124446862794	0.0105190643456007	0.11361845669793354	1.0067299710256608	2.0151625799246387	0.4803828366334254	-0.9798433759504881	0.37556057745213095	-0.36171040188939346
0.20699604408573774	-0.10891902556327694	0.8680618711704359	0.4379016686692152	0.04900649854088469	0.1351040128349871	1.004921237102933	2.0115274155786778	0.5080163127458956	-0.9817516956106017	0.3608361807504121	-0.35136394701686746
0.2139227064144952	-0.11079345493934113	0.8660779015543922	0.4380307688531051	0.06580287087679271	0.10364242944016673	0.9948474324669032	2.0237925252310767	0.5180152038121066	-0.9981924582781001	0.37763353726611415	-0.2928943598541864
0.2150597429133684	-0.12295485311549842	0.8632839594454799	0.4397410788606371	-0.007548853095011167	0.14458882401483056	1.0062210392528066	2.0019234112752184	0.5342465130342163	-0.9811634729325948	0.37821710251083956	-0.3296402814553459
0.21701387546284717	-0.11337028489132152	0.8672736754525388	0.4334611034767722	0.003559729556464251	0.12921432124545115	0.9946638602559651	1.990784057570866	0.5141012373872845	-1.005918569254061	0.3527755124775045	-0.3515828950644804
0.2181030090448615	-0.10805439715074305	0.8651467345494591	0.43849338923223713	0.03424003880358504	0.16717728317037525	0.9868423478366157	2.0135069984516716	0.5102169749881387	-1.001332200768274	0.37896443810302755	-0.3786912592533025
0.22032758632652621	-0.1063497355575939	0.867260298888615	0.43359550553711584	0.001643324694580518	0.15704900952445308	1.0143412556013902	2.0096262527570015	0.5027717198142339	-1.0281427881831255	0.32508014759280335	-0.3263367243216831
0.22432006270009627	-0.10121182542834115	0.8652655920518474	0.43675179573168776	-0.015598025409439794	0.1315355697851291	0.9879491753632631	2.0074476240955734	0.48294048582450755	-0.9989911252392133	0.39233701060362747	-0.3166258740210874
0.2092683163688198	-0.10054893093042987	0.8702424215078546	0.43448223445965317	-0.024015079571523493	0.11656557633510885	1.0137162765203378	1.9815232298793395	0.4832187186218881	-0.9975461584415668	0.35796858152293676	-0.3753057486762181
0.2101507470666113	-0.1133058127603566	0.8672538701722067	0.4368857756592558	-0.018891740313568148	0.11566944656734017	1.0193193556255862	2.0033811789666838	0.5120148881880077	-0.9871296085312479	0.41047187216675224	-0.33436332705319405
0.21305188776242326	-0.10293472239984428	0.8675349259743779	0.43748884358342843	0.013041031047720482	0.11204702304112564	1.0043340504708336	2.0011119659354213	0.4898969166162382	-0.9897259149226636	0.3539201695750364	-0.3422175114179373
0.22228581818698614	-0.09720492641888942	0.8690886939754052	0.43107430834713995	-0.02992246510429324	0.12521827634712066	0.9516070000153345	1.9964288699083759	0.4851826879630975	-1.018693991520779	0.35827955935750183	-0.3597324653699079
0.21806427016797145	-0.10429549535805445	0.8668719726928864	0.4360084938205579	-0.05535761420427682	0.13947875673370808	1.0019612473351744	2.0034472593296324	0.4971171719479719	-1.0102518036920256	0.42422213269436226	-0.3845647302480719
0.21082723034567166	-0.11057225573883102	0.8669048053908677	0.4379517251887717	-0.014486294597188852	0.11590300843032132	1.0025999698690067	2.0031144476356975	0.5192377434816229	-1.0047139021746807	0.4170990416335863	-0.2732885243895998
0.23949345574549527	-0.1234946480461895	0.8596693897176934	0.434005180777185	0.0009749150988515668	0.12590551313618362	0.9737297053779923	2.0233549891687255	0.5190277662420395	-0.9896671328342268	0.3609180182476548	-0.3153427005811678
0.20905123418682636	-0.10624427876582275	0.8683929712785042	0.43692491591643706	-0.049493472111491854	0.11772507879579515	1.0124979076507987	1.997602468384477	0.5050803974627611	-1.0025483894872083	0.44564143685806795	-0.3216093094497463
0.21825393969728651	-0.09891751983984416	0.8620943780928505	0.4465129621142579	-0.011406918916303957	0.12767371634136368	0.9849437679231755	1.9706780398764416	0.5143114377313107	-1.0378607386553995	0.40314181257359766	-0.34792495266383705
0.2103488158900256	-0.10775156417965705	0.8671452754074608	0.43840853938879915	0.02106549651954807	0.08476679940275404	1.015829663593585	2.0110770458377387	0.5055365331821592	-0.993036053562676	0.38055092201631746	-0.3291237202940575
0.2212697276583324	-0.10821470888293176	0.864651623755818	0.4378434125801335	0.0716712812513488	0.13406015963012	0.9798983272447582	1.991728040477888	0.5042858400494628	-0.9988025942580864	0.30725004243933984	-0.31650047779144846
0.21114026921753506	-0.11800383272922775	0.8709242499587853	0.4277684338630966	0.060974393627544275	0.12495170309550076	0.9805285869586209	2.0128529974216622	0.5214946796866826	-0.9904589273851842	0.3563850424892403	-0.336802483437676
0.22382643007727968	-0.11767165749198645	0.8675283009599605	0.42831035156236097	-0.011096552713677488	0.11061541539024117	1.012022060742407	2.0031896238445213	0.49942922992287425	-0.9900942889769977	0.4040520753862846	-0.3377941778878341
0.21850553702677944	-0.10992657018070712	0.8678879401337714	0.43236790217048265	-0.029197847533094456	0.12329127545951912	0.996745742683723	1.9965314309035358	0.4971872294797364	-0.9941196134665029	0.5009508137424558	-0.36523371744351874
0.22514015297006915	-0.11766416286677733	0.8626331015210745	0.43741420696818456	-0.03323454155690062	0.12071758866648398	1.0226069952313908	2.002225896512457	0.5078339829035042	-0.9892547114105534	0.42049444827377086	-0.3402222386684672
0.20521639174021722	-0.10639491031321499	0.8655897672297604	0.4442079586046356	-0.010893901062553007	0.13924501554013533	1.0285039643103333	2.000550274401027	0.5169390017632934	-1.0033017351434819	0.46664110589562857	-0.31547056903954346
0.21640978908891317	-0.10883549900872673	0.8703888353747415	0.4286547708786344	0.034700551114013385	0.1176592486621006	0.9783940552290552	2.0022296583385013	0.4990217746317072	-0.9988536171271921	0.3591327811586879	-0.33938980577392003
0.21728188492112527	-0.11606148088892292	0.8677199409587799	0.4317179857285131	0.026799447128208042	0.09477844272812674	1.0030043771079178	1.9971308019461416	0.5124262776056273	-0.9978440482671486	0.4094110583440313	-0.336168937932059
0.20405422144723975	-0.099323612195457	0.8701016258878413	0.43751554874923276	-0.051918978078137536	0.08170017835928094	1.0267255633965826	1.9878878608916493	0.5007200298783177	-1.0233711599218387	0.4684730963820886	-0.276044440356407
0.21917345047627607	-0.10618581904960885	0.8644537052584362	0.4397810385908512	0.0363301969579033	0.13771882396538218	1.0254997901678646	1.9976443553798353	0.49444574392607127	-1.000648600549427	0.3507924297934994	-0.3401423763442089
0.22041183736440428	-0.10301103870126187	0.865399242142523	0.4380542198797787	0.002697526762071221	0.17623461449883396	0.997667979285735	1.9912039084372894	0.4935919743309751	-1.0088613463301597	0.3837988506208448	-0.36276136899017786
0.21159652612968485	-0.11040793949906323	0.8658751708742594	0.4396557579389733	0.01776962930241761	0.12311465898535541	0.9969089173923679	2.011959428175099	0.5205144566082084	-0.9996609963346933	0.4059621129412536	-0.35109808843036117
0.21232800647897718	-0.10992606858099557	0.8658153129991139	0.4395417168907136	0.012912015935952889	0.10612812232436342	1.0359550267665663	1.992195224877511	0.5105817456632976	-1.00795340607422	0.33208182218216636	-0.3054625361028603
0.21897220982366514	-0.10778605854584743	0.8679393740923219	0.43256742804829906	0.004596338123873758	0.11024173511066603	1.007426574415792	1.997409785720407	0.4893187646557452	-0.9940751188740122	0.3948052353024325	-0.3220766578720325
0.21554037516465632	-0.10578461096578823	0.8741572131174538	0.42213875623001323	-0.011159915035236443	0.18628725167554686	1.0163589233228951	2.0176514692158727	0.47742568858968987	-1.001981009953009	0.34836907165677466	-0.36979686968858244
0.20800341655101853	-0.10853759892422413	0.8670536211398193	0.43951357930238544	0.06834450972081395	0.12652422953621573	1.0056204794296546	1.991398159923854	0.5124951466988011	-0.9951721950225371	0.3155977876100118	-0.3244369345918576
0.21653634195527094	-0.10255911386360372	0.8736454469983694	0.42348231806671877	-0.0072739299664111015	0.0905330800217753	0.9879411589236216	1.9964488265971947	0.4686849029694238	-0.9885550252907761	0.4522463777777539	-0.25785139769487864
0.22382880265608615	-0.11228918576548229	0.8699424831623048	0.4248433615476072	-0.0502877284769964	0.08386440421645273	1.005971749631316	2.011515335059063	0.4822729111427072	-0.985878007962536	0.4307622396647944	-0.3260914770759418
0.21532870211310376	-0.10358162388730847	0.8693975750618507	0.43249537999350723	-0.000785059084813429	0.1141903567506526	1.015136239415497	1.9886936201868408	0.4813734947815995	-0.9967755109353438	0.43699210733820726	-0.3620803628868947
0.21795397675331227	-0.10824770216296542	0.8638622386356601	0.44104481819112273	0.01816855477553884	0.08252383118162844	1.0031674396201904	2.0028674054160502	0.5125191349013501	-1.008025595866103	0.3804589059223385	-0.3497475751509918
0.21584999889819326	-0.11258316452145756	0.8673569889257103	0.43408024926700994	0.05875336807463358	0.09059631696652591	1.0079721621072268	1.9933042988430116	0.5105266804230996	-1.0043469365318447	0.3071834641735409	-0.27079482124219184
0.21107037978304802	-0.11931760579107731	0.8697947591751783	0.4297321033363908	0.008758953773349686	0.12517030140163052	1.0122851184115347	1.995386231232769	0.5138660325746918	-0.9832560225865312	0.3410621728254463	-0.32721101851651874
0.21949836812554338	-0.104239988321428	0.8660222805093367	0.4369895889908359	-0.026285122380627888	0.11716362821006727	1.0193293663897884	1.9976987610661663	0.493223174859099	-1.0129378521247774	0.4767600777891296	-0.3531366203147293
0.21918548114846412	-0.09940588443398955	0.8646439305393908	0.4409842042239217	-0.004752526576912885	0.16915365173792385	0.9824701554657225	1.9883446150509267	0.49558272461347663	-1.0118109205828	0.344966081429747	-0.3499167138157188
0.22152575992315673	-0.11151441319735823	0.8650172861615165	0.4361604842044746	-0.02610704904138088	0.11223339564719104	1.009079794099439	1.9959832056225213	0.511064235790015	-1.0157629740107175	0.418870698440557	-0.31387285612362276
0.20915637980323432	-0.114009664198499	0.86442914979183	0.44273880589702613	0.04885620510566393	0.11715322469688938	1.0284106744886368	2.0157326677391847	0.5229498666932494	-0.9878030836431155	0.377243293861721	-0.30776914882806783
0.22746798475516572	-0.10703583454015204	0.859558883445386	0.444927153504749	0.011492510064241275	0.08730613937594811	0.9864414662692643	2.008071385554564	0.5114881428722571	-1.0093841863490727	0.45336559167548723	-0.3128290958535767
0.23665503629493828	-0.11441919111768853	0.8634152558816107	0.43060043939957604	0.042927290878467556	0.11203709476174313	0.9677877389803937	2.018660396799146	0.5034986080711132	-1.0050773122255958	0.25926355782954846	-0.3346721931353513
0.20474683685714307	-0.1014127017917633	0.866884926486289	0.44306288599153804	-0.026197487222414984	0.14060222615413795	1.016583176552377	1.9854716007854372	0.5159969083366786	-1.0249111508610633	0.4131782697859438	-0.33388428721433944
0.2139932070443323	-0.10574257391517222	0.871349983977167	0.42868942233704177	-0.06658310296296338	0.16318308728230382	1.0026394405153722	1.9745714787359494	0.48506086547257415	-0.999370439013635	0.4187666544683524	-0.3793053648707465
0.2241872240288873	-0.10194764236236221	0.8663801972009354	0.43443310267179874	0.021814440591232272	0.1219517351859405	1.0104981649496128	1.9967115208656132	0.47743750160844173	-1.0050411457269217	0.41048920709645925	-0.3027681470460997
0.21719403186856248	-0.11206254879309038	0.8701595478240411	0.4278914570417765	-0.0024178349377977563	0.11998795118562526	0.9747337393821957	2.0064722957843792	0.5000679773904904	-0.9862194475937152	0.410051267543828	-0.29669625359709423
0.20731020231161912	-0.09121912329895446	0.8721868541513123	0.43358003068375184	-0.045036213604024426	0.10366159407528518	1.0210239676174235	1.9783317158045488	0.4729265003965687	-1.0233111439831648	0.4791786236238056	-0.3473804688143059
0.21998902942878354	-0.11296257832755126	0.8717346026005118	0.4229929851161855	-0.04928254152764308	0.1271219545836375	1.0066786358034636	2.013145929775601	0.4869849988302637	-0.9895430667077586	0.4712125995935559	-0.3272604176174159
0.22074897480241573	-0.09633663747056552	0.8730862454854603	0.42392163231976	0.03572703232408756	0.16016094452221835	0.9766207929859694	1.9832635508091672	0.4640235921622977	-1.0135357109897487	0.3325470092474028	-0.29987461168161555
0.2189643813423087	-0.1139484144468584	0.8623631006489795	0.4420409949173324	-0.02491554400565224	0.13911255588862922	1.0056697790081768	2.0218447909922217	0.5238829757180445	-0.9989960324923934	0.3732693059232975	-0.3260442329618393
0.20646386422869567	-0.09714077412299957	0.8741307153660276	0.42875614890543107	0.009564086015146104	0.1361077274670581	1.0127633335889414	1.977859301669444	0.4699958842750458	-0.9977841422541501	0.3572494387094937	-0.37623664592925427
0.20828329456561795	-0.1137730597009596	0.875237147002979	0.42146612746134116	-0.0010381290175236271	0.15522655687530476	1.0142167808543834	2.0121427158514793	0.49992722291950487	-0.9962168443023149	0.3731268251011002	-0.3735515972200718
0.21633721809534864	-0.10536932098850349	0.8690113399860452	0.43233644911902286	0.06061375260833483	0.1130280918861216	1.0039833884606384	1.986970298956774	0.4792977413559545	-0.9815236151863669	0.3680329503908504	-0.3188050060511552
0.22478056107264047	-0.1045526308811592	0.8675322483418182	0.43119629500575113	-0.00035534720517845994	0.11273388878451777	0.9871842374451025	2.015855914472202	0.49044126003100325	-1.012556001734733	0.3920019068802216	-0.3392331297777589
0.22266439706741956	-0.0974441241701633	0.8677205649288087	0.43357378857922385	0.06559019436172074	0.1463538845284136	0.9873015575529853	1.9957994308143747	0.47320564499408624	-1.0055226112990707	0.2607665172152215	-0.36043347099164896
0.22676376814773241	-0.10351058207978661	0.8689283176171335	0.4275831284042943	-0.012932420699066416	0.1272264853479366	1.0006283393316209	1.998459157319653	0.47246284410962824	-1.0070110296004608	0.4083293845483044	-0.3661586407059248
0.23237310149245222	-0.11440854503248572	0.8662164772543055	0.4272966663332041	0.002024386181199378	0.11138291919743704	0.9797078276276169	2.0056848569837373	0.507853897254858	-1.025286899101167	0.3885994622362343	-0.2906129209188403
0.22667273185460038	-0.10251796546901179	0.8680808194140216	0.42958727908906663	-0.026354946730224444	0.06874666522400895	0.9671239109134249	1.9940981006898546	0.4820051904766182	-1.0084311628819045	0.4526953562869099	-0.27731641331049434
0.22164029417726389	-0.122107830197314	0.8609854245262898	0.44121350450185054	0.04600813853837226	0.1398697787738329	1.0078738533335097	2.0362208907324746	0.5399589111418714	-0.9964420635974001	0.29219518655858007	-0.338885500012385
0.21215173565837328	-0.11355513428846307	0.8679246364364609	0.4345154749839253	-0.020519182849452304	0.12863260986509562	1.0221720621666577	2.017443809561172	0.5200968193466798	-1.0107104177946293	0.35523246779005163	-0.36469719062167094
0.20677902004620344	-0.11201508596903895	0.8726311005341392	0.4280303958419982	-0.030882062700215224	0.11530480537609812	1.023836158798172	1.9859325680166704	0.497079622743718	-0.9882956271945502	0.40751457408084435	-0.30132613896992155
0.21314067917186244	-0.11730314643769682	0.8702489095298019	0.42834315470211964	3.7710957369888054e-5	0.13089034103025424	1.017307075935706	2.0070807571647142	0.5073240390966521	-0.9872711172833063	0.40272981256052054	-0.3234031156175093
0.23043037307930675	-0.08836481716160496	0.862019830839411	0.4427361669099565	-0.016381676833837257	0.08791121425107214	0.9846774533241376	1.9786511171022605	0.46783112896250917	-1.0284593702171951	0.43619890211301354	-0.3197567204476276
0.2219060200302389	-0.10946097017267746	0.865005934810904	0.43650973302448776	0.0005264834950126478	0.09741898052789055	0.9743035250715805	1.9980095309114116	0.5038402241955275	-0.9927030423936186	0.41637714406923526	-0.2789154793109882
0.20910908747063858	-0.11173979317927975	0.8657683587149215	0.44071845571239643	-0.013602060058188046	0.13338411399320424	1.017924837160613	2.0318298712511838	0.5230343643763683	-0.9953013805873999	0.3391205989257095	-0.3522260980758578
0.21640124905385452	-0.1082887590595917	0.8654352664133498	0.43870929294616023	0.0804947621427825	0.0989773088486701	1.0132849581845664	2.0079328773239817	0.5063357766717209	-1.0030341638346791	0.37298326035012774	-0.354677409403165
0.22090227947428148	-0.10933086159272912	0.8704112607572838	0.42618444689286056	-0.04217006566536812	0.13279686968124507	1.0153842182248216	2.0143961779534707	0.472269346951933	-0.9740702161877189	0.367279913368673	-0.3382576287372799
0.20899726726389045	-0.10233195826622969	0.8694894407547874	0.4357022205699115	-0.031173913715532037	0.14479692857849005	1.0317185666294573	2.011637522721068	0.48886863098413424	-0.9980157227045429	0.38390867098155484	-0.300313196975296
0.22727574553157923	-0.1068168392770519	0.8665645934185345	0.4312791483172996	0.027019757889725948	0.11924443156688748	0.9889524380133157	1.9861284069469454	0.49467545883624386	-1.0231915533097111	0.32349842064741535	-0.3546994118872587
0.22979291487660972	-0.1229298618892085	0.8615272971790735	0.4357225970083853	0.017088193491655138	0.08684426175840888	0.9995933330870296	2.007267569939352	0.529947197944631	-1.0086929635149628	0.3691754968725334	-0.3379519918646378
0.22376843173169295	-0.10164641555079738	0.8644324155218509	0.4385798606423594	0.004152149469075331	0.16136134274167982	0.985315279134038	1.9844781880652977	0.4883395213747051	-1.0052989474447775	0.3605917036651009	-0.3773579236730317
0.20650204213193935	-0.09588276178629361	0.873176836828326	0.4309589472490978	-0.05908393373677662	0.13770934342602636	1.0223488171751183	1.9816021035996791	0.4789330861558424	-1.0193753165802844	0.37457098498444275	-0.3359971846239917
0.21721278521792795	-0.10577419463522005	0.8680366979947679	0.4337542122233295	-0.015019449222518466	0.14329181313792083	1.0244562488463413	2.001151639137388	0.48697996026220486	-0.9995782326731838	0.375335413532459	-0.30303009177223833
0.21797762359971018	-0.10051216444694681	0.8679176460697637	0.43485862075936066	0.011355824995019937	0.09500523088933327	0.989226677715902	1.9879669730304341	0.48484615027658673	-1.00405264081742	0.4130552929912707	-0.31432053640499275
0.21317544955632345	-0.11129263706298957	0.8740756875390077	0.42209225187775723	-0.013668008509561588	0.16149381089249568	1.0075733322434446	1.9847763849571707	0.47381928563217124	-0.9667384706604064	0.41729251032980236	-0.3558286440040519
0.22238403708612492	-0.11642147585948684	0.8656599732707095	0.4331560812050668	0.004731613385699175	0.126050675392361	0.9910547327306681	2.0239823136837636	0.5198356428022876	-1.0037043732809976	0.385081193026753	-0.3413480471211457
0.21714701311383983	-0.1079024882372236	0.8703309438645216	0.42863536470973174	0.046520910006523836	0.14051185132995955	0.9908407823426908	1.9895512840243328	0.49043499195600465	-0.9969343805263106	0.29106930242323187	-0.3231192928161353
0.22153049476846287	-0.1163664558593143	0.8613172776129886	0.44217149967374897	-0.0033092946874801643	0.10686185266385241	1.0086900835378876	1.996402619494694	0.5244316656946855	-1.0015194803199217	0.36888116851431585	-0.30362919811698524
0.20740682811767908	-0.10905811257980833	0.87299476268599	0.4277486178277208	-0.050908275795048745	0.1754972076877734	1.0213038281674718	2.011438415024885	0.498715930022747	-1.0002092060102683	0.3697950055193642	-0.4145425884842866
0.21559499962911113	-0.10258521905249272	0.8698203655831719	0.43174946506467493	0.08403765331784772	0.1256705307730548	1.0265771339964396	2.0100135767419416	0.4839869063996148	-1.010097097749301	0.23208305859719738	-0.3839669713840083
0.21853347459177563	-0.11778591479937549	0.8629292024170091	0.4401395123976766	0.03551346866950412	0.1501324337144703	1.0180451318009043	2.030987330789115	0.537322063325153	-1.015419261843466	0.3466706252833281	-0.359371839738923
0.22211529357180332	-0.11719265770012763	0.860601526445452	0.44305269440829564	-0.0013559128945083096	0.12894149252388984	1.02505913223234	2.0246895329967725	0.5251033211593618	-0.9983175545670799	0.3840936928383792	-0.3513537224328147
0.2138905277780336	-0.11675789297747512	0.8646317920655215	0.43935213747500934	0.03850870959662768	0.11760788329790241	1.0103359318856775	2.0069073082934277	0.5364982951927455	-1.014340118977234	0.3459743495694147	-0.3228230294318203
0.21883236060751488	-0.10474310013385009	0.8670654195581032	0.4351308299027122	-0.08752184551304291	0.14630013442774562	1.007534767492469	1.9931401726523585	0.5047008497275156	-1.0326139956582157	0.4979212178396241	-0.2880265472461721
0.2234655236117826	-0.10573459780985497	0.8591418140819758	0.44806104258106594	-0.005176713325614997	0.1610976103152306	0.9898626965429469	1.989803780297751	0.5171671948649507	-1.0157746424786407	0.3447239389555943	-0.369508866706242
0.2069219160917728	-0.1118201783656024	0.8694218283409825	0.43449424939280545	0.0286485566115926	0.14492944177201025	1.0258094607693689	2.0095394392432864	0.5060783141011541	-0.9840197755565417	0.3785638979477272	-0.3310227442618268
0.20500878385020865	-0.1100199096622414	0.8711407091484874	0.4324128616108002	0.03185099693756207	0.133838344346868	1.0159886316642623	2.000828168097342	0.503163192931622	-0.9862833371758539	0.31999684742396745	-0.35992137159546916
0.21574130734288077	-0.11119027979846866	0.8663898799573269	0.43641836108469545	-0.01777059339364677	0.14555006820890704	1.010659983795656	1.9944611291603926	0.5090085978354313	-1.0019658936295768	0.45878106309002625	-0.36417554860181384
0.21589375022400573	-0.1038022089739252	0.8611412841583113	0.44838675130351796	-0.019230013890137506	0.12503729887366	1.0167941542948817	1.9962297591924285	0.5235032359171221	-1.0328509752914639	0.3117588516324867	-0.34671312721203223
0.23012713366837925	-0.10894966051930653	0.8657509560242526	0.4308674459336611	-0.01808587504240207	0.08072475444457326	0.992931486642487	2.003803619121683	0.48706638123870094	-1.0023150789874806	0.4721010897475158	-0.29762114114564947
0.21345985038855322	-0.10380082701080354	0.8642340678083739	0.44357610014896065	-0.048755540989188745	0.10431994748986817	1.007181619875363	1.976152329199699	0.5011866524873709	-0.9987219128444779	0.43998667655398466	-0.3630738792384281
0.22425755799598646	-0.12253061631022438	0.8536719781341718	0.4538049685677795	0.023324140502679516	0.09449453929720424	1.0076527296717783	2.026654169527356	0.564170539400199	-1.0120275629606865	0.4367410739194333	-0.3065340678391411
0.21779998696832914	-0.12357597155787355	0.8669960799550748	0.430824723376754	0.01944186935977968	0.12660585640586483	1.0029418631327225	2.013194576032067	0.5245846279541849	-0.9852523359525647	0.3532836287621548	-0.34354486179735994
0.21529515488361892	-0.12149130247802713	0.8648932759933763	0.43686093994230746	0.01198318283260065	0.1373949368761437	0.9846433969982789	2.0218455467471177	0.5412401072328007	-0.9945206666430986	0.396949267480663	-0.3400902405629127
0.21708051949724866	-0.09826184093369406	0.8676992462683338	0.43625528844529937	0.014809647271089311	0.10848434660396639	0.9749968685669438	1.997395301114686	0.4848420652802447	-0.9996031991584512	0.41875964286064776	-0.29259262020949744
0.21638596024259596	-0.08713425920480097	0.8672517542961099	0.4398398933169208	0.017124237723802664	0.11198144319595178	0.988943575912644	1.9747158860987206	0.4658760343835948	-1.013914186285047	0.385716996333928	-0.34511578273987276
0.21722924981936048	-0.10787176919627413	0.867717521836482	0.43386799459206277	0.006944663252509457	0.14302037890695454	0.9855796575465631	2.0137262485133824	0.5044567470068271	-1.0016836465133343	0.3705043181876862	-0.31278042410995754
0.1949936415411599	-0.09741081445537753	0.8764849060823405	0.42925845640533183	0.009044636816399889	0.1493631230777642	1.0462283563517407	1.9724435622502123	0.4777555099341774	-1.0031626169548387	0.37342160770293065	-0.35488932564483516
0.20060554519318885	-0.11421936748169778	0.8705670240886051	0.43453930535606855	-0.06359253913521361	0.11583973392699154	1.0425531659726253	2.0086542436666006	0.52171582392137	-0.9985364176605638	0.4457224769924402	-0.3368351453325737
0.2240917319003549	-0.10476620447568293	0.8626326533748232	0.4412163227093612	0.009966007787469124	0.11109645800148088	0.9835725217079748	1.9962336841358321	0.5012315005866439	-1.005518789711828	0.3607044516052849	-0.3512016240028913
0.2165299364146814	-0.11346537423426042	0.8663812998187486	0.4354581941019242	0.05059318748766811	0.17370074184353093	1.0118910816847553	2.0166374229882686	0.5095314410659457	-0.9914492590528371	0.26607502724553034	-0.40565207851493734
0.22352427263391353	-0.1020729384862595	0.8663085279514857	0.4348879731273215	-0.034659050097419146	0.1283360953361361	0.9685897483848799	1.971957346304466	0.4959129701557986	-1.0228691082220802	0.4568624849265251	-0.3098156388805195
0.22535967740387436	-0.10799610947533463	0.8645580306359786	0.4359922795204653	0.018229188446488995	0.11248303518480092	0.9896445805836918	1.9979507371924552	0.5046187522294285	-1.0172823978028995	0.3090816498120158	-0.33343083939603674
0.2104814828231671	-0.09188007609832385	0.8706588861622364	0.4349812650580031	-0.021404782924277832	0.12561063461111108	1.005715514644442	1.9763828074053913	0.466155044494133	-1.0022416065134139	0.3960080008669307	-0.3516007561038053
0.1966869706332742	-0.11399871131882301	0.8732152817184049	0.43106101792460905	-0.008563929936716366	0.15046098030113314	1.0478525076498706	2.0127164884554007	0.5031571086502687	-0.9650984629686298	0.35901384487700155	-0.3371650021938682
0.21100227084890996	-0.1034715076426231	0.8644305786213502	0.4444451187122248	-0.027314349050699304	0.10571724572588347	0.990581221477946	1.9934355147583263	0.5292990738083452	-1.035658609686904	0.4296218414073097	-0.32888366967105725
0.21545478472291393	-0.10848855170180614	0.8729028417442323	0.424087371616382	-0.04328686973213769	0.16105459772158717	1.0058935015654544	1.9932493405896259	0.4724350178074653	-0.9735486857408924	0.4163531443527922	-0.32817929955262276
0.21425579266165595	-0.10953926916925638	0.8691874458095264	0.4319823930068241	0.0018597957040755312	0.1445794442461759	1.0021756605932093	1.981745850971709	0.4972165730260151	-0.9949881255179485	0.4173594453685086	-0.3284661303270126
0.2324782583550266	-0.1305446564573424	0.8620135491158399	0.4310969649665394	-0.015029811955034675	0.13840466121442366	0.9996891483652498	2.056005769362389	0.5375840289172468	-0.9914478104033255	0.3881403130863928	-0.3716055341265981
0.215692645719571	-0.10413823471888939	0.8700615300320538	0.4308420181579399	-0.0654302382825984	0.16706441178408707	0.9941959010918306	1.9944863290127472	0.49243287575335076	-1.0100810547039474	0.3940545472788311	-0.3543287784985327
0.21946687190178155	-0.09891429424154197	0.869739605331754	0.4308169837062017	0.03698697445494431	0.13454050018313135	0.9789412686000019	1.9887356394697668	0.47924444150177953	-1.0095903449569235	0.32177371299734003	-0.3063434507072649
0.21927109333370445	-0.11788320693924668	0.8634763356624775	0.4386711238511845	-0.01140199074573396	0.14252532199053805	1.012991389237351	1.99971644523206	0.5299758306486434	-1.012166760060986	0.3783625766167053	-0.35705335762535606
0.21084088749216132	-0.11084516928455801	0.8661497478601539	0.4393678218640818	0.0241684397975106	0.11445678507570041	1.0285835912378156	1.9933935796271374	0.5146822234361352	-1.0053110048780192	0.434464779936949	-0.38335181776577015
0.2175470431342922	-0.11695132500214553	0.8643573722279786	0.4380433821882401	0.01385436749084202	0.1193511923357788	1.0265276947946478	2.005249943428143	0.5276047570035284	-1.0155169699630988	0.3870372701930413	-0.3170877236986314
0.2106912790569632	-0.10662288786485496	0.8667941292234703	0.4392137090943604	-0.05090694121923628	0.12305069080051496	1.0090854174430646	2.0103074590059595	0.5162199936385539	-1.014807054397415	0.41441794703776225	-0.31066808754040637
0.20338620127341775	-0.1330837886629136	0.8718920829389791	0.4251199290024196	-0.042691463462609915	0.11394172466769108	1.0201717382391993	2.0494680793681073	0.5466334298338188	-0.9675933999332776	0.43305087606731196	-0.3226971406377191
0.21401696825449507	-0.11077526606065377	0.8683870222594764	0.43339307481738276	-0.076670225259413	0.1180511195561766	1.0150318137944263	2.0030781325026137	0.5036144987518901	-0.9983427019964661	0.4686710368152999	-0.345428531832167
0.21800990058740322	-0.1026420728881489	0.8634680652781708	0.4431243486470444	0.021697825743520287	0.08671747271715942	1.000842425815391	1.9919034842220535	0.5110870544098461	-1.026907698914178	0.38572267573387164	-0.31164330708772486
0.21983167805929454	-0.10574096128361497	0.8677721543275412	0.43297155865274783	-0.06335230021480616	0.1703699867044893	0.9765229561341555	2.005916492520472	0.4908730534324166	-0.9897396271210923	0.3505462800325365	-0.37375825970369286
0.21246144045641438	-0.1082117283384685	0.8707387778154297	0.4300748062577935	0.010050393719711503	0.16842646723503915	1.0290566584999545	2.0022510070662967	0.49382167146084427	-1.0043775880741739	0.3834188837557848	-0.344505317163917
0.22655757874840893	-0.10277606954324348	0.867692320383685	0.4303705150077981	0.0017184448366669002	0.12873528574760493	0.9722466241162051	1.985959283865777	0.47126909463095196	-0.9877008555643966	0.41329221973588637	-0.3547041331561856
0.2206555757924998	-0.11463516659517355	0.8644059834930853	0.4370036511892428	-0.054553446861528056	0.14020978384606717	0.99298714938116	2.0028374679018657	0.5073936333469796	-0.979640870028574	0.43886351140500895	-0.3142307786021128
0.21007361638517907	-0.1128100588704861	0.8655658037044947	0.44038483826521807	0.01539137648746377	0.14954210713557914	1.024469290711438	2.0212593706597826	0.5200738160376972	-0.9931170484111885	0.40188358194447416	-0.3806952375231225
0.21401999776207795	-0.11373139078565012	0.8695525589785813	0.43027776898380743	0.03820665337928121	0.14239016376670952	1.020766408293218	2.013735239907967	0.507348398414117	-1.0007619358568254	0.3842235364592548	-0.3431968984771114
0.21692477351289158	-0.10662877124914008	0.8743771507931941	0.4207594870576954	-0.05285443103280454	0.169423226171573	0.9915931356686115	2.0049770541121514	0.47583646217426007	-0.9919524564192757	0.3555228896704976	-0.3186089321413228
0.21027007362731523	-0.13077194266408876	0.8681533668960806	0.4301103657151532	0.017354793062171196	0.12478352335351929	1.00010194296521	2.022723661938808	0.5485434779778193	-0.981133930663185	0.3708107406177077	-0.3307349673011252
0.2179117100362189	-0.10191328505102436	0.8720232371718811	0.42626710263809103	-0.09935443343609006	0.10618779464880611	0.9852359440012619	1.989788456624795	0.4845352372428163	-1.019160415126833	0.49037534649987435	-0.3091668522668221
0.2160862606047804	-0.09523242571556584	0.8703306349670702	0.4321598071408173	-0.0537735003384403	0.14060177926290438	0.9970323329118886	1.984758906486475	0.47546999556672376	-1.018715019931582	0.4061311972622716	-0.2935833623255366
0.22411312397074235	-0.11688918237291254	0.8668452874727146	0.4297551329473719	0.012113629002705769	0.1728508199930189	1.0050563009114601	2.0068758776224165	0.5139725990642273	-1.0149941649373762	0.3310280174487572	-0.326588873629064
0.2116765584895661	-0.09775940370629546	0.8708782203265201	0.4326745415828344	-0.018954704547525163	0.10526688211075892	0.9954802665048372	2.0098415834748415	0.4861472462069562	-1.011416038267127	0.4084042684644485	-0.30320622197008895
0.19733677827099957	-0.12505669460375132	0.8682315601728263	0.43771335026049457	-0.048750649171780604	0.12638742315513177	1.0308322275347979	2.0035541748555783	0.5425591911213448	-0.9685111520901748	0.4387853292860325	-0.3419176230414444
0.21481465839255096	-0.11486180136107367	0.8666478109685007	0.4354113008079679	-0.004225302953847762	0.09643068386807861	1.0090711710458355	1.998662510306236	0.5135963716930141	-0.9928554291133065	0.36283270394179845	-0.30981957076217115
0.2088511661422533	-0.10956026571917478	0.8658471612481295	0.4412328545508827	0.06596167257350177	0.10612350768854091	1.0197759277254301	2.0070174891253623	0.5314608823381204	-1.027248795980734	0.3375889068626197	-0.3362463732749518
0.22623135480368964	-0.1083867725336497	0.8769060917235073	0.4100090095859231	-0.043715760836847924	0.10322419774185827	0.973527302440024	2.033003113471321	0.4639227557910698	-0.9919500198360521	0.4181278668963659	-0.3761393957581043
0.20492797343256391	-0.10747219673365618	0.8675444735384815	0.4402508819603928	-0.007221618462777492	0.1463477718899208	1.0210115885812545	2.013368623629386	0.5134473357825216	-0.9955484553320345	0.3774831872362235	-0.3465498648600472
0.22052924969464338	-0.1138081744766232	0.8627881088064033	0.44046705751246146	0.01732361635620604	0.07120095025682154	1.0003527508677656	2.005188361246174	0.5267963963172377	-1.0146363356482713	0.43155353641377187	-0.2920405022246808
0.21425433245520023	-0.1138027160820897	0.8648170998389524	0.43958549414494946	-0.031537520873418615	0.1256845308066122	1.0148570957552132	1.9997664532666986	0.5223654314887836	-1.0046037439249422	0.38388976195839314	-0.35935854309357795
0.216210776898765	-0.11625398116248745	0.8641367815378912	0.4393239517827813	-0.0350232398922837	0.10679553309916978	1.0048576283656656	1.9992859563098822	0.5252125429238468	-0.9985605639839258	0.36252829416101223	-0.3274785807062205
0.20521653225029637	-0.10559441168203303	0.8641156649902962	0.4472584405364154	0.005604073390161907	0.12597181654643658	1.0316436409236265	2.015106306765394	0.5360031498202597	-1.0331724165079765	0.3451092526631225	-0.36060643516105856
0.2333902821199944	-0.10215753167925676	0.8659654695411476	0.4303447693367851	0.01905080370290348	0.1312594948163897	0.9672185908557911	2.007078074756473	0.4886419093969506	-1.0313783968591037	0.4242879496528526	-0.36005673383822384
0.2237420859364958	-0.10408247246228985	0.8677034695942132	0.431505511854816	-0.013274502732366028	0.12129580286888823	0.988077772153591	2.001422000822502	0.4867633579837667	-1.0083947346270483	0.4351172601686623	-0.313460342207703
0.21841301834403218	-0.1037305208094449	0.8686715548890069	0.43237190264535647	-0.04527943931635681	0.12763890878813752	0.982177193839557	1.9872782829075566	0.49393523440063875	-1.0117363306466836	0.4337090270780748	-0.34833274559338917
0.21977865730908086	-0.10878868107580182	0.8697591149714092	0.42823059977698463	-0.029640791720507254	0.1509268756331563	0.98078920783461	2.0131384149763427	0.49737031474211485	-1.002128823114145	0.37674148489558684	-0.32704013110588537
0.21723864036749324	-0.12695530485843612	0.8626683793485089	0.43874023176795796	-0.016000327437562422	0.12963514764856712	1.007702511943582	2.0250969908589505	0.5419494774122333	-0.9785694678262005	0.44711743204268867	-0.2853856026005542
0.21457454998739184	-0.11475878635497329	0.8705620436168799	0.42767968348478236	0.04624495769660351	0.11832553489103649	1.0212748501259947	2.0133331722312393	0.5106411859080726	-1.0115906157609986	0.3248116600622714	-0.32250299855770304
0.2225923301940049	-0.1035213717902634	0.8695357439286359	0.4285365447099455	-0.03242977311341267	0.1248794062940951	0.9735864595535246	1.9949868392242105	0.47354350460855676	-0.9846350635633916	0.382735279536143	-0.29412550527439646
0.20934697208725633	-0.10992383726085246	0.8728879224691515	0.4267988637370486	-0.05358109022370986	0.10774031535675911	1.0030687476713416	1.9914276415290928	0.49061704200949746	-0.9825183787793065	0.43882630681175255	-0.3259932333370909
0.22243099804440342	-0.11549359430601781	0.870796425694967	0.4229648517077008	0.05093926626099718	0.12590687031494704	0.9624515161039685	2.0055719544049926	0.4912033627447985	-0.9697885499331392	0.32400375258046316	-0.32488586303762385
0.20126747730622938	-0.10537725542140607	0.870476346367392	0.4366439820191208	0.03967597141117692	0.14994588609913487	1.0056707255574902	1.989189277549979	0.5146142333841996	-1.0094105018431438	0.31129276141410006	-0.32594708225813296
0.22403177931361654	-0.11536999545741101	0.8612840395990503	0.44123613761530617	0.004954806921433808	0.16518418118091718	0.9863112391350257	2.0084705334183957	0.5176740257424581	-0.9861209555096215	0.32427189048901056	-0.36408662497532
0.21713947876648604	-0.0973309128794205	0.8674243099108585	0.43698078531526807	0.05966408097899395	0.11572781224758083	1.0008484263337563	1.9895908807699672	0.4775790878739763	-1.0021921658350275	0.36283131959829834	-0.2770565892019268
0.22677736161131737	-0.10871021430562816	0.8675143776732331	0.42915372781377187	0.04942628570473609	0.13103416421500347	0.9779158892965009	1.9935529913010632	0.4917784970760573	-1.0058738890177288	0.3843088384889321	-0.3438760847654622
0.22193615471774478	-0.10650372694685505	0.8658684279056293	0.4355148274534	0.056242219725538	0.1545026178815619	0.9946347774378903	2.004815559567581	0.4920200729405819	-0.9947990485342216	0.3348122500162604	-0.3666767430222746
0.2164457201928307	-0.10753929341787992	0.8693619036654352	0.43104110133095275	0.007061276852718855	0.14012627007379788	0.9987062327415338	1.9788633498218204	0.4999695294469396	-1.0161782343694161	0.3780804926635985	-0.36438729117231544
0.21737858339854796	-0.10964224481443158	0.868496661274103	0.43178545481225855	0.008990815079430734	0.11118998253297974	0.9943038486182633	2.004079069904896	0.5013097981910773	-1.000020994804149	0.3711738326742972	-0.31088236712081074
0.22185321612380335	-0.10297157897313587	0.8665974942178242	0.4349560752934627	0.04538903345338045	0.14109397538366136	0.9783752736171127	2.0110573844635735	0.49205177105603093	-1.003284707018601	0.2663182174026419	-0.3344241687021688
0.21903878893096915	-0.1088811450371859	0.866833698552219	0.4344723745571475	0.08500971872165154	0.08624050238379831	1.001340163601049	2.0002037532598003	0.5056575752718195	-1.012420843563829	0.3367112636261296	-0.31541389651895424
0.21911114569203494	-0.10791635158535169	0.8684596693612331	0.4314187867803258	0.014191364406065735	0.1256297608458406	1.015477170768496	2.0236485236568824	0.4955195834784397	-1.007040925637714	0.3514449934850146	-0.275855714602213
