0.2148994713857375	-0.10792178076199554	0.8653928437774749	0.43962066872933214	-0.002838842410564221	0.12572805768389195	1.05486898408452	1.8895299197872555	0.6181689246363179	-1.268658087783707	0.9283690429643867	-0.894953377282508
0.21924165473406262	-0.10242231411346805	0.8720454539475804	0.4254168457530457	0.023416105899547592	0.1263457596732776	0.927552636365411	2.0311154874293633	0.45790247348582747	-0.9276510807924851	2.5957481910312237	-2.5372072942063473
0.21742695570182985	-0.10354441073719642	0.8675330468136476	0.43519017294230194	0.01460439369241011	0.13354983110898738	1.1786786227904262	2.1542215680004566	0.5398149712352601	-1.1524300403401353	2.2878327605468254	-2.405700227755622
0.2159421286225779	-0.10720418173316455	0.8634468331416008	0.44309798785665133	-0.014433066102189723	0.10990415264603709	1.060761419381739	1.81885937342265	0.5100779226946703	-1.0708667790344257	0.6384227444867315	-1.7529017007571817
0.222941133449871	-0.10468524886503655	0.8615533948646202	0.44391890867972716	-0.03249436853700952	0.12339077541114	0.983293961889676	2.259857316783099	0.39997558536535344	-0.7371690230067791	0.8605453181476793	-1.6469854323543005
0.2295036551096988	-0.11062913144585308	0.8665796346451846	0.42910255695467836	0.021851521226301667	0.116107912354829	1.0835367040172612	2.0738558924485115	0.47113622545525213	-0.9963208307339734	0.4431065272049009	-0.6961652709152805
0.22198869988036288	-0.09285645956862218	0.8650338326258602	0.44024443602892077	-0.05161504209739235	0.10249593111177942	1.0428301965777294	1.993842331828463	0.36160115206545584	-0.8158027239489034	0.498479947547435	-1.2476133621581464
0.21576050220839663	-0.09836814747343796	0.8577112170391079	0.45618261849254704	-0.004348561736490949	0.12142174076401362	1.0262918843108118	2.1284738930665332	0.3416397796443748	-0.6687836786957837	0.8667866179219276	-1.7333751685468493
0.206098753997812	-0.12348461404881328	0.8730322600726839	0.4243695636660888	-0.02422693318605069	0.1203310302977741	1.179256189882554	1.8657390774147722	0.6353951882803901	-1.3369800931313263	0.9963627901844508	-1.1250201932160675
0.21590951049759802	-0.11602560437561084	0.8725896033372877	0.4225026941377255	-0.0008727481100597269	0.12754534566773748	0.9857017052780607	1.9185130951599205	0.5321720013398165	-1.075954054680927	1.0687820168229323	-1.4606887019356856
0.21967147294279604	-0.09553571631936188	0.8632475781357154	0.44432081846939236	-0.0432825158529439	0.13581478846888154	1.1450953772900794	1.9592954375361946	0.35462812962312024	-0.8338433710922288	0.9481673647423176	-1.0478852703444437
0.23960428938433526	-0.11502970387796857	0.8570250389160198	0.44143633108905905	0.03603280043556959	0.11285157242009146	1.0834914643052362	2.010212488605844	0.39066333261687264	-0.8227309066423218	1.56991971385217	-1.502801243638224
0.23239136568509483	-0.11466176157618399	0.8672424069862681	0.42513238069091713	0.014564090597421918	0.11982934299858002	1.1798062293112934	2.1738340212324654	0.576631684440186	-1.2349108570133158	1.071310953288405	-1.2593889194884473
0.22036594549671049	-0.10723113841114859	0.8692166571130963	0.4294213967858657	0.035526081299219955	0.11104108991952318	0.9245883519474524	1.7953696848326663	0.5298380646429905	-1.0986232313760989	1.2588578490777973	-1.5464191981112088
0.21526897875867643	-0.10129776736879913	0.870092283700055	0.4316682139744783	0.0033442770300610414	0.11832479070339837	0.9126482394562276	2.15302828347664	0.5704602852837681	-1.0997358000660906	1.5946945662095011	-2.0038899457734423
0.21029679961030462	-0.10750095952323978	0.8675057517951753	0.43778141849276087	-0.012497137072572934	0.1475494942968651	0.7203071937354891	1.8704192810763078	0.5938501560470905	-1.063487020144949	0.6395979278168072	-0.7098149431396279
0.2143738667599319	-0.10587815475683088	0.8673784182593881	0.4364497005767395	0.008021042764602089	0.11773959587683343	0.972409290281973	2.0945174981892913	0.3125411953926564	-0.5906453347929523	1.2948062486634373	-1.888071768055949
0.22305372701166898	-0.11806144997213956	0.8655858930902485	0.4325154223606796	-0.03509779327472856	0.13732873293242703	1.0306229177706463	2.265248869105849	0.495683082903867	-0.9051746612554061	0.871534294165813	-0.9780816480792794
0.2301727153416598	-0.1023859332571791	0.8641169507350672	0.43570579206114873	-0.012379916325227539	0.11473856807838007	1.0200448780677684	2.0222285805605957	0.5530796272480806	-1.1605634561211091	1.0983077134650687	-1.4266730066169788
0.2282550945501381	-0.10152387066690455	0.8688098501375706	0.4275066780772545	-0.019458618791298277	0.10456098110503954	1.2056929981820905	2.104285946368434	0.5402332991640405	-1.2419228843561823	0.8683558210806616	-1.624059274056414
0.22829117097909848	-0.10111846307583804	0.8704809282544798	0.4241711343589894	0.00982964699648777	0.10115464367215678	1.2652980257462836	2.3735759379254104	0.3521255087912919	-0.8377810936854589	1.321343200413265	-1.3640374160438051
0.22331797233144096	-0.10619015339772135	0.8704086211989716	0.42572475462163056	-0.003403496386670337	0.1371804661901865	0.8893068926686833	1.9237584223977733	0.4743208160616298	-0.956408884309807	1.093896561106732	-1.7441474450435557
0.21476301633775438	-0.10414679899831931	0.8716390266759324	0.42810711071803786	-0.02139653313236804	0.13993553303311448	0.8627329976464968	1.8607153904376834	0.4739916470538819	-0.9451961830756859	1.095718517311134	-1.1848292326430945
0.22204405527228868	-0.09510905577640799	0.8706866057823638	0.4284338216559747	0.004376438108969747	0.12185335184142644	0.9973832711738189	2.3814226113204033	0.5126209838570288	-1.0300316464430612	1.1977397094583553	-1.6897168658644495
0.2165397625460335	-0.11340136633258469	0.8709349252165645	0.4262898279204275	0.018719303216225166	0.10534621099095785	1.1025750573951436	1.7483263038028025	0.39178278213601964	-0.8954144165108018	0.48765297892915743	-0.43338783914375484
0.22240556677382003	-0.09573426126908711	0.8631392963403786	0.4431266976839856	-0.040053652334771865	0.1325715708347331	1.1565658239370495	1.9471142122589922	0.33251681182608955	-0.8075105059521722	0.6884454085411544	-1.2850100329316
0.20969653572372882	-0.12038139082651664	0.8616507843668736	0.4461990693043765	0.00641192231994468	0.13261580846766266	0.8769290791001136	1.7368913378241506	0.5225507914342147	-0.9526149280731956	1.3759575258482488	-1.437271731644225
0.21307143838738557	-0.09818428774764504	0.8768731427987179	0.41958777296451044	0.009395719574664485	0.12381790191471324	0.9200549295815609	1.9065694241489317	0.45248864049306586	-0.9667045340571184	1.1165881345106023	-1.3719657106691143
0.224821617464717	-0.11193561326662485	0.8704163887418037	0.42343945141289113	-0.02270919388344314	0.13457700197321099	1.261871860690651	1.8657418381517514	0.5117381280697101	-1.2286960215513245	0.8180924641044024	-1.692788341318426
0.2148759691320532	-0.1091700148876613	0.868779283546849	0.4325884675055641	-0.017959898364301095	0.13558078807676868	0.7704637129008234	1.9609307034692334	0.6355365388985329	-1.1642018215034098	1.0497515022758244	-1.199696634470225
0.23136735051741897	-0.09679260138481373	0.8667209484895176	0.4311555854690292	-0.007864250838557444	0.12052306581540984	1.1481855789356057	1.933430600649302	0.5357610282070348	-1.2590957944046068	0.21017246655687374	-0.9412129829939494
0.21999420937660263	-0.09741624839759915	0.869173116525021	0.432030920072954	-0.02101354260573496	0.1141890424693327	1.0473779907912755	2.1279901024273995	0.33743408497257377	-0.7323663681313162	0.6098493842360966	-1.1215765204763744
0.2182603472023744	-0.09704762335593435	0.8666964073097464	0.43792866678997144	0.008397483473621037	0.09420686255592814	1.2535520506536377	2.125631783983733	0.4051245914888603	-0.9554825996430099	1.3023092151676017	-1.6307298928218998
0.22373272969630786	-0.10923861376457318	0.8615609151013345	0.4424063522319547	-0.011593466078128153	0.12341541412448358	0.9183277292023766	1.8536810414586635	0.42759641567496603	-0.8394246140207112	0.4889865991537557	-1.215866715056995
0.20207790443330687	-0.1143259947029119	0.8727378143754823	0.42944475178320574	0.001235506730056824	0.1208079446582757	0.9755230977473834	1.9766457958707468	0.41794289443727545	-0.7821826518102385	0.6792779739141324	-0.9268151883006291
0.21305067620663062	-0.11665915377370957	0.868004769399491	0.4330909506194236	-0.015352848385670054	0.14334824940539628	0.7866100526701464	2.039208025165679	0.592469288028166	-1.0251003585831544	1.9684113952092275	-1.8780783768768134
0.21055595974458668	-0.07616926211897372	0.8756202915888812	0.4279644100647734	0.03301712262661227	0.1420188433618648	0.8057586321193815	2.4784415786592997	0.4433945116319957	-0.8625050091552433	1.3185143278611726	-0.8805205124864188
0.23331304442297796	-0.10367904114726399	0.8632165397626653	0.4355145063129771	-0.00815912574953422	0.1216530564535455	1.1031023963823519	1.7783162502701295	0.3515774495151209	-0.8644523171958716	0.8611360429779723	-0.6280364188015807
0.21920570309873066	-0.09732390614346033	0.868169295727834	0.43446402725358835	0.036339852997028445	0.1303947238216834	1.4087761791054723	2.1454005642659078	0.2902985365136536	-0.8102886858414552	1.4600888212245717	-1.0295888632765509
0.225869398988116	-0.10046757626264866	0.8639256247925412	0.43877305699811764	-0.012184740136618875	0.11122409881069457	1.1015630878777294	1.9789209129240062	0.3874502735736654	-0.8768091349426514	1.2612503700473832	-1.8555651036773717
0.21396215629825246	-0.1108115237982966	0.8688494869564289	0.4324830295875805	-0.018743296951219516	0.1466604245164934	0.7179622168943328	2.014334569572345	0.48229335903394877	-0.8079984060088099	0.9272520961719627	-1.503063155765476
0.2103130469483919	-0.11673867596756822	0.8717661079859291	0.42680716580639566	-0.018365527644427917	0.10646774681242317	0.7994183177330424	1.7918864477343628	0.5857150280072213	-1.1001506037594806	1.170360575043509	-1.2643137437210068
0.21625523665707	-0.1164774342140106	0.8645028079370342	0.43852203480132995	-0.01969580432789898	0.13028401218726163	1.1653456941544205	2.072028681670729	0.5002030392600207	-1.0104268913134193	0.47540647376281875	-0.8560535979138698
0.21551228452850343	-0.10678512589819326	0.8664538793662693	0.4375032194571316	0.01765050704732247	0.13688508025538434	1.300714269102387	2.2295779960335382	0.5117058891898577	-1.1099431223213974	1.582199959767845	-1.6279409044573043
0.2144480618462342	-0.11751835073944278	0.8756082636456608	0.41654727780325956	0.015736787782244955	0.14955106188206044	0.9711634368413266	1.71955690041135	0.4908971270268062	-1.0467436233207157	1.6333761910317077	-1.5168656248044181
0.21745444710155104	-0.10494675573476125	0.8715072466269859	0.4268194711738877	-0.004875734944597303	0.1329954131740085	1.152772542004292	2.1874588596374234	0.4817465362159525	-1.0331168849210972	0.9103678531262082	-0.9814208552653702
0.20790467743906182	-0.10671090013058958	0.8745313339273953	0.4249510264388705	-0.029082828938636136	0.07740391945851237	1.2041522101907478	2.180503112883147	0.4024848979726429	-0.8698674874168079	0.8089480209029848	-0.6630424618910918
0.21440421181399255	-0.10193572373335014	0.865894057759333	0.4403037848127765	-0.004476894803160055	0.1269155969988891	0.945437397091273	2.2429416970020077	0.4748619215438896	-0.8749640683921533	0.4976040691258284	-0.5538557033083252
0.21456611617716786	-0.10663377089197863	0.8704204703024208	0.43006839638889494	0.023090939483289403	0.12876070365711864	0.6515377181994232	1.9905177320161702	0.5819439432699546	-1.0093218436420737	1.9748405880369166	-1.5268002393877662
0.21624083557340262	-0.1050159224219995	0.8703861694048046	0.4296969550476286	-0.00450800776707506	0.1060340385001855	0.9358738375746778	1.9985110303979778	0.4534429375360447	-0.9010283135550641	1.288723476690328	-1.4031706626531442
0.20392068890141832	-0.1026379095599555	0.8750300209293492	0.42685392657385246	0.0023847118426346637	0.11493182034179017	0.7364192718936526	2.2198826376053042	0.5510164199970172	-0.9475909583907947	1.4874161549826648	-1.8243779836398268
0.23301336452828314	-0.10563633533650554	0.8647579424795342	0.4321335875935189	-0.030809303894850412	0.10412527164074174	0.9990103988166318	2.0357098904318196	0.5782196211366354	-1.1981430426462096	0.5125550076764087	-1.3777494893516693
0.21124834745316956	-0.117249431803168	0.8651418968035423	0.4394953979682926	-0.01262759180815007	0.12059804698878507	0.8949975339961602	1.9840117198628116	0.5713183011777542	-1.0255258736034034	0.7375753897934091	-1.638235188305244
0.20328285987001146	-0.11138040606097145	0.8723359836317256	0.4304653478388614	-0.010480336675925184	0.10523264173115972	0.888616676988625	2.1153672170752498	0.4502561321091811	-0.7847430865367974	0.5884833064546333	-1.432928037428179
0.22442320904624297	-0.1185103542794899	0.8623890535837113	0.4380349751206251	0.01287747588051044	0.15207610965691667	1.1520882815286104	1.9410762036473066	0.4924883816044553	-1.0346989069891532	1.0655600575687345	-0.8381427983852108
0.2106257279326244	-0.11425383256726847	0.8695248411456334	0.43186735823306166	-0.03665758693325391	0.1258308369681659	0.8253916260360077	1.9443478364907627	0.43801915434978456	-0.7700699049490274	0.9369174626330722	-1.7871218003317126
0.20778742736577074	-0.11774023001968065	0.8721878012023924	0.42690755755475124	-0.023003766381354946	0.07797661177092595	1.2184594744906658	2.1185880542061755	0.5851169190495089	-1.204170187923789	0.4363600156102751	-0.46163561211099613
0.22720708577712942	-0.09511301556007211	0.8696421287688381	0.42784696132394967	0.02370406722451393	0.1312565571402664	1.3283774037058393	2.1931870533986353	0.39145442750720727	-1.0135432180787602	0.5491885756027857	-0.9725156119358814
0.2089590058866847	-0.10117913087088622	0.8721194768400531	0.4307046963422764	-0.018710009349159413	0.14396574217748911	0.8365122086500191	2.1096275167017913	0.559256516834195	-1.042674913055358	1.3224464499216877	-1.091989690893205
0.21047128183318953	-0.11295441355197845	0.8664552605377286	0.4384044040256889	-0.01964998220325888	0.1152223219905163	0.9329490458819394	1.8910613071635847	0.3730990412652048	-0.6980515816584028	1.6522178011245385	-2.222475582842703
0.22779804442689122	-0.11021818917131787	0.8651502838240487	0.4329838197095217	0.020893084490462673	0.14432713030885344	0.8423721323640815	2.001213117832833	0.542321496586155	-1.0173826713195604	1.6579476601468592	-1.5575562926810564
0.20465146113845623	-0.11684543816524863	0.8650379276239306	0.4429156881461317	-0.019230643194104485	0.11274442972981441	0.5595825315241063	2.11763345171335	0.5769019017663882	-0.8266259459986323	0.47810839558471585	-1.0931328305779269
0.22205238367867508	-0.11278921547370722	0.8642873958309464	0.43701101723321006	-0.00929762099457451	0.13586504954797954	0.850814063220842	1.8851059305646731	0.4005977295146428	-0.7380528808457576	1.0481407488896253	-0.21151554741527748
0.20761280955093075	-0.11781549209779833	0.8645030580113275	0.4423244214614268	-0.030914573421401876	0.11850233037897469	1.0852778172299373	2.058092507321482	0.48275893409370246	-0.9047408432245684	0.9423732665139618	-1.1991262346437888
0.2306231240884368	-0.12163919784589854	0.8677656177067319	0.42308357674240904	0.0029427837013107825	0.12142388881832734	1.2363863768981673	2.2076242242945963	0.5540274620818261	-1.1755871871032693	0.4619464209428828	-1.2284593830860908
0.2238813700983273	-0.10929359058232965	0.8650636029529328	0.4354273831841637	0.02011113443055423	0.14215341795122077	1.07612575089853	2.03379524566603	0.5409347414976969	-1.1174921418246035	1.6517273997764297	-1.8242244933685132
0.2351368255835437	-0.09350571978367475	0.8722490102626436	0.4185080856065623	-0.012596557685615932	0.09716646141174223	1.051598353613474	2.1578342625868574	0.5834957810499029	-1.3248328750210536	0.5826224053607909	-1.6652773854909302
0.2130045031991911	-0.11457521918432172	0.8707688656453936	0.4280924939640554	0.03590960946119662	0.10213608583479461	0.9788897921949835	2.126302130592081	0.504576477994764	-0.9443190298435014	0.6510445028110604	-1.302367636125899
0.23132935064917323	-0.10007544427407578	0.8731501909509515	0.41722941054520013	-0.003295873462724827	0.08868640234534263	1.0158405480927506	2.05726624250476	0.5111371247821332	-1.1394483879482193	1.7194810970347882	-1.2929947969534312
0.20832014685542002	-0.10536091274757821	0.8725879458703151	0.4290595194153805	-0.011185203623935729	0.0970843564059732	0.9247098472692159	2.051111089634448	0.5315236545293792	-1.0262676122847976	0.6524809465108049	-1.8346896602650336
0.2180672898717733	-0.1091068178327396	0.8655839707744266	0.4373862697076463	0.007520264465812579	0.1250480444819008	1.2270550836822558	1.9102357595762487	0.44839098922041415	-1.0226221431051035	0.6678677914000265	-0.5655198287970938
0.21439612297137062	-0.11387454996720141	0.8672714199012409	0.434634528710154	-0.04134378959944205	0.14313243864040212	1.0094357382265426	2.3458737054923575	0.5421709950033594	-0.9651630902000011	1.121014063937478	-2.196828453012929
0.22007832454390042	-0.11542993154883553	0.8647023496918125	0.43649892142597485	-0.010391049624360103	0.14419657151630635	0.885586087030608	1.645948467146816	0.476444489678437	-0.9550751047406127	1.2245925203594392	-1.6117291057813725
0.22336353329660116	-0.08868610222483544	0.8777048257103519	0.4145814108111758	-0.0075012562873876185	0.12111491577194612	1.056281250336202	2.196427181302521	0.5123582477582018	-1.1839446739522892	0.7284031354921748	-1.0654944886745774
0.21361773076367166	-0.10464704215032476	0.8722574925731527	0.4272977045603731	0.04979621316118501	0.1038313313424747	0.7556183820741506	1.8663708478901238	0.6262869549328823	-1.1991330137916443	1.5907465854824816	-1.8884156375423224
0.20786087644650286	-0.11279882867351271	0.8711876017651699	0.43023533423398297	-0.0009506852642105056	0.14097811014906628	0.9257616980377518	1.88924537256538	0.43105832335442323	-0.8247989217537555	0.8314126804345747	-1.216760073513081
0.2255061279310972	-0.11072431852078664	0.8648040940876173	0.4347424414557731	-0.017341432014175158	0.11511541202058435	1.2127373492541738	2.0410531144047965	0.35366888282629705	-0.8127565951622225	0.1641314192744515	-0.628104085197368
0.2229955816316892	-0.10400518221355809	0.8682094481478058	0.4308923842357297	0.013460987149294834	0.1145695376529926	0.8556281761086096	1.9321690911711464	0.5176618573408912	-1.0194764074686509	0.8377068236934533	-0.7856173005323249
0.21661111838480535	-0.10646446209610035	0.8647297053881128	0.4404400961788781	0.033942979539659204	0.11538125408786322	1.0993622822847133	1.8967009896883855	0.44102690431367586	-0.9480787773628452	1.0397085377417337	-0.6779929947657729
0.22027149490455833	-0.10625548936023259	0.8708220823867041	0.4264494581319257	-0.034092545450451366	0.10066466903473874	0.8085052261809755	2.0697576928899153	0.6059087620118232	-1.139188381885819	0.5705872708907984	-0.600183224296642
0.22865694567998435	-0.08941244586900794	0.8628818756113599	0.4417649651765562	-0.010669395849696362	0.1350227615175942	1.0963172997179358	2.09869300136139	0.32894060602691877	-0.7851871590232485	1.0195712588033232	-0.7990921145936394
0.21746503390548697	-0.11733001610667264	0.8620414890714888	0.4425235558343798	-0.0007715969459235538	0.12281407708910724	0.9140162386813784	1.8810362538504086	0.5778872843380191	-1.0761627651251329	0.7306864653672519	-1.1523542619812126
0.20018072683077598	-0.11701709554525155	0.8730569861667948	0.4289594093396353	0.017925879910481165	0.12275751180601883	0.8249490890364323	2.0207944258165798	0.5570821328592105	-0.9675411070687808	0.27705422682199077	-1.3400616881347076
0.21735170479519383	-0.11645096394585773	0.8677121095139098	0.43159367977488283	-0.0003441642572707615	0.12098001924745498	0.9520827435234016	1.8505232037029764	0.5062808905521501	-0.9980397681165568	1.4824701995818186	-0.6654945697694205
0.21414135906694687	-0.1019092986031332	0.8669647785159909	0.43832641491005	-0.0026316899362874503	0.13565574375891662	1.035821507407685	2.0167029837330412	0.3433767511751226	-0.7163314304899692	0.9907609108569874	-1.549221608618425
0.21932375347638405	-0.11621569064349808	0.860543270415056	0.4448103912372607	-0.0051339449706188246	0.10498034581030828	1.0069044692887428	1.9484534630796118	0.5727024280071716	-1.095371044985519	0.7516885844599933	-1.239419386081771
0.2189443801900664	-0.11271940554809996	0.8694269271532615	0.42831590250293994	-0.013906334276779205	0.10222496228328819	1.034589846521907	2.2229975712961156	0.5627561789757002	-1.086156364102001	1.1465908540206742	-1.7873955357278621
0.21512100812574245	-0.09544724944361592	0.8702886212068396	0.4326782756673952	0.030661344120916523	0.1353528493690164	0.798686845394876	2.0837218798458528	0.5554364418075002	-1.054637679061119	1.3743640064328766	-1.7343477429882317
0.22050125307580706	-0.10686764969440905	0.8674675065088054	0.43296492697698674	-0.037872325548149274	0.12052596763657482	1.1840108839750878	2.1051519246957677	0.3879849300902532	-0.8607338418850606	0.8653261785208732	-1.1689507872083866
0.21727496481818984	-0.1228272650110551	0.866282597814962	0.4327349227369095	-0.01269739783131945	0.0993367573046478	1.187139642686137	2.013821142839718	0.44038501073782405	-0.9060545646822582	1.6274356855104275	-1.5903912146557582
0.23225989132978683	-0.10517394121575457	0.8631286409069574	0.43589303070217705	-0.023897884850637725	0.1093721475852636	0.9068470800126017	1.841554468283125	0.3971195392700816	-0.8252160180032616	0.9235666928396266	-1.718834651959267
0.22217443550145963	-0.08739576745916317	0.8732655059183752	0.42474445989671955	-0.007328607684003574	0.1187805232255802	1.3171530090881478	2.1744916233261073	0.5109209780204149	-1.2919910209019494	0.5816926711804081	-1.288195045732926
0.2093783439845437	-0.11204418255662119	0.8653627153834382	0.44130962039107074	-0.023039880861209294	0.12744129347257785	0.81180740717445	1.86706390601687	0.40970684312540673	-0.7145238923563204	0.7997394222251478	-0.8443927833940382
0.21046992493567668	-0.09747658065881061	0.8712971267269916	0.43248357642565566	0.014656622819197935	0.10369532379941199	0.9921410384758753	2.0847191478009344	0.4449924324806165	-0.9094569250891893	1.4320085293489013	-1.747071313493195
0.2222729108090658	-0.10942324225195228	0.863879780070029	0.4385579012646949	0.028538110127858275	0.11844407219567495	1.0472942504921354	2.0752533910080646	0.30741992544163466	-0.618568366433231	0.37294645631791473	-0.6272788803412291
0.2223571599417071	-0.10341808993179331	0.8722229803928825	0.4231891593272147	0.011401921434562276	0.11697138551615104	1.0766517106030395	1.6973633647773652	0.5738468561046219	-1.3336484222056015	0.7780236928849834	-1.462674138798844
0.21110054506450907	-0.10934245502637593	0.8649324889577915	0.44200970232287007	0.015470409237396896	0.11635285292246172	0.6270020905276797	1.8344374886305141	0.5330425242847171	-0.888723436732799	0.8178416290369602	-0.8692297953218032
0.23539579053681092	-0.11079066629670253	0.8584545057583627	0.44200691352313454	0.0102682888666987	0.15155257971884042	0.713724872562815	1.7090951048249214	0.4764775125777096	-0.8771136850539366	0.9323263664441326	-0.4023636773478578
0.2133436516487224	-0.10997389828580405	0.8722083717020063	0.4261957112993362	2.8483801227539368e-5	0.11669388933826401	1.2408205421815939	2.047985912876249	0.4933473874684879	-1.1023055842383294	0.09556052709313027	-0.2801597158689338
0.22242636134459928	-0.12073164284764094	0.8626453456523643	0.43794222429291324	0.006274588852653893	0.12332463993127281	1.1318407334382783	1.8973171637029216	0.4585832878197304	-0.9551025532885908	0.2532514623480376	-1.4286591814429654
0.20758713917578697	-0.11167079082728709	0.8670225560462888	0.4389864478907985	0.00942652360575282	0.12492664857591314	0.9314229680780041	1.6896598867823294	0.5043139852458646	-1.0066765755089941	1.4180728468869344	-1.326489050280003
0.19838807396765515	-0.09747053467611853	0.8728897854488491	0.4349771136926839	0.016069347503041693	0.1279702224252693	0.49001401291006447	2.2147151624747186	0.7021752608593945	-1.1363013419251324	0.9850542657761622	-1.1764774003348886
0.21730241428597913	-0.12086630886027015	0.8653034774728771	0.4352251003806243	0.0019520539490047548	0.11375739757395557	0.9792149035725594	2.3026774390351537	0.5485595727532985	-0.940065602020157	1.1518370175715031	-1.7223014624288122
0.22654444888289543	-0.11165069366104012	0.8592492743656612	0.44486224810320607	-0.015615593822421307	0.12966774309904217	1.267015873565385	2.0093154746982314	0.436168461486099	-0.9833861654191347	0.7261043966318566	-1.1507855226075554
0.21392804368543689	-0.11997375663829615	0.8594116450535024	0.4486119862302492	-0.010371015543673668	0.12148082855206048	0.9442462910768183	1.8797463458950319	0.45019749937353026	-0.8100218359128454	0.9318125003419168	-1.639132971778576
0.23143793061353404	-0.10857019904373502	0.8745142718816722	0.4121574752788033	0.024411934235521682	0.12545581814966275	1.3920822048213208	1.8569798256058083	0.35670443745027947	-1.0493830702518987	1.2796232547922541	-1.1841214107455704
0.22012307856473967	-0.09913931387322568	0.8631593383053997	0.4434785039030776	0.0019511110277862119	0.1218477618188963	0.8755700930953569	1.6182863862690091	0.29650591276696986	-0.6499282994263085	1.1324745442911233	-1.9622700126216523
0.2268783480632952	-0.10632706716712363	0.8673947334218847	0.42993853793267434	0.036710204813638146	0.12000950188521263	1.2078403615201092	2.3008368435886033	0.40800394757335845	-0.8915043287827079	1.2895766389188308	-1.5113312165891362
0.21062045959069178	-0.10997599419810998	0.8636915882210283	0.4445010046537361	-0.021021983990609023	0.11536909365337118	0.9533760245110734	1.8542755634798072	0.45332129293512813	-0.873798891875244	1.0923817225901293	-1.23400365813729
0.21292402529403845	-0.11111149440209393	0.8713758882319981	0.42781030454187674	-0.030691580929477272	0.15494395632005928	1.1617263556324702	2.291373490899962	0.588373110946262	-1.1814948259091016	1.4101016889478482	-1.1619241942118776
0.2116376851933673	-0.1087904079191975	0.8683502413088127	0.4351344571160675	0.005335228437924072	0.12424604587902954	1.0696055171997387	1.8179983970932163	0.4357219080060661	-0.9352218970929295	1.5062460873646442	-2.2571854754833085
0.22043072370062483	-0.1220679775963618	0.871634304161637	0.4204323307061576	0.0034185759671300393	0.10914463286047009	1.0671412763894372	1.9899023339524107	0.5571784422035184	-1.1368850090253264	1.7505468292878963	-1.3484794141051053
0.22001989648599599	-0.09059479791072166	0.8769180011058479	0.41761064052336044	-0.025377223685741298	0.11603624121576293	1.138405679007665	2.1306653679715972	0.4466642059837929	-1.075481657607068	1.0765465216070629	-1.9891654492719884
0.20664100870192675	-0.11117556544025392	0.8756096850498062	0.4221932811150235	-0.01714714151544386	0.1531871206975381	1.0999025834571696	2.224688431773682	0.5214505266811389	-1.0339840446347817	1.8112629228692183	-2.238117050198046
0.22102790728190086	-0.09758856432968323	0.8701396539057573	0.42951148880492557	-0.00966467429299245	0.11084208026463255	0.8577398080037123	2.0175396081761163	0.6021443159320815	-1.2028672132129372	1.0245900524736227	-1.086918502455806
0.22074164450359504	-0.10697029996121388	0.863224766997493	0.4412181806659607	0.01205966536232378	0.11981011708230388	1.1691885586018138	1.710868291651508	0.4124753680958269	-0.9771480034536305	0.7902267176728861	-0.7950767310578986
0.21335294800422644	-0.09911024450790544	0.8622210081964178	0.44858958083780986	0.018721722043159347	0.0811915085986278	0.7583565358182778	2.025083373771323	0.5162418439796622	-0.9055173699362407	1.3101449844877326	-1.9653707046344195
0.22288850012525002	-0.11624006504411585	0.865709306555452	0.43284680931449027	-0.013727719667660192	0.12297822183081704	1.0467056855910264	2.0640678086023097	0.4875008113709908	-0.9597050606001797	1.4265961782076164	-1.576083151479712
0.20085628636205713	-0.12147052180422403	0.8691068542218124	0.4353790767895469	0.03062144891864095	0.13504853487793236	1.1595590310593016	1.7248380891204342	0.5214775040418697	-1.0946952588595575	0.5786518528969602	-1.2427473352773715
0.2109360853286075	-0.09848395642838874	0.8694069066094323	0.43581935359994217	0.027543872401305364	0.12748037438200222	0.9135308105353797	2.302704255470485	0.5922635956039569	-1.1032902600993217	0.8221224047175023	-1.0615356056759595
0.22575050775691669	-0.10550134562660687	0.8655103707779574	0.4345088864387842	-0.027837767240365477	0.1332041547093493	1.0355575673369974	2.216617617886529	0.5407731870798576	-1.077000543539783	0.443298610724746	-0.9607300852414826
0.22875005057259873	-0.10188576987425044	0.8663883571679286	0.432046199872216	-0.010310717927533365	0.106063259941744	1.1751915836645699	1.9918102381575395	0.38415140687379706	-0.9228464943349319	0.06638273134671757	-0.7885336525133199
0.1921045686224899	-0.09836943613215779	0.8792317498615073	0.4247008579987568	0.0418834441679684	0.1191145482027648	0.7376874324555945	2.1034237040842516	0.6652070657107773	-1.22361818887349	0.9627849765569293	-1.7126605508581993
0.21476772429996133	-0.115767824467074	0.8650946523510333	0.4382737476632855	0.03282095408955329	0.09882346809685323	0.929142423423341	2.1247853665195326	0.45838173572261465	-0.798842309546093	0.5372266158667259	-0.6746099594830725
0.21731820882798147	-0.1083636737044173	0.8667247218160035	0.43568149711234233	0.03551922501135678	0.13475853898822454	0.8047966350467524	1.9144706426518623	0.5649517832584329	-1.0491507474516175	1.5564739606969393	-1.5575212606169524
0.2273712259588819	-0.1102502958717431	0.8711476715566174	0.4210094205687469	-0.006723004398877519	0.1038411590766432	1.0091896005111654	1.9558040549312845	0.5100783073440311	-1.0883039864171506	1.4940152950477856	-1.5485626082575559
0.2144605434969316	-0.11094555347793476	0.8667209859852525	0.4364544556986755	0.022864364001593866	0.11876449856503878	1.1482729004969692	2.0303518838910337	0.5105613685088792	-1.062000773455553	0.9486753790863766	-1.5350136499471299
0.2272979303769154	-0.08929910138962417	0.8658591535391286	0.4366339972675976	0.026341498729944807	0.10745868095723443	1.0167350890558304	2.1915705871149496	0.335241526027713	-0.7458613928786975	0.6468730106526617	-1.2441598438830797
0.2241209216424064	-0.09892370214249892	0.862947591382611	0.44193366941604584	-0.010720385470927707	0.11489629148578061	1.1538167472778265	2.1548438752612453	0.47055033841041904	-1.0216230432918625	0.7584165976426508	-1.415224689552837
0.22595899995856192	-0.10159256761873998	0.8660060987578934	0.43434423842902803	0.015677333188702704	0.12703990437418786	1.224077149195009	1.9802482530258068	0.4074033201196446	-0.9859150092182322	0.7944209989050637	-0.9990511841641435
0.1947426992780242	-0.1129348397639309	0.8720417856363476	0.434585005665836	0.016226751922148456	0.12380381380093174	0.7595359611586696	1.6700630910572654	0.5992030549274528	-1.1087264203467402	0.9875325645994836	-0.6265940053695452
0.23000826843243188	-0.10291460947727557	0.8685054311351258	0.42685254561457564	-0.01726021106472175	0.13115297713304208	1.2261348301827533	2.0942985364086053	0.43384257458643094	-1.0384894502607172	0.9212431029271131	-1.195696609648158
0.22897613614099394	-0.12452856502743315	0.8665206288956696	0.42568129541759625	-0.0013257671086156955	0.11895713280486941	1.255981431781975	1.676528183604845	0.48624510026772144	-1.174953050198449	1.2287275876054515	-1.488548767468548
0.2195596651846301	-0.10408008395448529	0.867223740811014	0.43460772303514317	-0.0033410301747273073	0.12916297129021168	0.9521727508787403	2.070128210128144	0.5282975487397764	-1.0394472187440764	0.9370488281664772	-0.810990856749648
0.2060416923795732	-0.10588117659813875	0.8778838936059917	0.41911319090520044	0.006194612628445586	0.1254787083641045	0.8937085408585991	2.031481390847277	0.4679189209142066	-0.9062565263483718	0.7559712312902858	-1.0670686272722725
0.21662830108416994	-0.1080425255963506	0.8722401001265171	0.4249661157826955	-0.034312311180380625	0.1286278009927244	1.0313641773546374	2.0395924749020984	0.5341517194234703	-1.1035432689324285	0.6620453569595538	-1.6028339168423413
0.22498140674678443	-0.10458825862060027	0.8626970717042824	0.4406795040046733	0.0005676285858925501	0.1278668897206582	1.0307682520017643	2.104234019415567	0.4722197652040682	-0.9512766633738555	0.9571359677397097	-1.2427379266257634
0.21896210128109708	-0.12094843581475116	0.8661829977111956	0.4326130933670162	0.032916364336553476	0.12556254364356206	1.032366464371033	1.883756029685728	0.6103828520374586	-1.2179821685748624	0.42953609535468557	-0.762786794273587
0.22514108386587445	-0.10750445837608946	0.8656352540389234	0.4340851192449833	0.0009777538736816676	0.1117577483209725	0.9708695749660429	2.1433552894330896	0.5631293547730761	-1.0956998521517234	1.0656333803041413	-2.2101286315811115
0.21137131814940216	-0.10078425495784026	0.8704821007699771	0.4329267975714425	-0.03146595664014439	0.13612957449037763	0.9864500983569762	2.037070870860993	0.40497507295789226	-0.8216773408937227	1.3151583665534332	-1.650875302859655
0.21336583207793722	-0.1047537245927096	0.8656572167155451	0.44061237163059813	0.029328582753576957	0.12198818040851517	1.2742108824400482	1.9949367328134409	0.4832535132343373	-1.0921797350789348	1.4643090075579837	-1.813928180344125
0.2223918152057869	-0.11712674592343947	0.8595910140755477	0.4448893058272276	0.0173917165433191	0.12614902246203838	0.8166684356952003	1.7996411125777	0.5452440918660388	-0.9879338176444712	0.6197120995496599	-1.0540108378387254
0.22640917396301413	-0.11099424572482322	0.8680363398006632	0.4277055951783084	0.01655003791736042	0.10340297833668353	0.7632624673192999	2.0261964457562462	0.6309483799767543	-1.1587400457253092	1.1670484464851152	-1.5556646004047145
0.21084896933840602	-0.11070847127047304	0.8674584920038612	0.436809009944019	-0.01768755733844284	0.11451509152473123	0.8223429688995582	1.9662771783425446	0.5284054838740148	-0.9479576696181788	0.3429313003791057	-0.572028097235246
0.21197368416705506	-0.11249880224827202	0.8668094991910624	0.4370954916554151	0.009511833045828285	0.10431730662278778	0.9374715216987025	1.893929774195691	0.5231324852225891	-1.004610381544168	1.1524069594152977	-2.320636735363703
0.22369000206658343	-0.10693924079187202	0.8683428823850557	0.4295432694915883	-0.004551381131189042	0.11978261360150283	0.7491747852044427	2.104795787211575	0.6623799324489241	-1.2051650725053018	1.1986265451014892	-1.500231639129515
0.22175947564208806	-0.12163003466657679	0.8696846409955984	0.42388382234559324	0.009236068206670047	0.10454241740760865	1.191270741405111	1.6198419626848746	0.39236011958050243	-0.9634331132633434	1.3986435835794513	-1.7320522734544788
0.21009579290821848	-0.10197451387992666	0.8733581978546988	0.4274417089630026	0.026980773770670277	0.1385264431607873	0.7464130532421325	2.0328221520300507	0.4756094692440995	-0.8536827660718055	0.6339781856233399	-0.19749629382153588
0.21703267846064025	-0.10758636642542203	0.870747340495483	0.42792646478059576	-0.021852782231003526	0.10379748364173624	0.734429348806539	2.2356486695433766	0.5547832809587514	-0.9392873572422313	0.8823760344035051	-0.809435604259415
0.2183307667472787	-0.10795091812158376	0.8688974220583844	0.43092406002513506	-0.03099845553527587	0.1304866862414855	1.177533818184675	1.8321510796735119	0.3811516712711428	-0.9061716692376561	1.4810950446785123	-1.3158222690979302
0.221975896051549	-0.1233836206666028	0.8633397413569328	0.4360592559699384	-0.011180871893418792	0.12121849613729148	1.3110728420708784	1.9528601425002123	0.48938693374657605	-1.0837582191058237	1.7695332913790676	-1.4638217981817572
0.21289955062375	-0.11459991358694654	0.868067410504592	0.43358922031102404	0.024105106601356233	0.11765299977432948	1.0956945425155005	2.0910905535465045	0.5365436187952324	-1.0595053734139042	0.8713532195236847	-1.4686388875410987
0.2081790768277842	-0.11146139731668157	0.8657878491583175	0.44119069474452743	0.003050002827926736	0.13482361186509703	0.9473277669409967	2.067652705571326	0.5428723201523757	-0.9899633511802084	0.3014089292541762	-1.1976358095937234
0.21533356502698647	-0.10696790739795377	0.8720290949785952	0.4263268465279704	0.001838651162194441	0.1162043338170959	1.0710596205938545	1.9722461284192985	0.46708108137673343	-1.0015234587736928	0.8668759094758111	-1.4047008467120106
0.21078082981504714	-0.09761869544644707	0.8667205352168976	0.44140406196040893	0.018135180998558074	0.11095006667887512	0.9998379925757811	1.6868353629120842	0.45562786738100375	-0.9990439175230613	1.6783525013194545	-1.86614584429133
0.23404025091394087	-0.1167817981287211	0.8611620633249573	0.43587506612315485	0.020631417343421856	0.08709027096213338	1.0379758184242607	2.24086993558509	0.4847222705526592	-0.9146192617323164	0.9257782693235735	-1.190659853622109
0.21271546111303907	-0.09816537536380426	0.8688494396659917	0.4361379860494185	0.007336397275642909	0.12618239037914813	0.8617358232421658	2.2544876169844037	0.5618267918675737	-1.0320926347303716	1.7041559342842456	-1.820137235052184
0.21363531803200728	-0.09877539662700889	0.8731395570540993	0.42688486248391566	-0.023227701546056176	0.1152538453873649	1.0418128036713132	2.2104714991631225	0.5511582815949401	-1.1372291479564869	1.4751054328469533	-2.065153134061275
0.21229574976182314	-0.10454036038216728	0.8715677930827254	0.4293849202581989	0.03614075177880899	0.14965083692191464	0.677071191371244	2.0063533163869587	0.5690566381520319	-1.0013529945577304	1.7578969655207795	-1.421491593472143
0.20542833263007054	-0.09358571477245985	0.8672927506411963	0.4436712733867099	-0.031183168966383578	0.1212587478467149	0.8570377535089342	2.140048829716597	0.39189165819794214	-0.7114876496501517	0.9454953185642986	-1.3777917074027226
0.21120100486594673	-0.10203503205210489	0.8671120150060605	0.4394311563941158	-0.003617779584184036	0.11897860431352326	0.804267093774507	2.0224414258846166	0.4633856133224485	-0.8313233375681681	1.3111477488002705	-0.9327178019292625
0.21912370990998617	-0.10418257029172331	0.8686430996413005	0.4319605968699551	-0.01016136382593307	0.12001812834041892	0.6923931233166174	2.128589611281105	0.5850676080114797	-1.0143813042107226	0.861862271706659	-1.375677201655649
0.22121152104540162	-0.10465400939042123	0.8719477073484665	0.4240521158124818	-0.01491618623066946	0.1347993651257222	1.171556179046335	1.8508450485743981	0.4604998920900659	-1.1012683983680778	0.7641966727034356	-0.5657221689463073
0.21994933715423332	-0.10906709119426217	0.8686702936475248	0.430277328752235	0.0066657570575758265	0.09640945249992257	0.919075859474028	1.8955916665760502	0.5416375648245392	-1.08280843138538	0.7440942465929462	-0.6954460353312789
0.20444199933019522	-0.10918802881005436	0.8669605097102342	0.44120394136659513	0.03546304726140135	0.11911138600270747	0.865003944365303	2.0298221198626285	0.5233403216869174	-0.9268417922258165	1.1010685115620416	-1.4882112886194026
0.23268352162003492	-0.11471032737382049	0.860242347160656	0.4389567446933866	-0.018742499630731373	0.09835447820835086	1.1917651940100387	1.9555788740217706	0.4449084776781513	-0.9925992659161589	1.300595306184653	-1.588524484232191
0.21082289379352104	-0.11431143696302003	0.8718782116803867	0.42698359081935006	0.036259434919101614	0.10692514682489518	0.6532062691450722	2.1564422033916086	0.6291482593507951	-1.0298884959691246	1.2084220116482414	-0.769003294625986
0.21209345945275512	-0.10341210795633704	0.8711818017471333	0.43053985726063504	-0.02122419945613074	0.12728398362555723	0.9120935012734795	2.144673399229463	0.6663134134197465	-1.2824457008037549	0.9356298815333416	-0.95719130289745
0.21479907920955543	-0.10381219911492576	0.8705141480125065	0.4304526698670948	-0.030592862948124817	0.1252755515691421	1.1616612631495946	2.021674189785296	0.43287926220917644	-0.9675322687749582	0.8677388081631338	-0.8239963293297042
0.2305838056548453	-0.12044951568327773	0.8591116374323698	0.44073826379118114	0.026317611116474123	0.1202717314830641	1.0672805645435677	1.9173521392870039	0.43461027678151265	-0.8815486563183351	1.2751589514286874	-1.0821809683108803
0.2042462968585173	-0.09707691197670532	0.8771376330378842	0.42366153482390567	0.011374409887292778	0.117572867918323	0.7451917277432117	2.246839314695662	0.8078586612960376	-1.5169884675230982	0.15633666503962299	-0.7808046628442762
0.2182779898160027	-0.12705287257054176	0.8655256486341335	0.43252472563995836	-0.003204543463277459	0.09544532708775355	1.1428200158426538	1.8560182868772894	0.48252146065480983	-0.9971099350758407	0.7066968715236355	-0.34833321830559677
0.22285583299964826	-0.09280896746939808	0.871971804298393	0.4258954634225421	-0.0002980191204128597	0.11620253330155811	1.0009060153292735	2.123554309446052	0.5441515307785992	-1.1750715752140222	1.083074798538968	-0.5401746246279794
0.22012162424280685	-0.10751641060850926	0.8634034224610802	0.44104560089979883	-0.0011704300978894026	0.1275070338059695	0.9937766908035992	2.0414163994006396	0.5416331628172617	-1.0586522142737507	1.3180988174562975	-1.3426994616533328
0.20260662668933216	-0.10682554633329024	0.8711415857397844	0.4343399533394752	0.01563976108597076	0.09443003692335587	0.9309264846873824	1.957043506243886	0.5622411040765412	-1.0805850034529052	1.1076099182534889	-2.284244889043108
0.21399006311000968	-0.10127253437820609	0.8746788516872037	0.422952755141687	-0.0168406169326058	0.13828990140296724	0.8664325996371743	2.0674027611613712	0.5196820786888638	-1.018061161841501	1.0127962609754195	-1.3121461631657925
0.21490833106772905	-0.09952937214289646	0.8688131773855086	0.4348240749082565	0.010285622534889785	0.11897902586251939	0.9026609628571409	2.0429674330955105	0.47297409440095145	-0.9235464273349855	1.8745859952150077	-2.3223585389181665
0.20957240446090616	-0.09313328791732056	0.8662187831422777	0.44392636517973993	0.022910614173548297	0.11779192592555543	0.8293247742109712	2.199330652958838	0.6148569100736331	-1.1298569670006213	0.6004969659977739	-0.8471904785991023
0.21934180450861485	-0.10847681708847436	0.8692175007052162	0.42963110853037145	0.006597742794008095	0.11497263942534809	1.1812435806415573	1.8508019479218027	0.4588967253212015	-1.0641875082088303	2.2265888456347023	-2.0198181083756763
0.21571848394853524	-0.1256933415434674	0.8668410610807402	0.43157072931212476	0.025296710161181516	0.11445900915540576	1.0168622058693797	2.121374125787006	0.5409826212573434	-0.9770341028681865	1.0668055526112774	-1.6573970750880145
0.20156238598980467	-0.09943189702086379	0.8703257552390234	0.43819970581522844	0.02166214790918672	0.12204403650270933	0.796766602907591	2.132756418823604	0.5716946877898719	-1.018017050100321	1.2110364299177427	-1.6752477349387693
0.21546810020614157	-0.10618905034667862	0.8652921671306594	0.43996232666258317	-0.017435380720278695	0.09973337491114252	1.0581328772837684	2.0183834084411547	0.5842180290748431	-1.1800622836265697	0.5978770770104872	-2.003449411137476
0.2179541801628689	-0.11445929854079001	0.8648742296990286	0.43747869791521726	0.0012650550197196228	0.1102144331049147	0.891317317266115	2.0601034262194107	0.5510932031342456	-0.9945504859772017	0.7620226269136227	-1.0232275630565806
0.21126692763129104	-0.12026834875843209	0.8683817614475036	0.43222092263272727	-0.02099179164506905	0.13427526782592483	1.1968061832324166	1.9585816955960067	0.46205779751283416	-0.9683305944775212	1.152379224340962	-1.783034143433068
0.226183916618873	-0.10964289102149417	0.8658367538017214	0.43260373100274213	-0.004503511201696302	0.10922266922493708	1.1087797190123965	2.072048636237678	0.5514484175371083	-1.1582587215961913	0.9389075976998874	-1.217708282104095
0.20431270047610683	-0.12688716948345746	0.8653213661753602	0.4397441300177243	-0.03592628413723597	0.11034504858116374	0.9113129803022193	1.892513681210811	0.5917199355997991	-1.0417080833230647	-0.062144628886548196	-0.6856825432847394
0.2305214883788921	-0.11614539370133868	0.870515270871632	0.41901462277208223	0.009682310891265972	0.11408675872240438	0.8145378058052083	1.8979978453737905	0.539881633283602	-1.04363891570968	1.3653812889764343	-0.4589118264852625
0.23140473933449143	-0.1212574091316011	0.8596109718229651	0.43910985466714936	0.026562601369613113	0.12412150743473772	1.1697665992146549	1.9243342792740796	0.4554769507998892	-0.9767094173067746	1.91744391811355	-2.2934478651053873
0.20481990360554225	-0.12122531206940207	0.8719888250548848	0.42777180807072107	0.023899897186310342	0.10269215061384267	1.1538181068418942	1.911781789985801	0.5705047677676934	-1.1736218749904561	1.2193798274042245	-1.251248129044422
0.2081324897019426	-0.12181617893010273	0.8658519814435075	0.438340086589958	0.016659094848860953	0.09378322988597572	1.0234773603076548	2.18390846816579	0.4621966546410739	-0.7920274834267049	1.1432970968328033	-1.2695018707817283
0.226662904087607	-0.11542591463905498	0.8633802731317993	0.435746818814744	0.02256857743681895	0.17043163357859217	0.7962788200309336	1.970713984357314	0.47134019802609983	-0.8260788582785981	1.2472549948853218	-1.248590638524646
0.2102327914267897	-0.10495594301651563	0.8719882503802071	0.4294448912646175	-0.02694329172516266	0.1271703331757118	0.9012920718915125	2.241221069299186	0.520357263061916	-0.9500569340022705	0.6077626772694082	-0.35419944409453064
0.21966356494020914	-0.11300074909692459	0.8678666592943236	0.4310292456743543	0.0007167357063803115	0.1166484075359297	0.9107294935118839	2.177592039575333	0.5312137568354174	-0.9628285510143333	1.0289722888824855	-0.7614098066625802
0.2089575758171869	-0.09818894563545691	0.870319223507925	0.43501736937295304	0.015554132695911384	0.12205353715541013	0.6991968671129477	2.0697035225709244	0.6000284423781552	-1.0691452721423333	0.9182671210355619	-1.5497169722729651
0.23972926286476512	-0.12125824301955773	0.856468293327051	0.4407815576354969	0.002683732248838364	0.09602584864001007	1.3388453122557302	1.832227543123181	0.40319421408536815	-1.007552970013656	1.3475237544848202	-1.3457857395407677
0.21362156077432412	-0.11981531571007743	0.8660257246941482	0.4359008638000293	0.0074389219714829785	0.1337934743624914	1.3576194227711584	1.801716753213123	0.4341706434489354	-1.032680827087878	0.19128451435587276	-0.06591334659331029
0.21645767775039806	-0.1169726642638814	0.867578362202319	0.43217040041661325	-0.02488071794911421	0.14008395148779598	0.8421339469170708	1.7736753472088607	0.5739424525502216	-1.0939085141611427	0.5622120357046657	-1.0812972523093418
0.21140910156570114	-0.11740710076890183	0.871225417114593	0.42718618544813386	-0.0005973133217871988	0.14174746248550588	1.0317327164167485	1.8289673928853718	0.4016923025289399	-0.8271533197776472	1.1103256744407421	-1.136259632567899
0.1941207478504677	-0.11125210057764921	0.8725215542553209	0.4343342523114141	0.0006343043461042476	0.14875361663435385	0.5174135709768518	2.0629235825571732	0.6260732222018303	-0.9605471043287679	1.6429130977649204	-1.783291806569383
0.21930522556591478	-0.10897391852171633	0.8625417325638882	0.4427772156595134	0.04906326062703772	0.10227513840954079	0.9314068543946975	2.150701327886757	0.5730658823890258	-1.048349512304223	0.8092324753823311	-1.383710763444342
