0.22384764843200547	-0.11689399544237553	0.8668559139328791	0.42987073475705706	0.28109321131450643	0.103767180765109	1.0075183406754264	2.0052297712847826	0.5090221102800003	-1.0058375302752462	0.6148360003814405	-0.3131225753216685
0.2208742161504206	-0.10591679302094438	0.8695712034394771	0.4287681608339349	0.28766354984619696	0.16879234112803795	0.9963635645614972	1.9906821228347604	0.47871872826364315	-0.9923879953358047	0.5359303488645821	-0.3162651930557007
0.22510771280246744	-0.1096080910879011	0.8689060926193635	0.4269833558979301	0.1884327252395791	0.08704543629792653	0.9744063060865317	1.9863794947119673	0.4729493300840395	-0.9662476511632581	0.7128308244272965	-0.2846918698517314
0.21912765809784307	-0.1355647946554199	0.8647686100878116	0.4310226292358479	0.2167075991975885	0.13050114886063044	1.0240797858010096	2.0376469976707035	0.5527445272160967	-0.9887349201091986	0.6928384473356503	-0.3003510336183827
0.36997227412084205	-0.4115641346127535	-0.08708002191445813	-0.8283432557012131	0.035475752083223976	-0.046514648274179164	1.5878978857934525	1.6749707225326937	2.3299960499573555	-0.36793417346661794	0.3100450838675263	0.5159866648596917
0.21934238343235757	-0.10424810860146867	0.8741121602283188	0.4206532800587804	0.25250436255426273	0.131697318244406	0.9839063018246104	1.9955833255505668	0.4681597945368135	-0.9913169709443398	0.5454534177435527	-0.3074243866530069
0.21500965935437763	-0.1104164898851339	0.8656096295288752	0.4385191152192161	0.2596016748664787	0.0897021831330298	1.018093902874112	2.0111429885020256	0.5050587971186021	-0.9897411925758479	0.5590504162704796	-0.31527913233397037
0.2232011024873117	-0.110275445870244	0.8616047301522618	0.44233232175120984	0.21890613102081005	0.11287435131067941	1.0021986518703412	2.0103941241548795	0.5139043640341492	-1.0055271672878978	0.6928998939376881	-0.3261361849470211
0.2314261405420611	-0.11513941349404631	0.8565352407072029	0.44669031594686176	0.20454881010561318	0.1906313469023629	0.9800509091122926	2.032353428877046	0.5322566853645627	-1.0045035894335579	0.594751483874611	-0.3025335566854082
0.2320500543416213	-0.12352347309308506	0.8667349913160627	0.4238692943625633	0.32374409973323787	0.12628938482401023	1.0051949568513041	2.083014567527239	0.4872750541657242	-0.9396592195163612	0.5613846379923914	-0.34157501394740014
0.22753236693490073	-0.10782771803394081	0.8717030775971657	0.4203997499145598	0.20053747771755795	0.10719461879500886	0.9606116169342497	2.0237224052135847	0.47447561797310095	-0.9846788028155905	0.6984342725002528	-0.3074490440650245
0.21522377258417108	-0.10729875203049931	0.8684024060699839	0.4336392125479397	0.2904673244587752	0.062230753676834345	1.0409001068374888	2.0401747753085044	0.492422837604445	-0.9979250146659494	0.57653368610556	-0.3158876745537511
0.21194304340473227	-0.11487634251353927	0.8656824705710826	0.4387225004817947	0.19134798121407978	0.15446785053185444	1.0157121196817795	2.0032695350673206	0.5255788726789267	-1.0032064849840476	0.6820359298924129	-0.3111069289686696
0.19328575734684864	-0.11213027750594985	0.8768275528862629	0.4257239238905675	0.23252473266817433	0.1515802166609667	1.0243411599181416	2.0050676413809003	0.5100408896382101	-0.9874466699493023	0.5859589952553382	-0.3635684338720282
0.23340527838049568	-0.1012251425172963	0.861053029533527	0.4402989062870942	0.2540667346806765	0.10944964354572213	0.944640101181739	1.9722383326930317	0.4943323484938713	-1.014061673495769	0.6259247786247927	-0.3653025719345342
0.19223841530500055	-0.11073009039558421	0.871372230030249	0.43759990344390914	0.20496538309008874	0.08871384738236794	1.0521793308210394	1.9987709691751556	0.5150685531846455	-0.982088038643552	0.6923645927553229	-0.2620801693153931
0.2214550614233433	-0.1106455992394074	0.8615655898975337	0.4431928941707555	0.2918454887329817	0.13462262475357686	0.9963527266469673	1.996625646196384	0.5159199679835794	-1.0023364783084425	0.5473609447481357	-0.32348423957920935
0.21657969776636884	-0.10913279819174426	0.8621004436591437	0.44493380621950457	0.23514188110023426	0.1670591285727668	1.0119083043304842	1.9845873738754685	0.526037932743696	-1.025035073030659	0.5967945510095093	-0.334383221274307
0.21332369851758523	-0.13673756255419772	0.8660962641002313	0.43089801571733605	0.24147063302188632	0.06836346565945385	1.029843731560979	2.07145864197335	0.560300076742626	-0.9786948557103076	0.7194044593892849	-0.3886973742891671
0.2142468186101637	-0.1135856180806404	0.869507010425229	0.4302954414144344	0.3566374874048308	0.25152744663283144	1.0190412673422395	2.005980356609411	0.5045958640115817	-0.9975134077092923	0.41296039047340355	-0.4287928864140715
0.2268737286383567	-0.11178800348563317	0.8670752738434159	0.4291995142352688	0.28839117610905474	0.19944406202812007	0.9518718236034772	1.989607775899205	0.49602962881134305	-0.9870361941352855	0.5071000207362032	-0.4057873636643743
0.21839886125763566	-0.10243570065657974	0.8674319083700125	0.4351674953094753	0.2831376336913042	0.12551901434725635	0.9873196794795949	1.9429912893392953	0.47789440853425164	-0.9907419167190082	0.6255730546650486	-0.34213926289082003
0.23626708213009237	-0.10811451485384521	0.8601607570613717	0.4388765083611308	0.27650011338459984	0.09844815508544735	0.9774897892730067	1.9878626038230356	0.5132700690910195	-1.0424951479628064	0.5812343581901546	-0.345965042873819
0.20023870411707664	-0.12832664569649543	0.8537876773715369	0.46312345583690345	0.26682785319747787	0.13284054191597786	1.0673788143690959	2.043004581703566	0.5945581978269759	-0.9914960740518173	0.6266164425416266	-0.3447204424624865
0.2289620782088847	-0.11639703558578322	0.8659835815539201	0.42906938055302396	0.2778125746596387	0.11542842522625803	0.983165244842834	2.0174262597643033	0.5029688181508745	-0.9924918425450174	0.5849809539984993	-0.3321285617868429
0.1945554086611462	-0.0989006001363197	0.8771807552020466	0.42769239759029765	0.24093704871957478	0.15438108190213592	1.0274421014357635	1.9903221608004897	0.47504751996227346	-0.9814364399158206	0.6768721714486817	-0.28540271428828584
0.22315377626204896	-0.1092891387468652	0.8675275362229391	0.43087614251303474	0.2202845782209174	0.11290467278030274	0.9953811354239417	2.006484899943582	0.5063414673932001	-1.0260517458290022	0.6310826471389125	-0.3615458892356011
0.2244084139206982	-0.08900025690348375	0.873587650755508	0.4225688517628615	0.20859868929582126	0.08710763616976326	1.016675110959842	1.9736569399587165	0.44185928979057915	-1.0376943107160341	0.7601718400593547	-0.28750688206483344
0.221234703002486	-0.10586781037232187	0.8618728606503226	0.4438720367277053	0.22682226122598018	0.13345069166165857	0.9986117711162881	2.0057209725906513	0.5035471256590036	-0.9970889266609902	0.5306320313697866	-0.3658657381175085
0.21028799882724636	-0.10554463332373001	0.8737598638197166	0.425655950626256	0.14687209259099362	0.07546223829612768	1.00673807907296	1.9958049202327455	0.48009483126005714	-0.9879951901609195	0.7865271974563196	-0.33096229176807257
0.20491401193863057	-0.11948998439557026	0.8610478582078936	0.449809934545648	0.28106988350165657	0.18135030799987087	1.0161536850384734	1.996704950325605	0.5608305354438198	-1.0060689673497087	0.6008471685549478	-0.36547497012562724
0.20235399850379837	-0.10373349675825258	0.879887243875747	0.4172417273051342	0.2970106414440132	0.1299226928340557	1.020917024579363	1.9960760683665002	0.46413716132723687	-0.9776468475295483	0.5210654049396026	-0.30033349462056963
0.2232258448072555	-0.09488761773469738	0.8716089714804142	0.4259863413838234	0.23339349320483974	0.18074343878765534	0.9840906567343611	1.9910243459358714	0.45967258167729574	-1.0127218067858277	0.5397038176808904	-0.319250300135386
0.20475971776913918	-0.11286814204549067	0.8684253245161535	0.43723185637521284	0.29304144170608665	0.09625821898187481	1.0343330057219575	2.029285183044299	0.5261009867495411	-1.0054791291539613	0.7212220117835725	-0.268663858501572
0.20637142115684762	-0.10745407204385606	0.8720039615387323	0.43066640220901137	0.24646959607725397	0.06250971666587145	0.9987170641821137	2.0080268152255387	0.4991189587180454	-0.9881655706086452	0.62216144540439	-0.2934642955498018
0.20404345942364985	-0.10215155016300606	0.8708282516851693	0.4354187450405364	0.20006874945452	0.16716336918280164	1.0024954811122315	1.9912481102112767	0.49130403541868556	-0.9852240031031801	0.5867839388289442	-0.33185155390360727
0.2047257936783938	-0.10475720103345668	0.8736701834465077	0.4287349866653447	0.2941300067212017	0.16146741973723622	1.0108008875115007	1.9636980465278258	0.4769513100266166	-0.974783151461623	0.5364011890551099	-0.35948466489875486
0.22073185599456083	-0.10770775730652518	0.8615205454671953	0.44436340590006007	0.23530655171188766	0.1512799632868869	0.990718463316555	1.9743314515164305	0.5215527885487357	-1.0247485485702397	0.7368882804330957	-0.22923800502389122
0.2086555884294145	-0.11801753671735253	0.8828609384202242	0.4038456015064471	0.22108648693976227	0.0984413857749082	1.0205896794138476	2.0092888018988715	0.4674956359362264	-0.9621351812421113	0.6425689677050485	-0.30504862691797524
0.3799299504570712	0.7261634894620861	-0.5708805290136062	0.04934816015900989	-0.09892373169154271	-0.0021073712538815597	1.2161989468289371	1.3849716457948997	2.557646692950183	-0.15553875980583667	0.40989455393972735	-0.11291973498444595
0.9018131999035633	0.11453095045745865	-0.025959424867772043	-0.41586262410505365	-0.5412197155399104	-0.014889498438819142	0.09447036667485423	1.6305748184459685	2.3187922627279742	0.509185922498239	1.6574424954672373	-0.5063441574587619
0.22800554918256016	-0.11869018506034386	0.8593056040687767	0.4421764221759177	0.20645934109706823	0.08702387038428634	0.985539843408661	1.9737474930036545	0.5381334435731429	-1.0241730655863714	0.6747957358693545	-0.2739303444299102
0.20751850069695765	-0.10212170149098083	0.8710838282252921	0.43326688559990784	0.26236885444835784	0.1823031052486903	1.045432302746232	1.9599652792445212	0.4846918802666518	-1.0132295544140548	0.5119234497691368	-0.3942933795483657
0.22605189453191715	-0.09192319267933358	0.8748167896902956	0.4185047814567165	0.28736415887027134	0.14801496846116655	0.9688039883936684	1.965225942262791	0.4395180470449154	-1.0103777058708059	0.5536662313130233	-0.32715129464703224
0.21032407067620876	-0.11211582295825664	0.8802246302713186	0.4103637749610733	0.20721585392296302	0.1406302609176372	1.0218760488058762	2.0272456789696727	0.43825843750233934	-0.9099357852050185	0.702451920204873	-0.3878893372911638
0.2147419117774255	-0.12328403267298772	0.8674029028954988	0.43162386711409273	0.24628031473754344	0.06812963475937266	0.9829279038082162	2.0110596784114074	0.5274622448331205	-0.9746137424031334	0.7496676652781619	-0.2765153785054729
0.2146497400785594	-0.1139912617547407	0.8658670293861972	0.4372708185434871	0.24816935987131114	0.15845940422892676	0.9964004960387524	2.0031940963456565	0.5193816788002082	-0.9953693175705102	0.5959130255202748	-0.3417340352018298
0.20965318847436304	-0.09871066080657863	0.8778939909566907	0.4190511742589386	0.22541051759857514	0.09998281412342809	1.0133051499852204	1.9756661825208448	0.4474208004393565	-0.9789051994478324	0.706967752721933	-0.33076604922109276
0.22981885470377314	-0.109452011983047	0.8679055765476099	0.426548310620344	0.26144976277971904	0.11975186456900229	0.9596158186456937	2.008126544346225	0.48729276710546665	-0.9932484017285488	0.6446170425768041	-0.3381505647693155
0.21499883461404765	-0.10740579274689013	0.87311311418345	0.4241615100877157	0.2363306831592922	0.11260496130363722	0.9967473044236812	1.9986427625522347	0.4839794440842287	-0.9953814481277962	0.6348816762974517	-0.304428269395335
0.21184706143584162	-0.12346924493664314	0.8737424048160835	0.4200599696971628	0.2504422561531758	0.06270634136342605	1.0251134867014404	2.0159222227910085	0.4986089649514898	-0.9615738473906906	0.6085846082036944	-0.26487766550129904
0.23477649945070142	-0.09653188680322279	0.8681651024753587	0.4264398491931007	0.27921728208812874	0.14113212601823158	0.9256211033214147	1.9703864521460892	0.48104354463994753	-1.0429001407051737	0.4969179124366702	-0.33631791696637353
0.22197494099014084	-0.09494902718245982	0.8710692637675788	0.4277267182780799	0.183262866494912	0.1410990389780864	0.9651231866557598	1.9755027878205151	0.4600621177483225	-0.9992526686697326	0.7068121272661824	-0.25365624413786003
0.22279235987822232	-0.10062363797005247	0.8670331143582559	0.4341566842371405	0.24546040629887492	0.19669877586644624	0.9803582409888006	1.9732814872151128	0.479744777017083	-1.0038131116958726	0.5666536067422766	-0.36011943500970583
0.22052966112673514	-0.1286190026686332	0.8661025147751872	0.42975604081379754	0.2344956537163553	0.10639313680538783	0.9861494302495548	2.0456082540659524	0.5422128591082933	-0.9865667651787798	0.6880327439252237	-0.28193306748596253
0.2289353166702046	-0.10253656167617008	0.8655041100301855	0.43356373213358007	0.20141726334710475	0.1456588871719888	0.9453433522039151	1.9701427350755056	0.4889872732051102	-1.0093817353929202	0.5713009239581043	-0.3413539457479227
0.2103880430768263	-0.1026929396965289	0.8698246044471342	0.4342766272379567	0.2838999283554815	0.13609579937638283	1.016505422035684	1.996399586084049	0.5073315511932263	-1.0365142442002067	0.5918603431318487	-0.3331071212106476
0.17135281261011887	0.09652723993254722	0.40130470829028475	-0.8945810397418757	0.2561140784718839	0.3361995574760341	1.1980434583446404	1.6319525705439997	1.6655009073753826	1.1527064665275828	0.4806298347170029	-0.5995383139122457
0.2234150027540965	-0.09560928951914677	0.8762456175700591	0.4160988079666853	0.34398415918509917	0.0975747136500305	0.9715129122775575	1.9658452670013804	0.4280885221633496	-0.9714235523587286	0.5896652386077118	-0.30047243826154885
0.22067368685341182	-0.0991469893598933	0.8759608154637774	0.4173315806447263	0.1710533094625868	0.15086377688380856	0.9740258879266547	1.9946294885956226	0.44733586257098334	-0.9801057025895195	0.6763904480718733	-0.3089111249694354
0.22102419350318397	-0.10980945249068821	0.8764826522311351	0.41336225077749594	0.18491476351003033	0.08087891676531826	0.960754016417622	2.0065537750725597	0.47647448546570337	-0.9909780831964515	0.8181569338378555	-0.23711994779673065
0.23068497875755287	-0.0978579280664041	0.8704291897575742	0.42374673108845395	0.2696437519482096	0.16325694144400435	0.9413476394125209	1.989602154135501	0.46720197518929274	-1.012686637926591	0.5410978449587107	-0.3437374740000767
0.21364317628221044	-0.10348265088832573	0.8624286132792374	0.4470624354499324	0.20484036660352065	0.11895092841245221	1.0201441225324082	2.0058139544511326	0.5076116373546878	-1.002452119344862	0.6664769611446908	-0.300861491660369
0.2272396148108607	-0.09871931653139054	0.8654816664875519	0.435382749977668	0.16924343406995526	0.10343322411508397	0.9709354060783141	1.982028374037227	0.48054029673484694	-1.012601712189552	0.6785191091194207	-0.3023251405080028
0.22507506025663587	-0.11768472005479157	0.8723984249114359	0.4176272406442652	0.20799539632819042	0.10092352089685101	0.9651906493979044	2.000628035117321	0.48758237505312163	-0.9749438008608435	0.5877388163551308	-0.29982246422362563
0.2337816530163713	-0.10732340063848132	0.8704948096145229	0.41960292280023603	0.19283464877552384	0.1429748124350174	0.9743723374213241	2.0194754051321655	0.47635636325717917	-1.014576225094897	0.675989537066648	-0.380148549886669
0.22500530152693782	-0.11967391515128721	0.8561242761699442	0.4495575514543419	0.26366147040635357	0.13484611695093962	0.9686616262986829	2.01400118042834	0.5517255217235176	-0.9993741766728975	0.5652729253410331	-0.30341337693945253
0.2142395800067204	-0.09814382405546278	0.8649635719125334	0.4430656965085719	0.28124062584520354	0.05181966435013744	1.0021534935629168	1.9837584043303622	0.49329505380181193	-1.008179064692274	0.6794063688919457	-0.2800944903345366
0.20647700455295587	-0.10447546573842181	0.877236272969107	0.4206050939264157	0.2958997877297578	0.21827625030862477	1.0426685182227358	1.9551894486577877	0.4521084581088899	-0.9691363437683297	0.4361294708009167	-0.3342553368309695
0.20728023162386194	-0.10855444025992747	0.8720689134122684	0.42982164828886554	0.2872298649314744	0.169461298151686	1.0317344478387354	1.9867736327942076	0.5124226582255897	-1.0354362750912138	0.4921116793283338	-0.35890495545412326
0.23103333148908892	-0.1136295143766278	0.8675458928511907	0.4255303244195589	0.23769231385070566	0.11936935312370787	0.9751865085539043	1.9866734900092078	0.48102631513349936	-0.979644044442169	0.6789926148633151	-0.263801128666031
0.21108402201964963	-0.109796903788527	0.8733687288313974	0.42498851639296104	0.25228896492587743	0.11189608372620359	1.0157328580269336	1.9895125436519805	0.4844766459379763	-0.9861193794052017	0.7129033094075797	-0.32995367416845955
0.22183293742173923	-0.14182782191979243	0.8366842256182538	0.4802442330792878	0.2935798252754962	0.13505064636945266	1.0311710350020626	2.0243145881132207	0.6496588999372064	-1.010325353133443	0.538924398878111	-0.3391073526302932
0.21203290456659865	-0.08210684447763548	0.8647753801032458	0.44773212464403706	0.20318083972011683	0.0892279168294028	1.0046494263670782	1.9512860252330624	0.47635350591402936	-1.0379947211703657	0.6557991611782225	-0.3063371918671513
0.21121149380917092	-0.12284231656448776	0.8740454763860704	0.4199332986951807	0.285260454038433	0.14902882120537791	0.9984601981927661	1.9952414152323408	0.5141306357799642	-0.9886325999431493	0.5322569083600536	-0.359846488290741
0.2076464437962674	-0.11417049599792731	0.8675709873663086	0.4372283546415985	0.2796094095639387	0.19860007469913385	1.046443103621518	1.9914514234578096	0.49250480197415286	-0.954210918007675	0.3996911274462686	-0.31363696724176654
0.23163786740938597	-0.11696021909604525	0.8625040441697666	0.4344548069958878	0.23817215535300496	0.11108800144005652	0.9822129380783085	2.008408047752185	0.5129709054580199	-1.0013776772922147	0.6310180770977545	-0.31387771991206426
0.23635773428202497	-0.10070306301457731	0.8573696385751127	0.4459946383019981	0.26359294941932826	0.11254497743453569	0.9603482580364404	1.9850554417472253	0.49996975535467914	-1.021858615465712	0.6134255396452702	-0.34881694865206153
0.239730035638323	-0.10462722306378051	0.8628567447898138	0.4325053666459373	0.20210651169518382	0.1290251872850687	0.9299025537962087	2.002961776313833	0.4817286434343167	-0.9919508196532502	0.6833295159169873	-0.34837314678543835
0.2142765822260142	-0.12708291764267268	0.8696000089903314	0.4262995457621076	0.21040327243650647	0.1185444984648789	1.0256475382288859	2.019044784510237	0.5173390003935244	-0.9689528184887939	0.6474920106521557	-0.31036176832290374
0.21543450455337898	-0.11303856392271579	0.8606106165473846	0.44739202496251634	0.23737305039792186	0.21291536708612216	0.9678752034906751	1.9967968341825006	0.5436075371682529	-1.0072443426143554	0.6030477074638585	-0.3509561041597227
0.19930560558035312	-0.09869142105455143	0.8692747980390654	0.44147322057925986	0.2822519319359712	0.17103420330549035	1.0270446040330885	1.9927724875324955	0.4940697729842992	-0.9910195678141677	0.5354098235518351	-0.4083735849474092
0.20310343456592506	-0.11169312860325632	0.8727571718286461	0.4296144305211412	0.28652047454050256	0.08667932430043583	1.016451261952332	2.0073186232622073	0.5015426448213592	-0.9775416178920295	0.555327221522414	-0.2976629029093455
0.20548573140386336	-0.11217462858714237	0.8671462453696898	0.4396019290585585	0.23092300702197008	0.10514964249605578	1.0269012713985617	2.01867235069328	0.528695260241595	-1.007788679332601	0.7199566209288993	-0.2887218070643936
0.22022195085455532	-0.09706922898814428	0.8734529654269492	0.42327269499972436	0.2203561192584594	0.10544228134788813	0.9841408006921017	1.989991024809115	0.4544531807546882	-0.9934635423402324	0.6390790733542457	-0.31672535963337306
0.2044411795241448	-0.10129499091259177	0.863076702389412	0.45060152543396115	0.28052531314047696	0.09072800240083485	0.9944695611829862	2.024653487417966	0.5319898121616077	-1.0150238302559689	0.6432824819568532	-0.2617640114435534
0.1847002522687442	-0.1079070224644631	0.8694663264730056	0.44527541863913056	0.24448280264025113	0.11146761741335687	1.0370590856584052	1.9770335136215758	0.5288333077249179	-0.9836878705188008	0.6454210530647221	-0.2965764450222261
0.22201323367998116	-0.1078315577432842	0.8769980049091464	0.41225838816328747	0.3579899190394762	0.11341485715526722	1.0059695042362435	2.005496144686723	0.4502961140383295	-0.9750961398508917	0.5170008161190602	-0.32264732705588245
0.21973858636210725	-0.10098712950218301	0.8683373724459023	0.4330205086970343	0.11840274749540398	0.1398511348026981	0.9829111149096598	1.991767859712987	0.4616260869788067	-0.9599724613349192	0.7575689580450176	-0.2962445670268586
0.21462035271538873	-0.10954527696025186	0.8694910667798865	0.43118815067902616	0.19424767916776986	0.10079547329697004	1.0116091871106518	2.010975363856699	0.5000800676338657	-1.00103450931221	0.6734671701948617	-0.27629799522305726
0.22230410613977672	-0.11453645300700908	0.8678462539068125	0.429307774103708	0.25970087958895016	0.11922935108721433	0.9874668432782903	2.0229704684424035	0.5010967605351468	-0.9845827257660694	0.6129395813087372	-0.29494099199887874
0.22590234571308285	-0.10641167575290895	0.8692045623243362	0.4267647060141498	0.2728688565869775	0.06679212518804188	1.000585234311798	1.974543556470108	0.47363743923239904	-1.0019757488569263	0.6851351042502558	-0.313425770504634
0.22883059745372777	-0.09903082012194749	0.8615700476131931	0.44218379367718197	0.23919256668457764	0.09585777939638486	0.9656950249235562	1.9795701564374153	0.506262817316291	-1.0428310572301334	0.637080697140077	-0.36953301375251785
0.20727225824205475	-0.09713461760524202	0.8730087414809179	0.43064929388520556	0.25955214764368834	0.11341200796323964	1.0239953180745633	1.9849402804926626	0.4552364501138819	-0.9679913869613593	0.6510432560190317	-0.3349858454479391
0.22732926873174295	-0.10029525050409271	0.863549551972853	0.4387988577830362	0.3158005566546248	0.18254451389626083	0.9741838598270034	1.9846785248411525	0.4872259166761362	-1.0099169331020874	0.45516996057441395	-0.40215159377301896
0.20441431672412505	-0.10547163522016967	0.8747088596040976	0.4265851992419468	0.20249154443247377	0.12493388303242847	1.0144241091872122	2.0180381939276812	0.48527713337180184	-0.9822029258535676	0.6480794876732227	-0.3215481234266901
0.21792361015402237	-0.12839941934482554	0.8694845460323982	0.4242870649220687	0.290836457196644	0.1791463605454983	1.0174437556235998	2.0504561439967266	0.5252281979938851	-0.9784070118784516	0.575650096927533	-0.3691578356729961
0.2145062761780271	-0.09489493788548556	0.871286794019295	0.4310931811239007	0.2421355897041404	0.10869170369106355	1.0028540759821345	1.9890348224684062	0.4691263754247974	-1.0093241835977562	0.6179345200407347	-0.3245468427932074
0.21974194794437416	-0.11245583008113509	0.876264292716613	0.41379711442230827	0.16822571700045286	0.13860794145269315	0.9642553555113936	2.0011048835818954	0.473035994084723	-0.96993424113101	0.6879531220680111	-0.30926860390617383
0.21745356061153365	-0.11974920969045015	0.8604397150844376	0.4449916543726303	0.23156004047057355	0.1226052817493835	1.0052844334348092	2.0492130100748933	0.5297630971719557	-0.9641534739155009	0.6342542354720645	-0.2858150549273362
0.21714648901642952	-0.1227837877109443	0.8623112318141742	0.44067094670548995	0.22652672337042615	0.07593409525358114	1.0014722897564223	2.030343012194377	0.5498581109070957	-1.0037462519922014	0.7009761133536084	-0.3265882387084246
0.21455250460299483	-0.10286955929268225	0.8696692145751629	0.4325049522950349	-0.35469023335276123	-0.3192586209826417	0.9814608339650465	1.9529568107001878	0.4897810465279524	-1.0072082860525917	1.950308772563033	0.06653872775716296
0.5803205561934974	-0.10350206959807592	-0.7284644084610749	-0.34907732560801086	-2.0141892535881802	-0.26472838326721865	2.0067263565538953	1.6404996057858952	1.5795474928860964	-0.44659067666475605	1.001781581479568	0.25221657590054014
0.21264061429408196	-0.104338547823715	0.8687129201267828	0.4350118377647573	0.277106154584957	0.11368215047710266	1.0396327338411944	2.0054554539599665	0.493178473769653	-1.0120468163054388	0.6258091489321199	-0.28079854427925705
0.22489278109663108	-0.12034606014637036	0.8661529586095413	0.42978961726617726	0.3029183718073986	0.0696330369613813	0.9742903851858504	2.0141224525324373	0.5133909303581604	-0.9804663231256662	0.6552638323905314	-0.28326401743293433
0.2426598697710522	-0.10782860905566514	0.8642388309539969	0.4272943034292468	0.28631715561334925	0.08981931232539468	0.9515571052287048	1.9915438752616315	0.48091930588716925	-1.0105176982925972	0.624284390271563	-0.30399421107832736
0.2279658751824742	-0.10348584410282012	0.8656191671976948	0.4336192998502079	0.305154826564278	0.0786292036020952	0.9675191894105274	2.0048640748874607	0.48800295155106665	-1.0043626202310585	0.5721615897092042	-0.2737571160394146
0.22089728814507126	-0.11250929574222954	0.8709313613155304	0.4242930712830673	0.1967087141990902	0.11890605301580721	1.0029851166211508	2.021152223058058	0.47952247872782744	-0.9705306830534487	0.6879318719870818	-0.29338515599733467
0.23208520575428146	-0.10371522456531025	0.8620583936634819	0.4384460461421649	0.27000054946155244	0.10718337822971585	0.9885356448162939	2.0198369863296564	0.4921758476228353	-1.0131713500680033	0.6226199555494293	-0.3774534635393907
0.21440624241548986	-0.11749774894833613	0.8685852291634825	0.43102661389334723	0.24497687840550494	0.13379522571781524	1.0191051650307263	2.0113550457721088	0.513645902096716	-0.9937160458817927	0.6465950178804302	-0.3277410482275798
0.22782742260893835	-0.11026126448916335	0.8624455812545727	0.4383203605071083	0.2610487902129353	0.12268415238753622	0.9682899269530117	1.9985387447624812	0.5132625688016448	-1.0104541419014754	0.6836144580641094	-0.25502256504154436
0.2139064216268385	-0.10363375533482777	0.8618368952390673	0.4480415756898986	0.14999433774157736	0.1091761025498767	0.991062049630983	1.9979237892358264	0.5160537509719735	-1.0036933588521115	0.6590195535858996	-0.3326174754884709
0.2273823260678762	-0.09693466416055459	0.8627426459208558	0.4411077822772155	0.18867217504754533	0.12844073983725576	0.9754148389533094	1.9869077528227486	0.49688016087459086	-1.038003822011975	0.7396512202108306	-0.35715902485117934
0.2437696069563271	-0.1328784852471826	0.8557334367458599	0.4366233755971973	0.2657712198307414	0.12246738989422556	0.9717914963179333	2.060097190419137	0.5423233921520132	-0.9784975359727602	0.5983242190921046	-0.3747547080910712
0.2165408887330627	-0.12675111909625267	0.8679978074366281	0.42851371459936843	0.2951063679575478	0.11307811681677084	1.0221561892592577	2.012781665236098	0.5104563990117086	-0.9551416962183478	0.6025741002152366	-0.30187464800032354
0.23938199856554035	-0.10480764375470193	0.8576540125623341	0.4428783256257672	0.2780239216193865	0.09535931819614722	0.9942148107534695	2.0081362466882258	0.49368230785365685	-1.0181977446568207	0.5745229946525993	-0.3626937828959555
0.20718613252799922	-0.09348452183744473	0.8759960473765692	0.4254003709983598	0.25158800936851483	0.16032964055526985	1.0352663224256957	1.985228747314493	0.4342387531535209	-0.9621432527641403	0.5268800457637317	-0.3217302743237857
0.22085590964219268	-0.1011863842577352	0.8714385404114052	0.42612070250412065	0.4181108951956689	0.05072349544875809	0.9651009424498109	1.9981029354827695	0.48690620127497547	-1.021485841742551	0.5619131785820116	-0.3231512271269995
0.243338287224646	-0.1067770763095786	0.859544185715073	0.43654201029083806	0.2731005519149597	0.15480950428368614	0.9509900268766112	2.016047963501093	0.49899152238814837	-1.019489140480861	0.5403644499936977	-0.3387657925255545
0.2240034193669592	-0.10833342529238582	0.8649611221640766	0.43580797861098275	0.29860232106415135	0.14165498391835032	0.9988598359514976	2.004218103448877	0.5037984520464942	-1.0151036756566196	0.5276110734641818	-0.3575007089878918
0.1571639136330718	-0.13064720633408494	0.8549670085602844	0.47672028067003175	0.2868487105942408	0.09671646569698868	1.0984943454406497	2.001449159592915	0.6393078630270815	-0.9602005177348502	0.6565372157956555	-0.3464220181645244
0.23829027941203448	-0.12815404079456094	0.859563872917569	0.4335253544381342	0.2805725427982882	0.10423479317911334	0.9855382361836856	2.0510997101163673	0.5260481487530508	-0.9783959472924163	0.49922323189353807	-0.3056211159608521
0.2069330710950838	-0.10964355048123722	0.8701846261649	0.4335155271859112	0.38978995406830713	0.15848596470875076	1.0310987286789774	2.0111615246573176	0.49667626670173626	-0.9804898814054138	0.50938469081441	-0.3667655648769514
0.20988475785006386	-0.11629188047538404	0.8812432393448323	0.40722836353420405	0.254909078804493	0.14091570669140713	0.9814074627041529	2.0029604116851534	0.4812390620116152	-0.975234390180974	0.5312992799051336	-0.3930966288755084
0.21519600557751004	-0.10810766925653846	0.8643401034550887	0.4414969949961718	-0.3053989128712249	0.24174431260187831	0.9828842028590906	2.03704303344644	0.5207652750265027	-0.999805426932522	2.366077897065224	-1.6789293157713931
0.21726949815833282	-0.1233760269681849	0.8626873250634878	0.43970774420559866	0.24809624926176066	0.129274087187262	1.0257116179157595	1.996227133307421	0.5307057244535476	-0.9879343345560075	0.6296105007618064	-0.3335277225579539
0.22824937826011252	-0.11279238470929387	0.8952102328989945	0.36575775889021267	0.21777165224617798	0.2455667224358726	0.9363047986494373	2.0259985795596815	0.36442603968443416	-0.8514698300668361	0.5058688433871522	-0.3819194594917052
0.21021529313469173	-0.10947592624985045	0.8713842843130032	0.42955090636192145	0.25551662151841764	0.11290923612651527	1.0215893594142769	1.987488993499073	0.48222689312495903	-0.9716576967675447	0.5578764528658496	-0.37677072567875997
0.2364621822089655	-0.12949000976157954	0.8617670077349263	0.4297389883830783	0.2655488716167661	0.1020987190259141	1.0116673626956587	2.0253911248321366	0.5209684167997386	-0.9910819378979063	0.5939711670731499	-0.2816568423035164
0.21434836837401877	-0.1032158960427915	0.874782240464654	0.42208682465473846	0.2752560894109148	0.11777119489627334	0.9700932059167265	1.995821919270632	0.4753054579795439	-0.9896687059533967	0.5728777752074824	-0.2801063800500892
0.20978584356557123	-0.11117108775397336	0.8711606412404872	0.4297790435102008	0.21391030458689972	0.10568877394409416	1.0197384407124983	2.01501494573268	0.5080902005986025	-1.0064322054239858	0.6185695314938809	-0.3451109193798536
0.22600596109072998	-0.10650932982301271	0.8659413128911194	0.4332697899006026	0.37486586664474947	0.1642859719293436	0.9930413681032163	1.9952847230829243	0.49008733088483	-1.0070023506073917	0.30065807937872285	-0.4069114720690908
0.22745475745934587	-0.1061122205060056	0.865131160898492	0.4342264437028482	0.2825556995461387	0.11633208717376577	0.9862305678675476	1.9884754101870599	0.4962374845678983	-1.0193570910785992	0.6120124660509063	-0.3277361085723723
0.20950119126769892	-0.12857127232296114	0.8553961383567668	0.455934343162479	0.32155862820112924	0.12478942999892888	1.0208428170013795	1.990224313010845	0.5868578446450676	-1.0088690512107643	0.544714248021967	-0.27753889680096205
0.20498929251748244	-0.1026042960551546	0.8765431036734943	0.42323035782732554	0.4291042871202093	0.16485251972309678	1.023158584374791	2.0072921286924004	0.47120158385907224	-0.9848259926675498	0.39076939870430266	-0.3436006051749254
0.20888859912482236	-0.12167348284309222	0.866074136245951	0.4375805151675873	0.2691627588098515	0.119679376954986	0.9973014378256483	2.0036444018930233	0.5380364409753732	-0.9838508307822924	0.6138298953548155	-0.35598228539067683
0.2116481041990444	-0.12876644062045903	0.866713392598714	0.432934381689553	0.2697072608100784	0.11458321207435156	1.035554323048261	2.03996394281568	0.5471811630792779	-0.9949393575427868	0.6702332590968942	-0.2740321218231893
0.21037442192718528	-0.08437229246085892	0.8767201086099726	0.424247298191302	0.2078927799454292	0.17879471631930446	1.0139209983802777	1.9617936976689365	0.4167282064181894	-0.9738094089452388	0.6215318747663273	-0.3618386301150627
0.22155635019542191	-0.0992678196121604	0.8656987374783809	0.4377492199945863	0.18187336959802902	0.10649250875445689	0.970807896869577	1.9529853746510206	0.4843830286612122	-1.0063977518193785	0.7194630032423411	-0.2968336018918076
0.22475294397188414	-0.10340247564298968	0.8708811053274172	0.4246882887372432	0.2524444031641068	0.14946910910459316	0.9651897838940241	1.989290343439183	0.4758393534387269	-1.0022202460162637	0.6378355250074023	-0.2729120085436925
0.23089957172391437	-0.09387080905709297	0.8651577327816835	0.4351732487099097	0.24466067842350592	0.1399808552534785	0.9599898384005631	1.9677975333768105	0.4720086615070202	-1.023280821581341	0.6125593795288019	-0.32580270672827405
0.20111353211654587	-0.10028392996428157	0.8624869690921818	0.4534453756922745	0.26962958866586495	0.11062904461869438	1.0486809288578403	1.9630577339479396	0.5324568829475492	-1.0437374155198595	0.5797068431112642	-0.31172336549344526
0.2235685995133749	-0.0938274388887811	0.8644330361637952	0.440419140151564	0.2581370158234672	0.15438618732775394	0.9978058068486575	1.981236060560171	0.49006943625065014	-1.0463122742069162	0.5670473359534437	-0.3307778895441265
0.23740555543016717	-0.10470705545199316	0.8606894363915254	0.43805105738201966	0.24200160480648178	0.12015228818010026	0.9731180911864422	1.996718439353573	0.5004936394363501	-1.033493044704719	0.5980209114508575	-0.3300616417395606
0.21254494139087793	-0.10107984366326705	0.8727533034767964	0.4276788331967068	0.2703417542170807	0.08993454806965255	1.023934927038952	1.9969018690171962	0.47546021988017256	-1.007169643344333	0.581280715722156	-0.3500381352509685
0.21349361511231896	-0.12777640319365546	0.8657262501232936	0.43429451636029875	0.15767505185031097	0.10471932649895065	1.0050440756688397	2.025230881511819	0.5326668673025483	-0.9600339154048211	0.7293774608078437	-0.3602220453500904
0.2099842871356429	-0.11652238120698098	0.8645386963513049	0.44147703943147165	0.2593180073172997	0.0845333561994049	1.0107301488005096	1.9969087470523548	0.5492549888610776	-1.0292836070079012	0.6439205895799832	-0.2720713374438183
0.2258223298621612	-0.11396955072541441	0.867331273931747	0.42866266236168193	0.2690689758267648	0.12368417648215173	1.0153687118348327	2.007051973982961	0.4871326901915279	-0.9869194831318321	0.5592005019558165	-0.30024005145617894
0.2171783543655686	-0.09957225391946416	0.8736844931256365	0.4237857183958197	0.2048794406073187	0.1350463409750008	1.0176483447580331	1.9857074955915364	0.4569393792751544	-0.9969912942018923	0.6850314794318808	-0.34153976929791924
0.23137105639724492	-0.1146963545107679	0.8643911669286134	0.43143955666970674	0.247113247107259	0.17115241364480752	0.9792432128843286	2.0157594842156947	0.5052266424152528	-1.001488418356511	0.5565320307880254	-0.35063952882409644
0.2214599636159573	-0.10087690244126857	0.8685931155241919	0.43165418419500035	0.33578779131421815	0.07780521624572727	1.0217313413085554	2.0201235670712263	0.47144170335347363	-1.0007543339030909	0.6157158724536204	-0.2721917520170221
0.2245100407814563	-0.11077281768605482	0.8647052327312136	0.43544171244548746	0.29240397820881553	0.19607038232531723	0.9690280664259048	1.9759076329340146	0.49470749019719573	-0.9793637540464166	0.48417257739668357	-0.3302602259939418
0.21376492501624278	-0.11595247032899667	0.8692314056949146	0.4304606193498376	0.21270540891273584	0.1285344741953331	0.990392100076658	2.0338785271603994	0.5205018005825925	-0.9950140523197645	0.6285922978458266	-0.3253117712152766
0.22920193963712504	-0.11880784700784516	0.863042540214955	0.4341759322386003	0.21285877097363393	0.14451460819547438	0.9907386687396972	2.0395185283752086	0.529052749123482	-1.0165543849824907	0.6128372587189894	-0.3622907706613372
0.21337522210748497	-0.10933449482057839	0.8596952369296474	0.4510444350985697	0.24133123853759	0.13090883278645485	1.038184094604224	1.9834288955915071	0.5328151929824285	-1.0258950405456662	0.6091085041072486	-0.33370518470111415
0.21947671577063654	-0.09939409277216411	0.8579091380449998	0.45380909688482346	0.17704570646837617	0.1656203318225107	0.9903716058382952	1.968714263472218	0.5185130081347267	-1.0280137405196763	0.6261379432067328	-0.28244499884477575
0.2255790391490842	-0.11432750905743867	0.8637171025248571	0.4359312842356725	0.3068327739583913	0.17267384930875082	0.9595004754571662	2.037721997331519	0.5182814838024128	-0.9889726025244061	0.5650860040934408	-0.36587242174835427
0.22551399458865673	-0.1030971010116098	0.8630997989272697	0.43996950246508626	0.22410799286336894	0.0972170886452619	0.9833916235228694	1.9976345959494115	0.5102608002393481	-1.0369451270455652	0.7139762672483174	-0.3922978489686215
0.21879122401026382	-0.11506832498852512	0.8674602780709804	0.43174338078243085	0.21334646676719635	0.1422568324140094	0.9961331217596235	2.027216918356702	0.5153039858576856	-0.9998589159238988	0.5959704370188073	-0.3206791729506844
0.23304436566864378	-0.0944220901786683	0.872040918181766	0.41990407182247413	0.2698698072755939	0.11051907641466774	0.9692989462001182	2.0015861620508972	0.4365951224131603	-0.9945712566615987	0.6000643593992926	-0.4021647169371347
0.22128633454684982	-0.10789446685046862	0.8693497188454723	0.42851162003984355	0.20509262433720687	0.11285540915875876	0.9685842882745412	1.978644130403228	0.4785309568044129	-0.9728101796476103	0.7264975655598618	-0.2754188463861247
0.2113161478142356	-0.11601333674039435	0.8733664944688084	0.4232225864844368	0.22605523366264124	0.07561006366046409	1.0406687235594747	2.053151717835478	0.4754089750811701	-0.9378596674051234	0.673610217319486	-0.2883643095784008
0.20445287355802283	-0.11005935358150187	0.8663842100256741	0.442113516872395	0.1569594207613769	0.1288565076944531	1.0162792004247507	1.9775305775332057	0.5220302420486246	-1.0006801597238484	0.6412447777555929	-0.33832070131618247
0.2043663382777578	-0.09782126808894485	0.8674915323714067	0.44285871398485566	0.2770260277357706	0.16051227092748127	1.0203173884893457	1.975636092688243	0.4890267711198196	-0.99238395874049	0.5880875856531352	-0.3642369489122337
0.21734198507670538	-0.1266825862014161	0.8732204925111089	0.4173726815867256	0.3241193753996144	0.1463695425133391	0.9721318695527554	2.041428505752828	0.5207111080202925	-0.9760275547591216	0.5289696357728918	-0.3832754396980975
0.2176489267952352	-0.11738832041553206	0.8719671402815697	0.4225189145636963	0.28730462763621406	0.09030346100189375	0.9921949598315059	2.0128898875695254	0.5030712947875339	-0.9900670217364718	0.6071081126961251	-0.32230430592794557
0.21980564094035046	-0.10357199670739672	0.8625323960503034	0.4438425255341892	0.22452271853484515	0.12013285532212253	1.0013928907254104	1.985443531532872	0.4925131343069893	-0.9897293833206142	0.638971293395245	-0.3340397450194834
0.21001215034108328	-0.09962406055984299	0.8730944429441755	0.4285744240697091	0.1089639535897425	0.15846390541789648	1.0096504414650638	1.9944630958039398	0.5012071199907322	-1.0521941440415346	0.719383034242372	-0.37657934896590034
0.21184714005778318	-0.11893771259402805	0.8672885539938568	0.43449415862987495	0.24672056165285858	0.1314996871067281	1.0075411641737335	2.00159586803241	0.5188158074817626	-0.9789371917922699	0.6158802397928059	-0.29857223134986405
0.04614209663589156	-0.1537458290794875	0.9210497741953942	-0.35482452059196573	0.9074907579581167	0.026191453891210827	1.3699314926896586	2.0605951395829374	0.4950368539099611	0.5703021464313265	-0.28292757055194145	-0.6658038573282614
0.22224336431829494	-0.11109399515907407	0.8568181524712747	0.4518060035588205	0.27237423016578033	0.12655041208729254	0.997598057050707	1.9981229177530284	0.5346837907475318	-1.0133926172348515	0.5850973591067453	-0.31386921446671084
0.21405195425430099	-0.11174894952153896	0.8552190848796661	0.4585785102011798	0.2548314329882879	0.15857000119372025	1.0225409773815375	1.9964850473711104	0.5579536820544118	-1.0313270565137722	0.578994729555053	-0.37009238145290463
0.232340793790393	-0.10813971863885646	0.862488754106736	0.4363905427858966	0.24530011961956252	0.09448631079462921	0.9869848919300899	2.0005445159960185	0.5044318800803601	-1.026707300043153	0.6604092677768151	-0.34188614432574643
0.2644169301656839	-0.0987966484114345	0.8498551251098371	0.44504963277028614	0.19896711095355105	0.10072525266399061	0.9112019475114478	1.9869781624870133	0.5039401102807681	-1.0625927749414905	0.646244246010837	-0.3061870759459137
0.22750161171764932	-0.09945296639310448	0.8644100181427036	0.43720412243712264	0.25763071969377654	0.09432603995169998	0.9755605510738099	1.974066380216735	0.4843879655927715	-1.0162865070378062	0.6787093008211942	-0.28180374008979164
0.22616767315683514	-0.11989483897279807	0.870665004296862	0.42001888231275397	0.27839928800971686	0.13637649617348677	0.9885563057158055	2.0030462992188585	0.4921101223419054	-0.9806407403965283	0.5849456592463905	-0.3076218737336871
0.22503391521393912	-0.10578361690387277	0.8636380283826562	0.43851900680533606	0.2010675620588632	0.09005450579033257	0.9620197981650087	1.9672501288682387	0.5090948008695224	-1.021752468735789	0.8522638865887314	-0.27744957302143397
0.22685471271539176	-0.09575642225427124	0.8566989030812806	0.4532489783498795	0.18509005403149384	0.09962945431332826	0.9840990825884012	1.9751474503073114	0.5172114529350532	-1.0528627058926516	0.7377898350178712	-0.34250909203131275
0.22287676655328909	-0.10952281178311131	0.8645387894149812	0.43692491600588595	0.2835245311954709	0.13428461238065972	0.9317875678590067	2.035039949984194	0.5156332774355785	-0.9854678836309981	0.4703135869236829	-0.3051053509236926
0.22656135971237693	-0.12171173402535321	0.8650423797250434	0.4307643037270551	0.21785899285663204	0.08940952751554838	1.0205085487017573	1.9988043919009324	0.5281141127460734	-1.0325157885280205	0.713194620258506	-0.334780020532034
0.23648064421458673	-0.10285883878019161	0.8582294629586772	0.4437782702051841	0.2573402293219909	0.17700735698201533	0.9784915072916092	1.9800856918306236	0.5085179322082276	-1.0459053317441007	0.5705547585592624	-0.3904955543353434
0.22248023671850184	-0.10372973561127682	0.8792223893344446	0.4083021874944149	0.20043613635223334	0.086966569567804	0.9998608195809441	1.976663863242659	0.4241378134819347	-0.9559633174422083	0.6205988928565815	-0.3238106268038759
0.20920555470746705	-0.1111829008530549	0.8740384869656712	0.42417935091208875	0.17991823232199136	0.1810483354261554	0.9680773126888512	1.9959508452464692	0.49455307710741137	-0.973338208513884	0.5625137747213494	-0.41864923609697907
0.22845331304224503	-0.10777216843722333	0.8650444456066072	0.4334655125791654	0.2538439150350233	0.130934595669008	0.9769770388035004	1.9888526935507351	0.5039499750082111	-1.0261250033309048	0.6371541767336587	-0.34597642061735406
0.23700106827186854	-0.10978846196569222	0.8617097788626634	0.4350094760688101	0.5931289179227709	0.15593726949192846	0.9505519623476273	1.994716960888801	0.5183818400145949	-1.0413097851348685	0.004024895371992636	-0.34903950018256275
0.2144756979147941	-0.10880367881648342	0.8720815368656009	0.4261874324028022	0.32612354988238157	0.16973096277630365	1.0323759613104886	1.9629968321562161	0.4762038001351575	-0.9928186231733425	0.48948422674808306	-0.35204101999385823
0.20619722645540392	-0.10965938367077628	0.8704838214465938	0.4332613991284929	0.2241967959563875	0.13590243362320273	1.0445351637595572	1.998108987369482	0.4957174742528029	-0.9873551990699063	0.5890765212363079	-0.3300644002951234
0.21191933847423644	-0.09375704913053684	0.8720250686414842	0.431128854728828	0.20929137683833735	0.09143101616982259	0.9752076238470625	1.9751335812991624	0.4660431850416804	-0.9924735819282174	0.6737964519868326	-0.3397643995838718
0.21349715401989433	-0.1116355458391436	0.8789001610440517	0.41169281879496294	0.3737395783780091	0.057385371299191155	1.028173362997421	1.9866844817735922	0.46531528394068983	-0.987855847202281	0.5259530578702507	-0.33670141462159003
0.19764606119851857	-0.10357708750721728	0.8732475490652407	0.433181878069459	0.20589723931107765	0.10593938937603914	1.0299028983496386	1.9995619166852427	0.49390443099675246	-0.9874565561279708	0.7121662723003012	-0.36718766196659086
0.2196054349822534	-0.11292294142623102	0.8670609510958649	0.4326975494622515	0.2375818810637643	0.14253766079651242	1.0057045075878945	2.0067162768409124	0.4977211276252383	-0.9840786620865182	0.6321754456328957	-0.32843120981367807
0.21575457372392848	-0.09022042756693	0.8706553224670478	0.432746516827862	0.29824040692632287	0.12036370053580343	1.0107115225294168	1.975625075981969	0.44872358521080263	-0.9948259677978731	0.615494838336905	-0.280625908971088
0.2156804633969256	-0.11121498766030376	0.8655655242145102	0.4380747510640918	0.4911985417855331	0.25706976475386106	0.9959326397475667	2.011737345263642	0.5223891785062688	-1.0117678119653384	0.2856304715074157	-0.3384235122154334
0.22423876302984566	-0.11505260005851546	0.8656373201831553	0.4326105711615768	0.23332261930710696	0.09512600490275164	0.9750776798860026	2.0250735973886247	0.4975082527655281	-0.9623480528488968	0.6651715618498608	-0.28974997941707226
0.2112926763509618	-0.11774961018387822	0.8670957916562465	0.43547137944303516	0.1546936256172806	0.2140584019067454	1.0098304677813517	2.0122860975322463	0.5226704961972739	-0.986584392435705	0.6290422102318719	-0.33383549993524375
0.21565969930539253	-0.10961247189572537	0.8675306421143582	0.43458783357690295	0.2786823300044225	0.08157730473400644	1.0004324631083348	1.9824328113392056	0.5000413375595046	-0.9946315856342169	0.7133452138021407	-0.3348908877851447
0.22433964786995397	-0.09880267704323724	0.8684930918569207	0.43084742403718856	0.2139960194999738	0.11106638141186427	0.9987933456114411	2.0089740710727324	0.4667713873003795	-1.0002720973133623	0.6273164278086266	-0.3539117374622848
0.2272034763995333	-0.10643066616172515	0.8707293915054942	0.4229437555760932	0.22670837318281264	0.11638853294992262	1.01393270577133	1.9913824502077009	0.46664394893573347	-1.0042599540358326	0.5576137544982364	-0.4256323293773449
0.22367002507185632	-0.09807411798713292	0.871802216808733	0.4246340566096647	0.2267659585478643	0.16551029590883573	0.9645017234831533	1.974582440812322	0.4616832326056569	-0.9998518781951773	0.5907675794203517	-0.36087536855783653
0.23422868615776657	-0.10780593522131802	0.8577001402632625	0.4448204944741678	0.1813139316161687	0.10421538773566114	0.95845269007693	1.990308416502406	0.5127674367662677	-1.0110387496639335	0.6258661892895163	-0.3447873392254184
