0.21892185395649896	-0.09201168018424817	0.8713183274513167	0.42943153682206575	0.10299952061768682	0.12530799053381747	1.2327575966400532	1.8342890311514952	0.33915923440740414	-0.9235866155388539	0.4012631413170416	-0.6846236038093766
0.2109537538865731	-0.12127926545100977	0.8659681466123086	0.43690848303239643	0.16018884186970106	0.14637939890476434	0.9950155791529623	1.775864495966473	0.5002263375964889	-0.9789391166615985	1.624223056426118	-2.86081765134108
0.22688251274735102	-0.10241195077791708	0.8665160026049868	0.4326501299858627	0.12618843865154283	0.11743933687300358	1.1041303640908964	2.3520046006931974	0.4113727199318832	-0.8461699453968572	0.7415947028492124	-1.61555618882332
0.24321969089470147	-0.119283094960014	0.8658637338187248	0.42058972844726317	0.08347126203987988	0.10033142759029047	1.1032179336592085	2.1346629871673968	0.4561838148429192	-0.9717026132438528	-0.000311095172102982	-2.8069261538364016
0.21567558317001745	-0.12035545861884932	0.8672654657243095	0.4322605908094281	0.07341066542294007	0.10242005666624977	1.0570980005054298	1.817100369716732	0.5844631333551924	-1.194133774616241	0.368423000666206	-1.2319609682622303
0.2242053567096741	-0.104900833057861	0.869305909242067	0.4278259101588845	0.10279008369578162	0.09675952794687455	1.1578945578528153	2.003820024085815	0.4721277876096906	-1.0747999065009253	0.45713978583035564	-1.6781730270034856
0.21729411384554137	-0.10977662149569935	0.8680549339514451	0.4326811679558323	0.17987820677938227	0.11583596501295688	0.8436902483923627	2.051460246919285	0.6064377094222064	-1.1198726256850435	0.7291456912123117	-1.7763036944141473
0.21494819440772198	-0.08686951123432048	0.8703995521222968	0.43434500273869325	0.07005960833768966	0.13169886548159104	1.0818795969203354	2.3712972552921254	0.3716734184444437	-0.8059469019066239	0.2222111191866687	-1.997413567643921
0.21329598908372097	-0.11743682614064357	0.875057798934065	0.4183147874884161	0.10849709783866081	0.1135079051921553	0.8549642269024695	1.7981672449734851	0.5877755034871456	-1.1606735863978472	0.3083151578773066	-0.5117272827574957
0.21907592081062477	-0.11331140301781249	0.8626345135294466	0.4416197039704259	0.099528610083084	0.14754679035088517	0.9801124005804185	2.0422154494713647	0.5493737338295371	-1.0353285152995144	0.7476155509260755	-1.8781588424747564
0.21652551189650893	-0.09750753662982191	0.8723489179775875	0.42733634095600964	0.16118539032057708	0.14178265063778858	0.7871088012017121	2.1711722230049983	0.5348296379965845	-0.995191600347839	0.3656743697122425	-0.22365680437420243
0.21744198574600224	-0.10433669415819381	0.86637754783653	0.437290271663727	0.12123041532956354	0.13916424117343137	1.1520217055182598	1.8809879093485424	0.4174708632121551	-0.9511512987424051	0.8163603506156295	-1.1785088203012515
0.21918782703684114	-0.10537789065018066	0.862667607403254	0.44346002726077993	0.13107219400744566	0.11896292474157917	0.8684487238294689	2.0891280528928045	0.4425968003927314	-0.7938018814698296	1.1908975425963761	-2.8158047045342496
0.21111525368918765	-0.10973378211854597	0.8766440711903962	0.41819136668328877	0.16528460670057962	0.14184089754347248	1.047486446970447	1.8505459373510293	0.6108185036453926	-1.3236604726750698	0.9546937483959907	-1.7300580575749216
0.22363577486026065	-0.10292984537285339	0.8719555516884594	0.4231855420661791	0.12764248940116005	0.12629579649733821	1.2537021480136268	2.2340814165652274	0.5394756046426009	-1.2307077942297309	0.90899468152148	-1.9680660207713938
0.21085686394767805	-0.11930363334706717	0.8643135905669752	0.4407584862002797	0.14209585558570656	0.11748376329504713	0.9693669878448617	1.7960065863639258	0.44226504483707463	-0.8448691797146268	0.6701074238148572	-1.1769054530577088
0.20660890153023667	-0.11248767455983466	0.872253960027289	0.4287567073496368	0.1720991367158002	0.12000300588338043	1.2166829382903097	1.968236370235987	0.4370094441858289	-0.9589550538364698	0.8458158781518857	-2.0653682876072574
0.21024543677605007	-0.1102952652595612	0.8724021712853393	0.4272543297765355	0.15932515712578665	0.11540946211708096	1.2219969400558428	1.8850547000215065	0.4235141738631741	-0.9794666265889187	0.6901655621727082	-1.4922260391404538
0.22197798772210264	-0.1194278172730485	0.8664650516327684	0.4309304859571499	0.13062839834815912	0.12946384518663676	0.9152223555095542	2.3190902157624222	0.5175197223918028	-0.8693005007934	0.3226131874538954	-1.5449448596583981
0.22121369961325849	-0.10786370771952113	0.8638877357897056	0.4394631948326828	0.15853399137475024	0.1437907834270351	0.9832793724661879	1.9328575904153948	0.4325981030847752	-0.8709395503920989	0.7600538889506371	-1.5026752895433078
0.21875989286928677	-0.09960797911777086	0.8739743945974273	0.42236372637331465	0.13747703277337622	0.12395939112961858	0.7909352454387716	2.0127983874662747	0.5146033586549515	-0.9998119210566959	0.508305671804799	-1.5278020631260967
0.2046570883461687	-0.1116311819367324	0.8659074313051235	0.4425587823325161	0.09105039040664031	0.14232237745858314	0.8899007804376534	1.9560094257138927	0.47446713121184586	-0.8464807125088639	0.6924363849177793	-0.9478980274582707
0.21968255774725043	-0.1026722791386284	0.8671140496681836	0.4350990712310798	0.10532229531913118	0.1258429061815525	0.8854025703402361	1.897347957294764	0.6365657247850586	-1.2679354707222479	0.6644646687356416	-0.9751494137126112
0.21301972633018734	-0.11246531758815817	0.8658261108586977	0.43854223774832574	0.10572160157890266	0.1271301861026538	0.9263975574439707	2.0776673634477936	0.5802865404820261	-1.062845565821308	0.487409357010202	-1.0633913658383793
0.21054399170149066	-0.10954780543044788	0.8627748221182169	0.44641921128313306	0.10188919658125443	0.10874808053003605	0.9296035530719011	2.133655914764791	0.5781795485462893	-1.0322671275332183	0.45723924203576055	-0.8779014284479527
0.21523225746484653	-0.12144615688500948	0.8706572790741391	0.425302020592031	0.09124154723796714	0.12288554990682109	1.0180241116301887	1.8647612508973053	0.4863759557493546	-0.9783877958793392	0.011243974922024355	-1.748980983292079
0.22746923441150818	-0.1304781942279002	0.8656537817299962	0.4264700674183649	0.08362499107016763	0.09958690852049885	1.1719925416444261	2.121031697944086	0.45663609323964616	-0.9030706976803397	0.2649197841341503	-0.4534921444189915
0.21795458859044808	-0.11299069099009028	0.8757330092742788	0.4157169680556308	0.13610444080353215	0.1020190232685894	1.0713639254028702	2.281982590970008	0.5848866358014039	-1.1735639027372076	0.6369045569077388	-1.7458097281661882
0.2119088641950569	-0.11201510542421152	0.8701205829815375	0.43062445414099854	0.11179250438436407	0.12666094904037276	0.9430959868749137	1.958026612629018	0.6149551515707197	-1.1973471826844249	0.33092914732028866	-1.6128738169876957
0.20685888390900872	-0.0947306983171779	0.8629417035149543	0.45118412347839554	0.1220085854689087	0.10895863156068826	0.911191844691094	2.1627303753251867	0.44608797450517645	-0.8168706892633883	-0.15769634640676927	-1.9098017447962592
0.20701009222149952	-0.1094266288860677	0.8658972682667595	0.44203456360022414	0.1102629045237364	0.125592658867236	1.1942939296691415	2.342187217466948	0.5202996286651529	-0.9986985375957157	0.7185400628742915	-1.482839358772578
0.21072676967931125	-0.10230436966111349	0.8684084348695476	0.43702955819508094	0.11733530462754899	0.1150247234288696	1.03697074156719	1.9846223070847278	0.44322487811832034	-0.9161444018483978	0.5569536597283511	-1.864619517456861
0.22517915917451595	-0.10241045667329231	0.8737573939474746	0.4187534610717185	0.03719679491886729	0.09285849980752613	0.8213603369546977	2.1207996770877884	0.464644172587008	-0.8925238420897954	0.340122682045632	-1.1207743693294228
0.20787750245516531	-0.11846400378054552	0.8736990577842491	0.42356012584779623	0.1357461282617868	0.11689872847918469	1.0851202617099875	1.9532020950386233	0.4532045504591743	-0.9211262213026528	0.7898463253479028	0.11546046880873834
0.20994538651459044	-0.10494298203732606	0.8676346075247929	0.4383150613744082	0.09817291667494743	0.1321404952681901	0.8448861771579932	2.2588063498970374	0.5966699707528335	-1.0449688753130624	0.6941500607350805	-1.4077149195861829
0.21806302288219737	-0.11059044393249788	0.8624536675647487	0.4431613059219019	0.1230878142721621	0.12984080129919354	1.1888060548681891	1.8448622098434817	0.43365232382496965	-0.9685311929530224	0.5757568200180017	-1.7241100963148164
0.212130495166608	-0.10196351995958647	0.8665674061114629	0.44007388502735734	0.10143971854048585	0.13064652895383103	1.0701222016566692	2.030743227770599	0.4549566507771098	-0.9411929308642283	0.1513017240332077	-0.855100641816359
0.21341112706919313	-0.10545641657209921	0.8645820610569361	0.44252965408588035	0.10037983533498819	0.10859710369291949	0.8588591797140916	1.930485206244352	0.4866791631905101	-0.9049837083856166	0.1324708733332933	-1.356082716789001
0.23017942303924677	-0.10761574650312909	0.8659257053383107	0.43082358007453914	0.12100433691747971	0.12781627623916633	0.8182069100554263	1.980063857301514	0.5399320434847941	-1.027774245478002	0.7722583264062739	-0.48650587501007897
0.2125848582348582	-0.0987151858297641	0.8686512267094393	0.4364722631187996	0.08442651708304878	0.13503032656550487	1.2194937460011757	2.1684609005231246	0.6275780820260547	-1.3525082921465041	0.5103134215289941	-1.3481263541625024
0.22665591769727841	-0.11165487801238787	0.8665657891311066	0.4303765982211694	0.14376055075406516	0.11692942619977977	1.2379695286210681	2.1522652671503373	0.38540321616697454	-0.8696091921242761	0.7479074731005609	-1.409186921388412
0.21386731692499134	-0.11095280880425638	0.8687547685362662	0.43268394598742593	0.1224811427418369	0.11010588491090784	1.0033761810769868	1.8518030081262309	0.6162109750816114	-1.258338458556902	0.36901612590960964	-1.946994188059534
0.22703508847595047	-0.1021371734714355	0.8652350742427226	0.4351911450112159	0.15413334058967967	0.10381802638303282	0.8917487955822696	1.702427527630411	0.4535344577915467	-0.9673704441740426	0.8051601021417835	-1.1689601569990464
0.2187989920302121	-0.11074428616060555	0.8708810523329744	0.42594471103272585	0.0754905498538016	0.12051165503824379	1.0192322495641848	1.940628758849778	0.381843379888106	-0.7997131973424833	0.48257010008184237	-2.6411496697665413
0.20826811769207712	-0.09873378863154514	0.8711718097792737	0.43351552219195744	0.10812383165626123	0.16994207864707545	0.9259511794005559	2.009981889706944	0.4839864551317382	-0.9596619195529308	1.0136484511257093	-1.1502476802884267
0.2160820331357062	-0.10934052719955163	0.8728085854093646	0.4237432917502855	0.12028498186177317	0.12387164758880304	1.070285029405471	2.258658050213411	0.5999017860321246	-1.1986170456365826	0.5366408518996171	-1.2388684908475012
0.21107878438230315	-0.10191755392059265	0.8687478084870739	0.43627491818283415	0.14688322650506905	0.1131058375541217	1.099890052721102	2.1618410879571606	0.4581549911569075	-0.9394421431675043	0.7958206667503694	-1.8794861386374444
0.20471833370519266	-0.12123732908469345	0.877969363366113	0.41540547766234553	0.08756525454530972	0.13957410424233155	0.9579083940133446	1.6614787690629034	0.5459561806429463	-1.141056119396391	0.6753715383550523	-1.6257932787486356
0.22790534909026985	-0.1046531792388851	0.8646426246854725	0.43531597203439826	0.09924643228920821	0.11994929483432588	0.9528748848348036	1.7908565522948119	0.34250159338483305	-0.7486238711835108	0.5964373866786677	-1.06384640976326
0.22572539738305344	-0.10242847074195997	0.8662781670934135	0.4337264005971989	0.13672251366926821	0.13735090801814984	1.1942716787427514	2.194412721559776	0.504818229059998	-1.1115766057659124	0.4736270945280374	-1.355263637873023
0.22399882027898949	-0.12492080328906137	0.8696799663221414	0.4217535744924466	0.12062276057405989	0.12927292406203936	1.1092363894087656	2.149498002999427	0.46298351825704537	-0.9071603399238363	0.9192759007805149	-1.0290017893136707
0.22437717323852527	-0.11474773604274921	0.8661184260073276	0.4316557810723048	0.10332038938689357	0.11731778820138229	1.2715443965467255	1.7924831728991275	0.35887871174262764	-0.9045485625876547	0.5589320693729057	-1.5930432172505018
0.21228970572729264	-0.10307979094877465	0.875333141938464	0.4220183978979036	0.14945665475906808	0.13345469101265278	0.9932727076294293	2.000079096647799	0.5578328584548105	-1.1681562386129942	1.0770506557375983	-1.4484283139847607
0.21834264943674137	-0.10963043551812883	0.8681050745242789	0.432089382686321	0.13220149525280323	0.13884238375449384	0.9316729298835947	1.924625332674188	0.4377924946011624	-0.8620353185380039	0.9871075433623119	-1.009428504643416
0.22662695811273081	-0.10974109617345575	0.8654154658816855	0.43318954867356174	0.10075158097189073	0.1432638576706005	0.9143723809668302	2.1046276401439106	0.652664763166174	-1.2490686092295824	0.6861197581048138	-0.5147379462826828
0.21197682193637163	-0.11513362618027165	0.8681513337328693	0.4337318720386794	0.11847259686286364	0.11362270530730995	1.1038380205663993	1.7881388794569166	0.514385580020405	-1.0944035247927026	0.28828730963635835	-1.5997447446585582
0.20674194963184522	-0.11551226654169612	0.8686328694504779	0.43519147584833595	0.13110064585980277	0.09018716591492415	0.8856968209402164	1.8743483421675213	0.4166252525658547	-0.7548283206442107	0.42327747914544606	-2.1863843847603395
0.20796512906797293	-0.11086258324674776	0.8690977159421944	0.43488981693258816	0.1265810892173041	0.13121550730917636	1.024043788371096	1.9379195694110327	0.5267659827008565	-1.04838909461647	0.8688002554178159	-1.0193549187703108
0.21566213685660646	-0.09850407201203032	0.8706067471801593	0.4310808303414493	0.09854281384318726	0.09140740247707162	1.1359686588245286	2.259447560092911	0.5811776951037145	-1.2257512481981807	0.4178540858455691	-1.9107102550083945
0.21556341925316533	-0.10405990756720346	0.8670728867942609	0.43690795014883416	0.13047985837871715	0.12302993386302181	1.0357162558323694	2.3748037199445813	0.5045927785780647	-0.9467884457857365	0.6607523682163254	-1.316772738700947
0.20617764342281344	-0.1118118181288035	0.8726361040722413	0.428363311394623	0.11803807830825559	0.15444666570841623	0.7165947998268823	2.0059781296205657	0.5796543568084371	-1.00214251205142	1.3181214181351484	-2.1223225358849516
0.22550979856360243	-0.0994490416716992	0.8614942797927679	0.4439401139193486	0.09152016746789804	0.11769319213057565	1.2153708194306565	2.167002663802653	0.5006775808821111	-1.103532992502037	0.3605251738164614	-1.8521984758440115
0.2053338261302695	-0.12288070341665845	0.8721578523777027	0.4267071983344607	0.12042814541187578	0.10981353241684948	0.6646420218653742	1.7147424668140436	0.551406887356274	-0.9530623741674256	0.4839050842629861	-0.91671988376079
0.2279385225814855	-0.11246325228184657	0.8659315043794432	0.43076522205572	0.1669473368544673	0.1392122702673347	0.9852928372890892	1.7168620707223663	0.34991178965589836	-0.7765295960280164	1.1541626301544283	-1.6679672771860137
0.21907081204853018	-0.09353807350074385	0.8672078115248065	0.437274764586893	0.13811738549965732	0.12096876819473835	1.036074144534605	2.4210639689614073	0.5804306534855267	-1.15228680514889	1.3588898694401224	-1.25525975887307
0.22080195167932187	-0.1180730554766361	0.8642649776782592	0.4362926770687444	0.10017095413593935	0.12625990730483624	1.2103208923306599	1.860629730701046	0.5889971450699117	-1.2757504571158074	0.28338495410350656	-1.5893570211471337
0.20649886590084077	-0.11988802282783032	0.8674152434473468	0.4365499694184853	0.13077173753382812	0.12023555747954053	1.2181518781249938	2.0178114932640026	0.4380356379184699	-0.892439280167003	0.5745487954302232	-2.0075074028887223
0.2223922879783195	-0.12449131991611445	0.8731813378380535	0.4154490736115062	0.10592055334436701	0.12545997630128428	0.8786780799864359	1.69174251260844	0.5319667525482649	-1.081498165398163	1.059346994603935	-1.7894824407096206
0.2109895739892635	-0.10850757160683372	0.8628524750096556	0.44631279719668465	0.10666632390792329	0.11513206281507855	1.0889037585670358	1.8318728205522221	0.6829234717846773	-1.389692342796407	0.5805696246089485	-0.9511759621527437
0.20919462734177388	-0.11560110585342315	0.8677764250897108	0.4357041063328687	0.11925645797531943	0.13219597257813212	0.8529786302033338	1.8506052160995414	0.4675320994194652	-0.8497048011815911	0.7125865946580815	-1.1417164708666911
0.21970255333990515	-0.1262016936955724	0.8721377719330097	0.4185446539283718	0.12164930902334647	0.11752901744436557	1.2085472074820676	1.7453639907824279	0.4477898063822466	-1.041196955942296	0.8445962358467152	-0.7532391025161039
0.21539282147037433	-0.0972904663809353	0.8717939750627681	0.4290871271136777	0.12826344900747516	0.1316831832566554	1.010205826457031	2.2187284983212203	0.5355726438756544	-1.0921766871536167	0.7828068630420288	-1.579072674748673
0.21513471730547654	-0.10356381625841658	0.8729552562768957	0.42537126126529157	0.11653348778662324	0.13026170928328093	1.097452477840041	1.8522507608799843	0.5219153949601073	-1.1751681507287348	0.25188037082334325	-1.6534642420531522
0.22252000512603234	-0.11233244508472734	0.8647221410314243	0.43602968695953104	0.14488067210382197	0.1507584661681909	0.9913880213044419	2.1442698053407856	0.5210215371084068	-0.9867939486401717	0.8487083848827632	-1.2434423146139648
0.23214978344817921	-0.11580452351525762	0.8628942420906933	0.43371571028162625	0.14890444095161007	0.11863975924213681	0.8887536868889037	2.071664888230809	0.4583887651618238	-0.8345485953168302	0.8436031812609589	-1.473807517733069
0.20883464798029877	-0.10187578806989246	0.8680623696594418	0.4387221626374917	0.12218043717671179	0.11253091385501275	0.9108904641495786	1.8493044315049505	0.4948510067654857	-0.9832821712411004	0.8619233668011456	-0.9924848097776616
0.2047867203911172	-0.11443888468582616	0.872753311521086	0.42809788372788404	0.11585922518230803	0.11070625021658474	0.9866465753680133	2.4130557993442845	0.6456685584752451	-1.1432293714830046	0.4628900044915774	-0.5052076941411566
0.20451070423065126	-0.0985315466699267	0.8741317658641572	0.42937228843175873	0.13924961718156678	0.12065660793181483	0.9062298236207172	2.098182418158428	0.5682415665930418	-1.1069986522561261	0.917980692118025	-1.3561557468089547
0.21658961286995174	-0.12160483346160185	0.8634756671088473	0.4389885834353229	0.16847276725162755	0.13920796562920504	1.0000802144987384	1.851281194590259	0.38529095398447144	-0.7384511144330065	0.7453940097910997	-1.2305386124252458
0.21725727766324848	-0.1153960858546036	0.8736784369494014	0.4197249188235575	0.13080001660995888	0.09818411092622177	1.0385773179192348	2.0815834934860695	0.3991352444720497	-0.796111297524159	0.9486759743560201	-1.6790907293530772
0.22499002306187793	-0.12111461360130812	0.867084967801156	0.42763816306322555	0.10965417351810429	0.1422526302904234	0.8283006736313316	1.8376478222807509	0.6641773538808077	-1.2620285742735924	0.8021292633685141	-0.5216524705896685
0.21588131489368004	-0.11845018459721997	0.8678655607648911	0.4314790610063268	0.12044277766870158	0.10790130114800435	0.8733433286932764	1.984444924851455	0.5464592095572987	-0.9913198703553509	0.26792446606190456	-1.518925314713923
0.21733611398681127	-0.11435250814387207	0.8662450325096936	0.43509546204321314	0.11691376076563648	0.13698722603654878	1.178996128620619	1.8842334381772634	0.4848146036826004	-1.0589397034396697	0.5085945214845514	-1.3181488642398635
0.21747678829497658	-0.10891061828851378	0.8662658909560618	0.4363779668395461	0.11544290125708893	0.13278120263357165	1.040201789148919	1.7082314640796326	0.4160609744106236	-0.9179992127951577	0.6175255288122113	-0.23305710798989335
0.21549883380890372	-0.124075656859381	0.8738246385515801	0.4178468440255545	0.10444630400121674	0.1013107425204361	0.7972483310671514	1.7502447419522513	0.633689757461422	-1.2166588072043374	1.1748423346186623	-0.1295398555343155
0.21462118262264057	-0.09016527680377522	0.8711092804199259	0.4324079004768956	0.12472404198804704	0.13604807235519958	0.9782714547686125	1.8688600576683472	0.5383879704534125	-1.1804739208203128	0.8334233159444674	-1.3653222369845706
0.210553663577192	-0.09705204447101042	0.8681456494565825	0.438829336699164	0.09542511988656353	0.12051185446792433	0.8581518281057617	2.242307392829671	0.577992285600423	-1.059291035933402	0.6775528928090742	-0.7641495874134406
0.2171929854496403	-0.10946674799645882	0.8674357011455532	0.43405016130935214	0.08850283456988899	0.12252308678253182	1.004112669665514	2.1440596362681825	0.5581266022183299	-1.0771149852188335	0.5370474047549808	-0.6057138665038049
0.23520718428706985	-0.09989957021799838	0.8627112406801181	0.4363793894470487	0.07374794210608819	0.1564077496811355	1.1159588129562725	1.9433039001798667	0.4515269125744914	-1.0492788150986228	0.600407804588679	-1.7144955922177658
0.22187722459998838	-0.1213994751132008	0.873291353011553	0.4164071053684084	0.14036317483627644	0.09607627365378306	1.0036357866687116	2.025612346826275	0.5781139470508444	-1.1566506718383498	0.7338493281172823	-1.3491288834959498
0.22210180324611947	-0.11333446444102599	0.869797514063394	0.4257679798832081	0.110112366064452	0.1211461257455595	1.01020953374413	2.0197769095625127	0.44453062688992284	-0.8974621789644384	0.7606416738311982	-1.1323444453351577
0.2284251141316405	-0.10392695819865755	0.8631382505604557	0.4381934675607997	0.10656896329159309	0.10605554826178147	0.9523927711486062	2.0463725845341143	0.5471252584186782	-1.088838431209036	0.1931582561281605	-1.1092459097854415
0.21666103357092148	-0.10847529351433415	0.8663627864478223	0.43669970172571004	0.13407032316718584	0.13620415422123183	1.205589273586037	1.9355028155002942	0.4123416972473051	-0.9353967549085309	0.862034406734109	-1.4740967092650585
0.21449596909592478	-0.116508479316695	0.868412189426988	0.43159879835738235	0.09674437156224165	0.11958480845710617	1.2623978147616908	2.317476449519526	0.5647094907177914	-1.1380341946499952	1.3310271292298619	-1.5955239738480904
0.2062449380325168	-0.12019045880879145	0.8740849232913581	0.4230754377437151	0.1705899095022058	0.08623238649387971	1.0465465832333252	1.8775649033531654	0.47315632575744565	-0.9543412893161121	0.015862345309619014	-1.6822328671466238
0.2157035270615504	-0.11729657400783003	0.8661957697227549	0.4352222313412272	0.11543736739715228	0.14196027090003546	0.8205558331964666	2.0393263466975666	0.36331777146553723	-0.5801521433091982	0.38408876548272874	-0.7177527876337663
0.22183696335858188	-0.09514011673398061	0.8689153287567613	0.43211441925399513	0.12427990314084607	0.12082683351022823	0.8807056188978138	2.1129535604593874	0.5621849132239896	-1.1173834496040014	0.44639404887241446	-1.8476005455570919
0.20495658876241246	-0.1178662758682286	0.8758233154187768	0.42075391608954943	0.11752285829636626	0.11348374210876387	1.0772281726889616	2.1396340121822353	0.5655042317152593	-1.102487920425344	0.329557458892163	-0.8596987551801023
0.22281594565155285	-0.10061919639702412	0.8657947552753401	0.43660997860508777	0.1259774204405897	0.1184908201012956	0.9651245667603102	1.9627725199140473	0.518383033270123	-1.0681520891238077	0.9668614309678617	-0.7563884850849067
0.21444208439528972	-0.08880186634134729	0.8670486927582559	0.44085755676941335	0.11234911620389997	0.12457337305410264	1.0324809526138554	1.9967361682935578	0.5344870064224158	-1.1512102302955276	0.319889849929623	-1.7658982738138926
0.20896825270608438	-0.109139702553244	0.8658129824064514	0.4413486990849765	0.17405657286078635	0.13498364930254012	0.9414128994322807	2.2032497717415382	0.5495495014735619	-0.9789775696123012	0.8633369858756521	-2.180367088836115
0.21195195170578895	-0.10627501324202598	0.8679705475502955	0.43635893518267094	0.11527863874935956	0.10850442457854365	1.2516733226522647	2.281811382458914	0.36382992933743274	-0.7759408698438715	0.4748047253912219	-1.1988354309031033
0.22073780957059508	-0.10978273681260378	0.8675107779725894	0.43202733735876375	0.09329225333196699	0.12289322735765586	0.9753190960046638	2.249354018306956	0.5949965617548748	-1.121492667189515	0.26858434403790327	-0.5762468351491944
0.20905929150092314	-0.11515583821445095	0.8665897119465119	0.43824150500690884	0.13038531635547781	0.11156276390813086	1.3206105617146955	2.2488448018604306	0.5042541300837297	-1.0361860671736236	0.8378011359491485	-1.487972484619337
0.22329046059977747	-0.10794182603680333	0.8666134611376842	0.4329792620575994	0.12848697532051648	0.11815259802957967	1.1810468214174714	2.084442524853644	0.4965954301088376	-1.0833642206912855	0.32104406362153687	-1.6675580239788095
0.22332596898837792	-0.11276859194604616	0.8617447026145624	0.4413669944180777	0.1083686204349616	0.11122211687072941	1.185328600361065	2.104758200137834	0.41806255336438075	-0.8782424496040455	0.3655641410271711	-1.9497418423389468
0.22618254374672245	-0.10662336580521582	0.8610988920724715	0.44269810575627205	0.1358860844478859	0.0988330854820702	0.9894933154539681	2.242853550527375	0.6105611644080031	-1.152973225143117	0.5150287874715556	-0.5462447048848104
0.21235885266380872	-0.10646331350004196	0.8689878507729046	0.43408454911801514	0.13753454828061482	0.11898466066859296	0.9379369617322848	1.9767249689246795	0.5359704558566257	-1.0469903672694891	0.82889779389449	-2.0448882689808596
0.2174994016046437	-0.09187574552105147	0.8686366909786164	0.4355722176313508	0.12355866559218466	0.13149156459939085	1.2317518694988112	2.11332326831737	0.545310372876669	-1.256780665595536	0.2950312683068124	-1.1356659914705713
0.21636688995810555	-0.09868444793206346	0.867012239385067	0.4378772949385388	0.13805888745074232	0.133676053277203	0.8537850159360318	2.182318330499496	0.6199524078552175	-1.1575760155625503	0.7137161100622581	-1.4968132059938952
0.22030554961603444	-0.10592582557518394	0.8680434595162086	0.43214087596028805	0.16112110632367604	0.11409678892741439	1.1132064719051904	1.9962384720968893	0.5130631669751119	-1.1087899999602049	0.6803298637975116	-1.787023421285422
0.2051931699983643	-0.10663929400155343	0.8678303870541734	0.4397661233727267	0.12484167090235403	0.10240138245808224	1.027511234381991	1.9128769196370046	0.6139346279653455	-1.227110366856443	0.664613039474224	-1.111712228549722
0.2096542741305923	-0.101281315726735	0.8709334033038005	0.4327380124660823	0.09586688858751437	0.11488462021885515	0.9206005030075064	2.2425132925075033	0.4832584519606127	-0.8937718677860352	0.6017101445811869	-1.3621817932628524
0.2180634614098488	-0.0991990073931765	0.8698522249048398	0.43123658304724555	0.1415051837153435	0.12724172632179903	1.009081772524934	2.2669282104877575	0.5423719299673896	-1.0828169135346861	1.0196786450093653	-1.7017188058916182
0.21983550253113684	-0.10697854507412893	0.8603644032797823	0.44721475410559675	0.12595017252849244	0.11197396312723619	1.0039077289378506	2.443761000178287	0.5050189734022672	-0.8804828281251357	0.6674456193288235	-1.7573429163649523
0.21580862289432565	-0.11195253150911132	0.8642057322637081	0.4405016700260103	0.14742854010825998	0.1507735324016747	1.0750602831857932	2.027370402971682	0.6018980172634176	-1.1922809442460833	1.0660734487841907	-2.1044839725009847
0.2142065639776858	-0.09890725104219779	0.8680016556843341	0.4369279452832056	0.07901525041587383	0.11296784155373239	0.9247198478370908	2.110095776971711	0.3384891059570093	-0.6481306493897289	0.4248872727248909	-0.7800484255010324
0.19847851723991147	-0.10487260050142945	0.8627305860764046	0.4531047910876437	0.1246986497572583	0.12256480181116741	1.246277532801025	1.9286840677614843	0.49432784530896673	-1.040741488548985	0.487675507880952	-1.638045006906755
0.22234885650222003	-0.10294594372391722	0.8659090459066063	0.43607871181709607	0.10234781171718532	0.0875097464171123	1.1996655792327828	2.0365833425827597	0.411719598278206	-0.9484480413079611	0.2806254729463365	-1.3995191452885578
0.21335506213089686	-0.11115690815102726	0.8653185071993589	0.4397131341359938	0.10212463557180192	0.128453177831827	1.1001555459033368	2.0684496786257913	0.41875039922852947	-0.834984733805658	0.3973758618799541	-1.8757695801451686
0.21407199128162419	-0.09111620540265594	0.8533200013049619	0.4666004661749074	0.12243468396247882	0.11791840356650528	1.145413176268555	2.1093776772075787	0.3292561943761249	-0.7157371460175742	0.9964998015501191	-1.783318821665697
0.2124198965533837	-0.11848026119890726	0.8621343341067665	0.44448240146126217	0.09275617467831489	0.12013925698224946	1.0396158644968787	2.304584369422965	0.5464325246263914	-0.9424120633876012	0.33935289463614876	-2.3454353332080475
0.21878783251566458	-0.10976130946261778	0.8615542683925932	0.4447567671240678	0.11455482937865702	0.12710357953110582	1.2123771903665659	1.8518795696327806	0.4480442549685114	-1.0072991004399847	0.0809739169441892	-2.1781604841912348
0.2289016303858277	-0.10815905829457281	0.8645373186126715	0.4341438545477217	0.12718898237512768	0.13106904077177495	1.205129326665627	2.0323235087504803	0.3928956634102809	-0.9114832100863841	0.47836215641185303	-1.5248729747993857
0.21731742984425603	-0.10529995002806881	0.8613303956096225	0.4469843451497428	0.1643209701837523	0.14022168441891894	0.6461296638378863	1.9358706846739737	0.5544802461416396	-0.9265622964100939	1.0026122854982191	-1.034439933784755
0.21421963242858472	-0.10200030096622038	0.867975646508757	0.43626157835943774	0.1132730126363466	0.1134546445094811	1.0137206270381185	2.1830516261843576	0.4549095502383144	-0.8924401494373878	0.44365828469182533	-0.8442192799531371
0.22818362681892196	-0.10462406237594442	0.871688406530376	0.4208863979083325	0.0872786371911241	0.10146957751583513	1.151807248702476	2.290525347408166	0.5026311243094955	-1.096061109835936	0.5642318098433085	-0.6516648182673149
0.21766757899070258	-0.0971496618375513	0.8677290624711768	0.43615254487858746	0.08236643617179147	0.11038917616028743	0.6841731209986458	2.1491807149467297	0.47052608375134	-0.7988473041976675	0.6502869516293358	-0.7775233760829089
0.20701608243062222	-0.11835145816258004	0.8779983507889142	0.4150375524911159	0.15724129343012808	0.1054392200959366	0.85452476280974	2.094993207310841	0.6281295475519759	-1.1576098879717538	0.5478407242056983	-2.322293488189499
0.21373604639673593	-0.10788984810059746	0.8657868345760408	0.43941989056291225	0.11066421297548845	0.10104862741409333	0.7539681609932775	2.0973038291066906	0.5889701198871085	-1.0122321897712265	-0.10446753150502573	-1.9085540579580293
0.2173421203147517	-0.10862370757943658	0.8639270224627512	0.4411274110134508	0.10743526418199256	0.12099673599750306	0.9005245373630733	2.029267268985354	0.4523780073418825	-0.8299574084243565	0.490637773099738	-2.014011953010885
0.22049072239925682	-0.1106945106118575	0.8642347500809512	0.4384391216677303	0.13346553624298835	0.14816228415237395	0.9549610965605982	2.014861275658463	0.4416854181499815	-0.8421827521886107	0.9462726781522379	-1.454702119217922
0.20858216545322728	-0.09543768023680867	0.872206305155102	0.43202001191327283	0.1259301810996654	0.14370039913856414	0.801257522260345	2.1735888626396225	0.5343942595801576	-0.9855742353200118	0.9224026098515954	-0.7514528563197366
0.2187206856308719	-0.09755456763195636	0.8665897764313785	0.43779735882702275	0.10518236028968077	0.15383515965663483	0.8738228109801934	2.215182628820288	0.5041546068399115	-0.9408854587176706	0.7495874871457833	-1.4330010716305746
0.21257635877810793	-0.1136170181935301	0.866647150292172	0.4368354172407608	0.10112481589967576	0.13175330406048558	1.0725736334024223	2.1679908517273843	0.43177966213769187	-0.8146861292970172	0.46236666401240334	-2.257536585313798
0.21707128915201954	-0.10545893337194033	0.868389340574515	0.43319559320760875	0.1413196649454599	0.11774773591632792	1.1188044459715751	2.176062483942077	0.49536174890214396	-1.0238838167294972	0.7217042782988935	-2.5732026342297853
0.2255521411265551	-0.0973773870224479	0.8697569764283644	0.42797976363853546	0.1428540831223834	0.10144182930512935	1.1335945269590884	2.1806677852276737	0.5075767129308731	-1.1327762903040652	-0.23515152358430771	-0.7824869717969247
0.22379543255658776	-0.11557739853104416	0.8673158162021682	0.42932591848288476	0.12252680904865754	0.11400807166862044	1.1427331916033328	2.0454054655434124	0.42562365500312976	-0.904874216235857	0.5282319233969792	-2.4616667204335014
0.22329086486856267	-0.12247677158698506	0.8682768018760081	0.4257182465103534	0.16113126990602805	0.10335497970379542	0.6392880515436198	1.572802612565505	0.6284002373367276	-1.1644808462761433	0.9902494697858096	-1.9970199803124296
0.2179556886347953	-0.11219121023390799	0.8629969579161805	0.4417518542863191	0.11982505288285535	0.1106280664358907	1.0607998885507888	2.1109105578618026	0.41046811918217885	-0.7891636329852174	0.8535221260564562	-2.1503726348751777
0.20845362346065988	-0.11144767243158052	0.8687952865353982	0.4351106218762994	0.14827892512425064	0.09582627948881706	1.099456513229255	2.0626743110448724	0.4246438748475894	-0.846299817746341	0.34116076567344705	-1.3553401476549458
0.2109741511919615	-0.11863588828329115	0.8692501343212453	0.4310680196008081	0.10420287011738205	0.1113106897094731	1.063164102455019	2.2021540668977724	0.6479862947462431	-1.2209391326779901	0.8029080973539008	-1.9148626706078575
0.22658815268519056	-0.11018964158099157	0.8682373122647651	0.42741083461024026	0.13134826865358998	0.12338875587539853	1.1741532262811698	1.9553816637790755	0.5173846535007505	-1.1693645231170786	0.9073881596076423	-1.4090228172828703
0.21594703150327954	-0.10490390831381913	0.8761723538996606	0.41795221720590897	0.14223565307425978	0.12520754422795946	1.0197180637263887	2.0316113606176183	0.5451087209313421	-1.1596787578214955	0.9837952130190303	-1.0384010906318932
0.21557516103924887	-0.1272780340307504	0.8672698742700392	0.4303145560863579	0.10690568142531703	0.10675891525227925	0.7821184091779316	2.018455454350443	0.47024329532228887	-0.7425454219315093	0.5883847065175645	-1.133676900904608
0.23151831719275157	-0.09071513664027146	0.8655589443225059	0.43471570789641634	0.10175898655160485	0.13135694954258	0.918049384528502	2.0543222705408124	0.43696330964805113	-0.9302737784520392	1.0549616267746404	-1.0842930649585705
0.22129137936464088	-0.11115357081767235	0.8685731972755201	0.42925005543151146	0.11075968885490188	0.12751023719255591	0.5107497532252828	1.8936417695692667	0.5095966484772212	-0.8041034795115446	0.7300409529118005	-1.1061253068028118
0.22485647207786008	-0.12145747999142517	0.8647361268970972	0.43234139098383634	0.12157572304021924	0.11111359077773027	0.8681932587846957	2.1589063088411504	0.6542637464848862	-1.1536463127256853	0.5504947093054161	-1.9754621760338784
0.2211004346733873	-0.10641126073330849	0.8658665735860125	0.4359659598211832	0.06665365772650476	0.1457200606722039	1.0879487404048414	2.073711007421652	0.35749963385913897	-0.755624865465602	0.7041049503251732	-0.5841006771143403
0.22701905277083212	-0.10393358480794893	0.8674037849548112	0.43043098572717864	0.09999778333820598	0.13239944395193004	1.0810651294820808	1.81099018022108	0.42423865071864425	-0.9878143201874409	0.7405795499703082	-1.503243528604577
0.2253208701950128	-0.09976769914839519	0.8728018140794827	0.42130025516341857	0.10571143956280432	0.09981873922863754	1.0132010100854367	1.7843711983629562	0.42509765050344483	-0.9999963677793021	0.37081811896686173	-1.712651291821438
0.22353150478449535	-0.10536378614004759	0.8702734437153264	0.4260942056668688	0.14987134675774805	0.12344174259545165	1.1705636380455153	1.8596193390676785	0.46998378653715817	-1.1141567268486283	0.4178981884052728	-1.4199135517633608
0.207432767989295	-0.11037969534867416	0.866273562570342	0.4408606178949542	0.1007908026811839	0.1211050574440687	0.9742754162375383	1.9519713331923632	0.5384385996720022	-1.0277029765406787	0.3939561583588431	-1.626907132704144
0.23541298265525765	-0.11387601440366987	0.8652131182358533	0.427807481203265	0.12410093278490368	0.12271432009053684	1.2345729379377963	1.9901098795020205	0.46278506082732035	-1.0855733999028834	0.5541827445262757	-0.8269463797654987
0.2269663085602542	-0.11613084883203578	0.869944019796647	0.4221342477792264	0.11537229168389246	0.11359359414597808	0.9759713857183665	1.9862876518032204	0.706202352533819	-1.433666820887912	0.669099078652748	-1.2985129255282002
0.21203162144339718	-0.11300154791579613	0.8677179853578404	0.4351307154904704	0.11660398809573012	0.137545525100731	1.1821552648664564	1.917905756800339	0.42557330202277377	-0.9266309461312753	0.9901531728915421	-0.9168884314028644
0.2298550552577742	-0.11221024583295144	0.8616655837068061	0.43830119342498175	0.10998238231910941	0.13123133432209186	1.0720102927940354	1.7910059563757958	0.4148587843773621	-0.9192475609794191	0.24554314816535983	-0.7372811240843674
0.21891011101607913	-0.09770286550087795	0.8687613824348981	0.43334302089412946	0.0677190829449978	0.14856030750906604	0.8669560021422182	1.8735145170296814	0.45266394233007007	-0.9230439417150337	0.3688237957561545	-0.8990027858258639
0.2244878949904133	-0.09925350656041772	0.86268131811317	0.44219324940206634	0.13494796743998713	0.15603540387731016	1.1145894413552753	1.793458537276218	0.48029333343209424	-1.1002991913537286	0.5698804339015466	-1.274939066540811
0.2366447485747133	-0.09595298754407901	0.8630741531646217	0.4357697709714934	0.13469659512638266	0.12849547739356984	1.0061635058381841	2.1912179835130075	0.35283335511250913	-0.7627209808902666	0.33824755981837445	-1.3809154737829277
0.21848457415921504	-0.10839227835020815	0.8636638329355939	0.4411353403747155	0.10470857846189568	0.1331446826016271	1.0946362009602417	1.757799115992253	0.4059507869288328	-0.9050154209924092	0.4684114092496679	-1.8979914210783486
0.21577471806182336	-0.10890013149224452	0.8687584089609959	0.4322509216483774	0.1477785316116532	0.10515190171233439	1.1137845613771211	2.095052043010416	0.4716988983781771	-0.9762095812320002	0.4333698043518597	-0.6879914341664247
0.21843615870371832	-0.10676463142787253	0.8709666443560736	0.4269707981419282	0.13233731194922713	0.12941082699333387	1.4378970527078108	2.1152269360973204	0.3175604196495718	-0.8544889234962875	1.0985725688511894	-1.0407376278526133
0.22663519470322954	-0.11176963771302571	0.8649946959725564	0.4335068771619119	0.13897321270921717	0.11967818739813031	0.9402523080299546	1.8359228383326165	0.47668673726133665	-0.9693625543236575	0.23351060503394572	-1.433946448561387
0.2180401336442664	-0.10648778702664076	0.8647813029590733	0.4396272846252455	0.12490764005721204	0.14027042033291717	1.0595605626584244	1.895032627235581	0.4775223994507731	-1.0058095894451886	0.4894134500569621	-1.4731841435207198
0.2166977389770557	-0.11737215333527333	0.8673742383384442	0.4323514753189546	0.1308591469536974	0.10464735373450786	1.10017261446065	2.1650051844821756	0.4238445625361112	-0.813979996014637	0.5880543665274707	-1.6189175348326519
0.22633558432213072	-0.12066462932435017	0.8660582428944908	0.42913327814804064	0.12356807534850206	0.10755574346278517	1.1378581606806522	1.7746615975754743	0.42503170259218676	-0.9589121569016161	0.7109217687683893	-0.7943695192623074
0.2158053064102861	-0.10489047081308699	0.8687311281315829	0.4332808394944308	0.12254257544717351	0.15984639664458303	0.9105828994986158	1.9516674950274933	0.5394764581753729	-1.0627224870193563	1.1082014708275156	-0.6987258074687678
0.21463454080441072	-0.09645063901348166	0.8778885147284055	0.41706239801200606	0.11392923238066356	0.11600760761666173	0.9159076312656107	1.9258669168523688	0.42549848978194676	-0.9216236182323067	0.9839084191373209	-1.6776527005669248
0.2157688688911932	-0.10851937553093954	0.8720059375519268	0.42576165307126385	0.12093048384846561	0.11842826939154079	1.1302022271380425	1.8372831630714768	0.36213617112556296	-0.846169502262259	0.5111995240362228	-0.7730001029666086
0.20675708200781615	-0.12130557232906292	0.865312342995213	0.44019429371774754	0.13278029980793535	0.1119619979011746	1.0321852511677136	1.9399176495405968	0.4374896708956278	-0.8102195033490265	-0.14108867950975768	-2.1210707428710918
0.2058617049552879	-0.10720496100051462	0.8685294500741264	0.43793224261718333	0.10770202626651348	0.13439366906166964	0.7627600887094365	2.042593386654626	0.5114482631090591	-0.8728629442591131	0.03995411498967467	-1.0636840392052302
0.20898661831375298	-0.1135427682185801	0.8669085155467852	0.43806650045799295	0.07790791720818951	0.10066253092048388	0.9202096523921138	1.8977492564201703	0.6638647654840218	-1.2608720758754683	0.3691336085500052	-1.9173446747495007
0.2251520693803243	-0.10230351130012297	0.8655758470414694	0.435452626869865	0.1427436222337928	0.1297690235766514	0.6055303959950693	2.165245759855884	0.6786572591599076	-1.1534056258392815	0.7877184855803915	-1.7985923142861093
0.21133605128374436	-0.10993610666640018	0.8705772260805286	0.43051877927537685	0.10409271237759392	0.1284803981784529	0.9055570548159771	1.9492142612136127	0.3521799556585814	-0.6589437854404262	0.4760509237033446	-1.6550975253014444
0.21656171441825775	-0.11386076975916681	0.8645615044342598	0.43894208502767695	0.14525913367576296	0.12867012910292522	0.9947862146126722	2.1556593536828306	0.6086915834936771	-1.1305338514026724	0.6755982163979647	-0.9258381937722165
0.2286493797509553	-0.11014459854443909	0.8616236854295364	0.43953640720401216	0.11517620530043954	0.11873072180948809	1.5571535065989983	1.8400698255280095	0.3309020756893863	-0.9975999485353595	0.37334349175641507	-1.306049870871831
0.21292711509876117	-0.10975852070224086	0.8736771615756198	0.42344223706444645	0.09846641736724226	0.14146995262911735	0.7644222057514153	2.018125918516115	0.817036115980761	-1.5470480669032511	0.6246734402251105	-1.7779495853000833
0.21886289499689665	-0.1182728967798628	0.8619091450173983	0.4418406735648662	0.1444023825050196	0.10456908404285352	1.0361684141470662	1.8180777523943579	0.4172702213127042	-0.840571134328122	1.1406828353518934	-1.536807102637954
0.23240528308322836	-0.10834362588072298	0.8538529856266008	0.45297298160327626	0.09193495282483781	0.12075029839570378	1.0088892552004591	2.1431422352800467	0.42211601343800487	-0.8007109154219532	0.010519462461040721	-0.39430550226686933
0.23653031304943598	-0.10241444004346019	0.8737213009299819	0.41252367420614827	0.09238582261839616	0.1371006134572114	1.028916356627331	1.9902267495306973	0.5528870938969417	-1.2668634879556429	0.612500406864876	-1.3354856259501127
0.21147773798924135	-0.10106010331421982	0.8677042264562339	0.43835305091109095	0.14899272929647642	0.12000491048772749	0.8387613855575482	1.9889969644501173	0.5223954703905348	-0.9801594364585292	0.9030973144537761	-1.2439729072422092
0.21576222816444365	-0.10900638451163976	0.8642765611355336	0.4411238997208735	0.11768889377438853	0.12444375301407025	1.1006740763896383	2.0636853778904363	0.5464070176763429	-1.0989560708809383	0.3564473445727983	-0.7158647033606941
0.2149568631650906	-0.10260126337787864	0.8745103814109507	0.4224903792229606	0.17239305684837603	0.12588927357859708	1.0740590289220966	2.160264709838452	0.48183880648265903	-1.019203112929751	0.6857145044415733	-0.9615608843051007
0.21413000733898171	-0.11192764247226339	0.871535372085649	0.42666923724489214	0.10095640987981548	0.10676038773877483	1.2389048876771125	2.027713218528852	0.43870883520620035	-0.9859623889829777	0.49405427732807733	-1.2358583667747234
0.22235344192295606	-0.11558052038574954	0.8562058375597039	0.4517871776633992	0.13943027600643262	0.12241090187559013	1.0815135323760203	2.0405564404097642	0.39422891524448683	-0.7573716046742268	0.2465806412077839	-1.6812055228121014
0.2104731093299108	-0.10121343443664114	0.865385815411974	0.44335572785551347	0.11286411514309308	0.10924909508395075	0.8196920086561117	2.1151820402971944	0.48203007360941147	-0.8471307613815777	0.7526765733278548	-0.7806446019838503
0.2134299648764454	-0.11186615381530715	0.8622632350995016	0.4454612520962412	0.11606296424134899	0.13013788919265037	1.2184437048060972	2.007364356686167	0.5583686386873171	-1.16049827807069	0.567375938297057	-1.5231408157195114
0.21602468277055206	-0.11021475982683576	0.8672708306013013	0.43477275620526673	0.10216517721574626	0.1068857874295452	0.7628606415738535	1.8284363605247085	0.47160887161383847	-0.8562833486005189	0.5547045942552256	0.298705512214564
0.2177483879019237	-0.10472203010287236	0.8633850977342195	0.4429278823778411	0.1364605287610247	0.12007142044741541	0.9680331904808017	2.100299005511084	0.5096872995099159	-0.9728367236006759	0.5789061250045263	-1.5803169652362516
0.22190276895917238	-0.09958885444038702	0.8687777759594842	0.43135414359710966	0.13201906020090323	0.1406972649875228	1.3541052206619908	2.1880501505007763	0.4050562418294908	-1.0072423259284085	0.7615621745955957	-1.773063669789235
0.21006156006311422	-0.09696714715376978	0.870161592175538	0.4350750703720483	0.1421125653089292	0.13274927403601067	0.7966728182470425	2.099920905780355	0.46198353492990085	-0.8406074004182944	1.145941419282573	-1.2728722050153487
0.21604166802327426	-0.10736617034749496	0.8704311649478061	0.4291247956366997	0.12909059012191612	0.13234985128422863	1.08587177374782	2.0799617717809307	0.5006404398337068	-1.041769352795618	0.6371876620299458	-1.1471137687442934
0.22178893156939977	-0.11316702509174704	0.8655618334804515	0.43451767131745905	0.13934638474103633	0.10707368245092756	0.9793453515288211	1.857606833174549	0.5486907652679495	-1.1090778043399785	0.5372452674720539	-0.03410931114922831
0.21070673968183615	-0.10438111199776395	0.872092293101576	0.4291413352540116	0.12105925043280717	0.10598354328942393	1.1118095406206308	2.0189959161623214	0.4535971467048439	-0.9765997026817702	0.40706545221022217	-1.068080540835074
0.21897398707401478	-0.09638009767394498	0.8676906169940671	0.4357456401821194	0.09911799490661917	0.12949714974899584	0.8514168432799302	1.969719770887552	0.5199216000114549	-1.0274972588179885	0.7154793177482451	-1.4998179355645798
0.22158726180538027	-0.09467066608633393	0.8671655537760459	0.4358445281664637	0.12119642327214669	0.1151192329911594	1.1150534001481336	2.039009555289803	0.44518107521621325	-1.009747518046882	0.8031212190611816	-1.3065433648702087
0.2208471296790577	-0.09966099265453099	0.8704191610266448	0.42856121613289566	0.13427729695453644	0.1263557724720394	1.018534964573592	2.0246736612207594	0.4812499816908502	-1.0314716432376696	0.33581532891869464	-1.150096717539921
0.22061260535651764	-0.11275794405475771	0.8649878803981088	0.4363618809826776	0.0964053690673999	0.13941757938361346	1.0793384092607676	1.909644266213687	0.5294856986054257	-1.1018075370132292	0.7334692270533694	-1.1080085038646936
0.22051352322175904	-0.11935753332129129	0.8660731840270113	0.4324867688439707	0.11650622432052822	0.12253584969853544	1.2512665127768607	1.7217783095436152	0.4479623310055782	-1.0598755167285479	0.8435790735452852	-2.480900115547513
