0.22021192459912825	-0.09279870634628902	0.8647936334051881	0.44161870429891925	0.06129923563872334	0.13442900582925926	1.230475879679259	1.8629459030828637	0.42956644867843474	-1.0632992153826708	0.8845899487970238	-1.1116496966308356
0.2138834876086287	-0.11178025354087272	0.8662595140067143	0.437439690745546	0.0846029808389346	0.10863291537076969	0.9941929296873264	2.0984162948401694	0.6283578093179366	-1.1942237690355972	-0.07872382443058101	-0.5393766116563378
0.22203785629609873	-0.11062561072048865	0.8608811498245268	0.4442350847253655	0.09144766054547548	0.1009201877007037	1.23573287084942	2.1299730472306835	0.24074408420364388	-0.5537652493267672	0.5096525996624827	-2.753278242427987
0.21691195597338114	-0.10777458232289623	0.8689115412801228	0.43165562221651743	0.13216740991419046	0.12287467323492163	1.108267243833724	1.9339609174935972	0.5017480598725502	-1.0840569227961414	0.3322090455548062	-1.748289282599594
0.21543533871350887	-0.11036263691217381	0.8654067764745773	0.43872407551793696	0.13494138525466026	0.12683710947213725	0.8958440270348206	1.9095431269373289	0.6014494675881631	-1.1459427909824536	1.1721028147688155	-1.390374753886645
0.21239084354077556	-0.1099815404470148	0.8693112142409657	0.432541562321862	0.13043436278283674	0.09931272625756797	1.0656978865639353	2.04036194154382	0.5232892624740219	-1.0561841627304493	1.2057765415302766	-1.2067525018227208
0.22896003905161194	-0.10714130566100477	0.8626409859391938	0.4381193564733186	0.14419289811261712	0.08985022560026727	1.0808596184904988	2.153253188678758	0.42187562495706105	-0.8689378860734889	0.8591569959449453	-0.7952861461358456
0.22018004334870186	-0.11147468549729596	0.8628093530345279	0.44119628661218585	0.1245209255116	0.13405812100089975	0.9013230064351442	1.8072755444990807	0.7350498050471231	-1.4306460221723747	0.6644306132430244	-1.331558195503259
0.22553372587719692	-0.10758189128980215	0.8667367930496518	0.4316572792534185	0.11512868413134565	0.09936210435526678	0.7046106053597484	1.9284525842224516	0.5988934989288811	-1.0900543836530008	0.10282019881087538	-1.7814908990198848
0.20707347238225185	-0.12290766211827663	0.8644282724475584	0.4413366576905957	0.12446278665992432	0.13224426626559865	0.9943345472916756	2.1053075908258534	0.6091493820694802	-1.0733480057438873	-0.09950782753479176	-1.009365640483991
0.1989194230152854	-0.11872358736476564	0.8660256885167833	0.44309737054008613	0.13798853343669068	0.12253463196537273	0.8614081146017	2.033333613417494	0.6248440700248108	-1.063145916726256	0.8542448569123176	-1.0600187051111678
0.21594398734689052	-0.11131136095709136	0.8641104268619881	0.44078469283653526	0.10947607074529254	0.10378359216306854	0.9125672628056204	2.117928090278646	0.5475482012433158	-0.9856423607235087	0.568768934838417	-1.8089887152844533
0.20627127570085654	-0.11177905402285716	0.8774560286837008	0.41836410174526767	0.14158437315098604	0.132372973044193	0.9881814104437107	1.6663370718190893	0.5378034378405845	-1.1699634966840649	1.1078027682120533	-1.4259006243528567
0.22409683677330908	-0.10593264024452922	0.8670026686102291	0.43227914141415746	0.08790935209686972	0.14062811433637917	1.0340508216592315	2.04637524653942	0.5777391660095105	-1.193328418306384	0.4415397680060222	-1.8734753388703103
0.21040828236728992	-0.11827406416623246	0.8614176878649791	0.4468771279559988	0.1133584993293643	0.09735669972628665	1.0148278971449125	1.7476118089282882	0.5127748668002302	-1.0037309040983466	0.38219374480459584	-2.3168592599890903
0.2180342521559319	-0.11386599727666434	0.8670219336540796	0.43332270435985115	0.1826597282914554	0.12125128198460483	1.2061727753336728	1.895997398185704	0.4639143784455491	-1.036920709188132	0.5059695975806886	-1.1902110226196658
0.22007399175031395	-0.11920514363693356	0.863376667627357	0.43810763709648015	0.11902880156582378	0.11558483756879001	0.8584696573279217	1.7927550554251166	0.22612272202581601	-0.38906033171211196	0.7488757031890773	-1.445388655529932
0.21528832811167653	-0.1111639479704944	0.8650184750634523	0.4393592496458816	0.12774117377406993	0.12172734657056362	0.9359764111885954	1.9608344714584158	0.5120952045452063	-0.9707375201946019	0.2015861115476795	-0.897150579640997
0.22818877348858263	-0.106512152670494	0.8657839580051058	0.4324386465711489	0.11565554283740548	0.11603998494717077	0.931487792562942	1.9750019212524603	0.3985980910088705	-0.8031039463845953	0.4013377400042459	-2.6554325854788186
0.19534805418920603	-0.09551405378663645	0.8730603065439528	0.4364423265348054	0.12208927333995166	0.10287589391875902	0.6978330621478963	2.0336841519782083	0.5190536514043933	-0.9055951481799459	0.9764761077741805	-1.5687465332477633
0.21930346802261125	-0.1081708279734068	0.8617515275146895	0.4445102537792603	0.1385557843856935	0.11482168741967332	0.7113862625638144	1.9384477059777612	0.6674917288260278	-1.1732867658962116	0.39928342626005303	-1.3045421614750035
0.20289347412504277	-0.13189987717853874	0.8644987705928889	0.44054345551958957	0.13718295288160956	0.13535514557503192	1.4520883220733887	1.8530820496707314	0.5756931602027668	-1.2436547905050286	1.161192293752283	-1.2055650965706055
0.21632623012775878	-0.11433941265514545	0.8694556028241932	0.4291577980067553	0.1301497145664893	0.12121012838516426	1.133417970572391	2.0073752676375842	0.5249305633193887	-1.099991073719473	0.34953526818068364	-1.410439499002204
0.21314181286591302	-0.10294845485029083	0.8712750130854942	0.42994422292320855	0.13037004957521117	0.1222672968579855	0.6699566343400507	1.7246690788346841	0.5765130985981934	-1.0874555055930741	0.7152761288040645	-1.1580567533612596
0.21832321051198275	-0.09624156303655801	0.8615200789101116	0.44816926593725265	0.09165600962515157	0.13028678369873284	1.2981344082478894	2.0572302844265242	0.40133189073133874	-0.9620858200878406	0.4631610391552014	-2.1308547019850557
0.2120667037729818	-0.10161622403475754	0.8701687670543923	0.43302213916475346	0.11496471193948259	0.12774514699691625	0.9509717257911943	2.2563683610904155	0.5180006528969139	-0.9771643469897202	0.13208466462023521	-1.9061743506594226
0.2197180771103043	-0.1149233748010745	0.8720757180262103	0.42190108620902145	0.11402051683134047	0.11742017683052171	1.0678940728114907	1.7187438798197505	0.4687375005398895	-1.0568505085011402	0.5113260205952016	-0.6515044346861165
0.22423885283112455	-0.09419306566527177	0.8609813356237526	0.44671662490789193	0.12271048760703894	0.1365724780080724	0.8806067980929245	1.922699505829175	0.4581818215425958	-0.9197045087531145	0.8577282476174416	-0.4491113280462828
0.20581414478015644	-0.10910982557323742	0.8676964188694626	0.4391338161117866	0.13142748548643893	0.16167693970526492	0.9250392171939988	2.0298621850412157	0.42229758580547444	-0.7636267967179223	0.31118398010666465	-1.147911839558409
0.21079904359407603	-0.11779022557867952	0.8670685847599281	0.4357537094510638	0.1280295300549206	0.13114091353231153	0.8215888579576385	1.8016902748261214	0.4793121671082612	-0.8641697266501417	0.2067389854971661	-0.943589278903643
0.20463880939134774	-0.11006405139496912	0.8674596357470378	0.4399120851159168	0.12241459143338433	0.13465887580499913	0.8389319818957666	2.0209869735440007	0.5942520244830353	-1.0564148797783093	0.819022406984133	-1.191042941653078
0.22461103193343515	-0.10901607642383843	0.8674187311039481	0.4304069287836407	0.11085387893385436	0.13045060822558038	1.014508735439465	2.1499793797496722	0.49580932639972614	-0.9840962262671823	0.07381412870738291	-0.5889937693864223
0.20332707048498877	-0.11238640945304018	0.8670163997398531	0.44080603439652355	0.10901891206353209	0.1145326472086924	0.8950236642414501	2.2788265835038026	0.5715185835205072	-0.9559519470374037	0.8298743604047244	0.030124984644292335
0.20492829294011725	-0.1146456310948613	0.8702367838394449	0.43306894840924537	0.10679790501198701	0.10156309543775631	0.6719083228888164	1.9755137407429921	0.5206804747831008	-0.841261672533421	0.9407115705490904	-0.4755052746631649
0.22627802950706039	-0.1069876165512656	0.8728104676059371	0.4189913971725276	0.192522394835559	0.11664141585398485	0.9478976143342411	2.0161717904418	0.516063437956519	-1.0721188157018806	0.38183207627725335	-1.8550736604949147
0.21073817393062988	-0.11282484561148938	0.8637122280777036	0.4436903912980039	0.12427754399340106	0.1338918157598666	0.9660875283653859	2.0746713993950485	0.5123615887953781	-0.9286881545665326	0.6050667598972662	-1.0143120216093593
0.2182946489459246	-0.10514440515232498	0.8675508193756705	0.43433590239277037	0.09263568458660686	0.09693198603331725	1.0622390124666867	2.33246127047812	0.5287597791689737	-1.0253856904650327	0.28877679223426017	-1.5326442365308752
0.2163981612075456	-0.11275013942074785	0.8678059982935549	0.4328648648392726	0.16171846340539978	0.13110951774812218	0.9951334253679334	1.8111049394742063	0.5411970128684702	-1.1107316903135633	0.638499786023115	-1.4783059924580353
0.21842280878817222	-0.11170781032311199	0.8694771221884945	0.42874511741209964	0.12169174643474856	0.10567281759573433	0.9575968872752049	2.1191376807379583	0.5310735848036245	-1.0127068187346193	1.097298187091812	-1.7750064630804492
0.22819253308905518	-0.09947421952726322	0.8682828891434076	0.42908958495006516	0.1221038833558511	0.1260264703319248	1.247583653630471	2.017178242584616	0.3505895953019261	-0.905272472627209	0.6388904566012421	-1.4904329626876678
0.211893259494437	-0.10484427702379367	0.8741814508754144	0.42416472637589364	0.09690948546663457	0.12393931759655298	1.224609952559893	1.7293683407334521	0.4916028295084676	-1.197464721216016	0.632213001564239	-0.8635424761518772
0.2276450969086378	-0.10470210242202382	0.8734386380076942	0.41751661671977697	0.08333829140488698	0.10427805431562198	1.131005833254823	1.969232309879821	0.4212400282829707	-1.0040618009052675	0.5215590674035099	-0.9895651754978565
0.2214234716898782	-0.10879461127067136	0.8711438148302845	0.4245513309674161	0.12376507643797657	0.11430463893071573	1.0522230595120323	2.1571469583498866	0.4993713472059296	-1.0206661641512556	0.6736016951669872	-1.1154859183761945
0.22526893544793872	-0.10940725145933287	0.8631356209802193	0.43849841487211566	0.10633082639927947	0.12629501607197677	1.082195951787491	2.044009859406473	0.35815021352216786	-0.7509441884310684	0.7934391550066415	-1.5641310907451746
0.2195626365273969	-0.10677565018434845	0.8671797644123962	0.434039704822622	0.10707574786686946	0.11006925727848003	0.9198750115636515	1.9689414176907905	0.42983736869398637	-0.839742186799257	0.6666246088820361	-0.9795217303140525
0.21060392768391653	-0.1119936180282448	0.8695429572183114	0.4324331864196886	0.1266257892195558	0.13102646500418885	1.003399841733215	1.8585137386615607	0.4916098564194119	-0.9958860046628563	0.7055379071368068	-1.3940431671464113
0.2012612030639657	-0.11030401453815923	0.8697332215057167	0.4369108329250933	0.13664820194565666	0.11505783071786896	1.1616841372822337	2.1506379230894543	0.5078536180816532	-1.0031225609313315	0.3110662019700368	-1.0929745523502736
0.21481082976101426	-0.10365857975173201	0.8623714530228299	0.44657214789161603	0.11555057166793124	0.10997771207003769	1.1217505572998578	2.224369400793676	0.49247316569444044	-0.9742748100117579	0.2736284629422896	-1.1303754657445786
0.21374267858696921	-0.08909033351432966	0.8689837956746314	0.4373146952478083	0.11751533635067841	0.11290042541277283	1.0931063604518345	2.1584372074581526	0.5636406449239079	-1.2145536922850053	0.1736364399185053	-2.550056138936579
0.2133328201583469	-0.10695014281486953	0.8720574007135743	0.42727820521979587	0.09880869342180276	0.15294703240344457	1.0272131137700895	2.041101518009626	0.5228357957800704	-1.0690575627334897	0.5630038597324812	-1.501465410023979
0.20959301835666982	-0.09789738737657087	0.870348994235283	0.43471772040556816	0.10385370396532145	0.12169876289076077	0.8460028903258144	2.1506936131192207	0.5939235134564063	-1.1126524717883965	0.13326386508425797	-1.6183641882637412
0.2182830962670713	-0.10063009771615807	0.864263078218906	0.4418997679850918	0.11885864434378084	0.10520618658348413	0.8594307304216723	1.7106678355119402	0.35787747225605965	-0.7349060550406019	0.540616104740742	-1.448981113764242
0.21749874429496743	-0.11525374650177864	0.8641069057623403	0.4390103934546995	0.11989946982491508	0.12239828071431734	1.0929320237263165	2.032194052972908	0.5432081559318185	-1.0771573757567001	1.0251809441158886	-1.5156497933324617
0.22470543880283905	-0.10121489304149409	0.8676863631806871	0.4317214221570377	0.1398131009072367	0.12963346782131205	1.018899998384336	2.371368516872696	0.4127574931099591	-0.8039411312367929	0.6397579796629912	-0.964666397512037
0.20894645003905454	-0.10448788240689222	0.8729147248581052	0.42830310128704313	0.1315757238583216	0.12453049632907619	1.0093514313800087	1.9685647215885484	0.4947708075353511	-1.0205435386833506	0.9016725499346382	-1.5442312203511175
0.2073561219954287	-0.09485124551390052	0.864292123736377	0.44833670911798185	0.1010474590053103	0.12737303094990102	0.8791649066643138	1.951136984211583	0.531686402398274	-1.0187986241609301	0.37649066823119054	-1.3381739387893141
0.22597776830342103	-0.10197817217011969	0.8688034795058932	0.42861989528240485	0.09765715676850721	0.09180018770547181	1.0812709376934826	1.84009116471163	0.41049915314359303	-0.9643442989054047	0.24021503725724017	-1.8017528086744015
0.22296963294094477	-0.11016676773637257	0.8695399321629652	0.42667098852245156	0.11491704374845986	0.11918395956162005	1.1592881061954499	1.8286173529395042	0.5567897675982124	-1.2683874264142072	0.8590938310211108	-1.462022577423654
0.21078128079559494	-0.10524972261217748	0.8736019939077858	0.4258089991963173	0.11056113394090777	0.11350969734719907	1.089615859006538	2.1019054856413266	0.4943536292043668	-1.034064507831846	0.7075664561209695	-1.5123519237650573
0.20166948062120943	-0.09732385679551535	0.8690833426425157	0.4410800732585065	0.09131844845651839	0.14222370570654855	0.963453932780189	1.8468212344390094	0.47150973337376956	-0.9620492281886481	0.2528985771048931	-0.5558577740495615
0.20395772829140385	-0.12154037970610602	0.8644541153875213	0.4431120214581001	0.141065951696029	0.13488191386417878	0.9147057304127211	2.0021535336501626	0.5082745822601855	-0.8634359664697397	0.9026939494378646	-1.4958483671829728
0.21236761339235427	-0.10435541100145888	0.8732655645592154	0.42593097883557	0.10046352819244216	0.12338185791407752	1.0903104240434214	1.7977673015977844	0.5276070013296185	-1.1848889325423333	0.4473098250548198	-1.3386298207714995
0.2323337562185941	-0.11206626239422143	0.8688849739533023	0.4224938823137179	0.1131903920634354	0.12426173226975719	1.2952933881921556	1.8428431538594345	0.3874278220851729	-1.0202515704906117	0.4819465437957446	-0.24539213222204923
0.21960420397678687	-0.11405779130925776	0.8647012755750247	0.43710012337712817	0.1193033441531618	0.11838358076453685	1.0213771314971665	1.9089082386344158	0.35730271170582967	-0.7218780048662861	0.26151125915292467	-1.0672196801883882
0.20693420449073044	-0.11587466192705304	0.8703297722536529	0.43159863908958773	0.1239256543907654	0.11388734991123615	0.7301074603505611	1.9208328981047862	0.5866427008238168	-1.0173362755327326	0.8032231837192324	-1.6096547587908816
0.19951104874930656	-0.11076127871794965	0.8718804052867064	0.433303403449367	0.08593110434989171	0.14116894281470202	0.8213852135425002	1.704845217776917	0.5538733891290724	-1.0568944079128992	0.10854531493079748	-1.1655418710934362
0.23013686783680432	-0.10980118012207596	0.8657515771560887	0.4306447835023774	0.13385959616065587	0.12305885908337927	1.11880089530717	1.5649282241167934	0.2703908476850231	-0.74246265842612	0.037033129155669364	-1.2458990637153873
0.22001671368445289	-0.09867957718095961	0.8602008391927062	0.4493434132142636	0.08469575668497277	0.11570783611448177	0.9878768646420992	1.9391918142601612	0.47568006336557755	-0.9684601351133824	0.39743584615969557	-0.9543717073763429
0.20747787933768386	-0.1074554870097312	0.8615028504446525	0.4507982770295129	0.11489861078316234	0.10666116191547936	0.8025369937794358	1.9731779778907779	0.5376865610678992	-0.9265749211519266	0.12678634194879854	-1.6076808633214024
0.2116022627147307	-0.111708523949105	0.8613618991810092	0.44810865504964664	0.12189035594740506	0.11725302747098233	0.7853602022783835	2.139670594031834	0.6114130343047282	-1.0127285856910508	0.5281725580169866	-0.7829360023955966
0.22573218533525444	-0.10393536598386509	0.8725877011106706	0.42051530777364726	0.10646665658343392	0.15101956199477953	1.113256941265439	1.9156972687693925	0.46066601427520176	-1.080009967362063	1.1188850144280582	-2.0452118904758207
0.2081793351620012	-0.12093461811213053	0.8669494754433509	0.4363883472116082	0.12622994931786444	0.11842622365633197	0.8097114020890271	1.933896428544072	0.5780476729144036	-0.9987165901766166	0.16839459118899391	-1.6626493567938212
0.21161657032937525	-0.10927906543588602	0.8661998494296964	0.43928844039817755	0.10072353957244982	0.1122987456978204	1.2908396565832554	2.076816135643344	0.5717743587562365	-1.2326329314689701	0.5627536048035888	-1.2590231632217426
0.23161853182111192	-0.11847388091972194	0.8596405847881102	0.43969860159205393	0.10666982304153809	0.10099679736199961	1.3096153562602175	2.063573395547065	0.44198850221136377	-0.9979629006233174	0.21087097802450586	-1.66746746690097
0.2136190952260249	-0.12248854275863412	0.8702426081617213	0.42666291377100674	0.14715688580421785	0.12313119266230109	1.2749515101989333	1.6877505695149846	0.4679576650528498	-1.1082767307599957	0.37335939869476675	-1.2074949684659242
0.21532979762413304	-0.10481643864663306	0.8620633244788136	0.44664685942377574	0.11479853945519247	0.12601105484640118	1.0532321790925976	2.145070472670783	0.49128441245608184	-0.95259126818724	0.22573946926655472	-1.1983835789495738
0.20459843754646329	-0.10894823179793105	0.8707528553085166	0.4336579609712191	0.15354763144161127	0.1264438307375396	0.7382266338452387	1.9018388895121148	0.524617654083293	-0.9238856148380685	0.5920238186880115	-0.7336918880652786
0.209965378683718	-0.10981166307755569	0.8734449820944696	0.4253819479718622	0.09358132215089537	0.1587311153446893	0.7866593440485061	1.9929692141871251	0.6488853817485428	-1.2061763464222741	0.2745681677635302	-1.3737607105551664
0.20041919860153035	-0.10107564050456776	0.872207510399996	0.4345916687309511	0.12667602472485592	0.1378301168418639	0.9325317909995181	2.0664959231270745	0.4676219355874217	-0.8879328970258173	0.24112343284931473	-1.5388068807410837
0.2112234736806604	-0.11014293198572715	0.8657101204702254	0.4402262668393274	0.14888256703940972	0.12368148591187439	1.1329966702513061	1.8903210299698276	0.38248701161614657	-0.8228333834533847	-0.11205493252203243	-1.9021137565785624
0.21041727523402334	-0.10553075421649037	0.8657033882355459	0.44175272924463477	0.1575973078118545	0.12064964703697549	0.9950617033301983	1.9252863731368368	0.5498528792273036	-1.091585219331406	0.7340641180348418	-1.4545927761399913
0.22795385412945599	-0.10338952417547623	0.8725296601942025	0.4195707792014178	0.07250927949072473	0.07236715521608215	1.2131664965362297	2.0568977674282096	0.5208830643415547	-1.2354774115862948	0.0272481605875336	-1.3259680015671695
0.2149623237633408	-0.10724462933437191	0.8654411611902997	0.4396605342292888	0.14866357809925415	0.12191497257638667	0.979691167775703	2.1976797460460746	0.582619759664997	-1.0897736418664619	0.6133137687254638	-1.562588050679187
0.21876045820606255	-0.1099488998807878	0.8655354944325145	0.43692494689356054	0.14016376948986273	0.10878883719567296	0.9126218531963207	1.664247968811228	0.43535060345637205	-0.9005545325028593	0.09353494788570661	-1.6372644054787466
0.22450858622822725	-0.10187018957230645	0.8648468096395958	0.4373309445288747	0.13284116611177688	0.1042987572578481	1.2961512117298915	2.0872552435393272	0.4553356390237109	-1.0796481917643677	-0.004936049601864685	-1.3837899777820057
0.22586816658575404	-0.11082330235969816	0.8629137333022376	0.438271212670506	0.11001340339651318	0.11134104303169574	0.8758514694290164	1.9557067120308025	0.4512934242645342	-0.8454043344902601	0.5245791150034396	-1.2540420572135724
0.19561369316202562	-0.10815325484879963	0.8741108730461395	0.4312404643996654	0.12647173600625294	0.1256609499830829	0.9308656887277407	1.9452539264137736	0.3659046734463557	-0.6760631461718449	0.059733793810632096	-1.374846951524759
0.22028931873709537	-0.11394981734589904	0.872092216272808	0.4218331678443086	0.11248602844837385	0.13528666682008728	1.0431004778637167	1.6707856979692755	0.45435861805860106	-1.0327324069058519	0.39812393742743923	-0.8778877098744683
0.22527543020887597	-0.12099107537703481	0.8666090751065819	0.42848669893735236	0.17665401764363275	0.12675045968252424	1.0478438636033347	2.188187569851606	0.5015907172948528	-0.9474865347413329	0.9483959147132817	-1.3124989935707392
0.21263726063898533	-0.11139842406266183	0.8647740008462543	0.4410688313230328	0.10425465884491036	0.12228470193346247	1.0637457511788921	1.9334500339965293	0.34150659193337973	-0.6940747018084256	0.4038665479664149	-2.0585178325371163
0.20887966226018834	-0.11426300699318977	0.8710697068665585	0.4295937822016883	0.12693553620151934	0.1163093586437046	0.8027320592371254	2.180960935564751	0.6206635486560004	-1.0687130056308884	0.47366611070972214	-1.7279474110238677
0.2292582546073099	-0.10159716396781618	0.8685983607371768	0.4273822138236405	0.07949316094292407	0.11084339537685235	1.222191406589665	2.0774210924694017	0.3799022456256517	-0.9338709758859919	0.6648183340416755	-0.9808428826873653
0.22112208721735785	-0.10618790359565614	0.8635904950232257	0.4405004070147254	0.07250456929425926	0.09157222776710837	0.8202345175405017	1.8784967120261518	0.4537379943641364	-0.8484490683255255	-0.1395918424796791	-2.030776596619678
0.23010643338980089	-0.09447406357169667	0.8750331505500012	0.41526216546106764	0.07594886926239837	0.1365079047932704	0.777465773440601	2.00440995730592	0.4251471575008811	-0.8706619798910351	0.41370286688207475	-1.7999002303935605
0.2218980558961556	-0.10895540048681754	0.8624816189354143	0.44160551456340613	0.12133923521347197	0.11377568106023402	1.1254723154364255	2.0156500611314865	0.43730100155248497	-0.922289739275922	0.12044156263667545	-1.9752648707472342
0.22868772270185014	-0.10724060976845874	0.8714487775814652	0.42045024099612627	0.12968613342154647	0.12466015627348319	0.9275550001309147	1.9036225053586924	0.41914043667538653	-0.8877012954219985	0.8398831023442686	-1.8340958437170132
0.2301227933550793	-0.1103821104411865	0.8596267678196058	0.44260717314682424	0.11586726794063791	0.11069439610742975	1.0540465125334835	1.7694978028951938	0.44025275688299587	-0.9617835094768278	1.0408167431969606	-1.6206349882979783
0.21518600809869454	-0.12047457786922282	0.8687381269020557	0.4295054421919343	0.12579737304239674	0.1527217471850914	1.0165076556829769	1.8184048980152476	0.5103789928488454	-1.031540718415724	0.7853679398048329	-2.014023144401077
0.21264027864774468	-0.12447058769373189	0.8704943613312764	0.426064257578877	0.09709280551122673	0.12357766125694902	0.6002024345762607	1.7092459224472045	0.5665211304483826	-0.957672019714142	0.6129487889593187	-1.35436773856374
0.21798469323247677	-0.09258864569465365	0.865778669592386	0.4408370577476568	0.10976003777301664	0.1408988606640686	1.153127317343248	2.3831692262291444	0.2785561781324313	-0.6167305718594728	0.5476902418386148	-1.4364265550197632
0.21201652118141026	-0.10896865146836189	0.8662343141575842	0.4391047035949844	0.13155656798215837	0.11840250290378623	0.9296517770997617	2.0947727041485926	0.5369293549073657	-0.9882463269774308	0.2761311663533894	-2.0519866675954344
0.22146973491169408	-0.1086734261598857	0.8678609593688772	0.43122917128615934	0.12481380167518985	0.12914559759984215	1.0449210545704242	1.882534853524161	0.47724411979627074	-1.0227007948133031	0.46910198575335205	-1.869532760374591
0.22054571991780303	-0.10702314333621206	0.8727356614096198	0.42218254052043425	0.15311848920610469	0.11939948248317943	0.8628679233001322	2.0064436889899877	0.5767154208910392	-1.1343103637623857	0.9401760651262236	-0.773385170945874
0.21001675535077288	-0.10944219069113112	0.8712879366502131	0.4298519522073546	0.08632795479052918	0.12224921909269741	0.8751507948647342	1.907952707006793	0.5424117524393736	-1.0412483197751385	0.4373247937961855	-1.6009785627054445
0.21194507193601145	-0.10356260037951001	0.8701020755598012	0.4327544943627956	0.1661672507669422	0.1647328759004789	1.0000098691941146	1.932641093285365	0.5474157877405907	-1.1279038020578678	2.092239891437751	-1.643112841094417
0.20210019033672033	-0.08791382507132485	0.8688125099797521	0.44338639461520807	0.16185476563167084	0.11128047367012979	0.7196954885420566	2.2256564215858545	0.49053702920261355	-0.8479496395203486	0.4679148703268425	-2.4460867950102503
0.21825598687926737	-0.10011011731856065	0.8700831837500391	0.4304620098884647	0.12468877998712202	0.10965168003941389	1.2877844665627216	2.1365843047278106	0.3358599631974995	-0.8349147242896399	0.3252735358007554	-0.5524692472735158
0.23028155446038429	-0.11722862198015643	0.8677401354057752	0.42456438059487484	0.10524103246907344	0.15902836393442862	1.1953212072295054	1.9085689530236816	0.4556140980049806	-1.0525521614240976	0.48271404876624	-0.8038419897985297
0.22637650501624565	-0.09207345877647323	0.8600986192300223	0.4477795454955217	0.10843576926231423	0.14997373954986065	1.1897023605543695	2.0758598866416538	0.35178229776203473	-0.8503214027938203	0.40665986501461887	-1.201988085686733
0.21895859873232998	-0.0932895563086276	0.8698489151411108	0.43210768976349667	0.13337905917358645	0.12180396282361572	0.9873561340891855	2.325379713896208	0.5330826860553405	-1.0713946567593209	0.26640837192450734	-0.16052695642410117
0.20876575444660528	-0.11610242687133528	0.8697547374185662	0.4318145238211503	0.09611310393584166	0.13786578330622196	1.067448799916232	1.975095057732622	0.45908200165609103	-0.9097011533358716	0.3234204823880063	-2.101625737651099
0.20880670562675685	-0.10139224186040922	0.8741507102112287	0.42659103226981426	0.11312100582556073	0.15022378569859468	1.1258494301556004	1.9885256629190045	0.42214509049962656	-0.9434850613552137	0.18936911128197123	-1.166881660117701
0.22140729625028327	-0.11367801668633855	0.8605431265444847	0.4444340727784523	0.09867098163156722	0.10568164942701247	1.2037915804647945	2.180811239517271	0.22841339323747772	-0.48416071436639063	0.1936313894512698	-1.825446975911139
0.22103769997842002	-0.10602398621456825	0.8669935113170524	0.43384732437754064	0.10818049301948314	0.13063543930162355	1.2743117230365546	2.0529221156585145	0.4538444634549581	-1.0545003402853255	0.7039192217111254	-1.2960596939125655
0.22351230358097596	-0.10881020516542632	0.8693701242645828	0.42708099517066683	0.1152819122020267	0.11333513127472868	1.204415401383733	2.273838760672591	0.475631434372571	-1.0192084473355667	0.42276067888744945	-1.1428467700660703
0.2169939671100882	-0.10642580240721347	0.8577824350779251	0.45364794818404297	0.09454170789057657	0.1291260405384845	1.2296132093710261	1.8970685354948411	0.45815587437837246	-1.0094163780602627	0.6903195341481446	-0.9112845776268094
0.21714065595118023	-0.10921619947668801	0.8651206966303906	0.4387344727357392	0.12627370860061513	0.10483888780268912	0.8678731650877437	1.8677451874928412	0.41001586139538315	-0.7730774445547488	0.530028591340003	-1.1659690825324591
0.22893198629453063	-0.11105221451044121	0.8712894407845421	0.4196573145805132	0.10147895531244028	0.11032209204695727	1.291476646104083	1.848740930566425	0.5144462166988195	-1.2833926091571037	0.9874783035561285	-2.013900268019526
0.21414414094136233	-0.1030036575643109	0.8688916415002313	0.43423478529465315	0.13986848028868373	0.0910468677785611	0.8943437008600765	1.8816597678892244	0.5870265814039727	-1.169328511345811	0.1509621838372716	-1.0018942563435767
0.21802433618409303	-0.10849737605569601	0.8650735960783353	0.4385674196615745	0.1261729909228145	0.12660923922341547	1.0435355970767086	2.0444462086585298	0.4049736189391227	-0.8118046977541419	0.5027800610363559	-0.9389506328681664
0.21296438444134058	-0.1128512836484721	0.8728247772206258	0.4243673726951424	0.10472954568332347	0.08226260796145128	0.7710934701136098	2.0117945002868987	0.5492388164579708	-0.9816284870945392	0.27530857404573783	-1.2023777111680063
0.2148889884070247	-0.10125572403911508	0.86323236226357	0.44542102526887606	0.12026261887133564	0.11331227334515304	0.8901826030227048	1.9387950712607913	0.45983321574825764	-0.8798849430112659	0.2825391322145489	-1.3549218199222925
0.22716020350635788	-0.11683573786721019	0.869304753881831	0.42315115169218637	0.10509955059356484	0.1340186556780812	0.831487980268257	2.095237143967812	0.5624610312993266	-1.0233516977057568	0.8736373588330517	-1.251886262348305
0.2122131544340311	-0.10555766025094121	0.8627279166068882	0.4466807577617859	0.11647767088462968	0.10425147354904775	0.861589077231688	1.9346163086524688	0.42631721089084906	-0.7755487963751571	0.13896185250731036	-1.2622638316998693
0.22345616068397822	-0.10296843154120813	0.8745421900594239	0.4179004716010575	0.16835159157214782	0.16604013457741054	1.0813572947669388	2.141748110511301	0.40182710119667947	-0.8914042556571466	1.0895631919084205	-1.1611386609973569
0.2160139313273722	-0.10650424243259274	0.8731312307052523	0.4238356778086104	0.14383336165957325	0.15182539288088684	1.1281856499816814	1.7325214912050009	0.49178203407994875	-1.1527419866627566	0.8276568167671274	-1.5580413041156118
0.23644819492558955	-0.10528047427054617	0.8635769203313265	0.43271604491266674	0.111934398090971	0.10437333872233638	1.0666972191784545	2.0487622533742966	0.4312220000873175	-0.9450015591659041	0.8231163087658823	-1.923443996812396
0.22451910712300724	-0.11235009088091408	0.8684926847310773	0.4274214362714433	0.14966461645000598	0.14447004063792626	0.875706726902714	2.240915540958605	0.39823380754547916	-0.6801459911427742	0.5519410014366374	-0.12827569996377275
0.2270589539854882	-0.09398285043770747	0.8680976453612185	0.4312979635436827	0.1036241853032066	0.11863749929043012	0.7124896805309183	2.0243248519099404	0.47577994305687604	-0.891608174800107	0.7835425647246311	-1.8645361365541497
0.23292602890568107	-0.11142321455592194	0.8704195354202374	0.41916603473453456	0.06598106548879829	0.131259213859798	0.8604946753033638	2.088845991172684	0.550473505602688	-1.065994208846166	0.05526041193691497	-0.8122854206040638
0.21319259728975212	-0.10768259629219908	0.8713156831181984	0.4286751162230999	0.12104073884788324	0.11882319485200536	0.9087704300398505	1.8048870260883896	0.467748183171464	-0.9493075750927573	0.7356237968177269	-0.6366617432661276
0.2143770614886331	-0.12205354700682182	0.8567925515625505	0.4528266012034702	0.11571230938275105	0.12369256540033187	0.9618988193500938	1.5721712039581388	0.6015727936145572	-1.1698585237270078	0.04481653076519657	-2.062219546040335
0.21332616389256479	-0.08408616127119359	0.8678947999861438	0.4406586904153474	0.13227141854140181	0.1073617088334446	0.9610344985573742	2.0149346460757855	0.4228633782249152	-0.9136018854668009	0.3116211036032563	-1.1543728157636037
0.2123075455300856	-0.09588722539249046	0.8724980743114364	0.4295093205512024	0.11462304330653156	0.14682877252755502	1.0941408582064491	1.777190314900614	0.5300152863956944	-1.2207461012551624	0.30714068764910785	-1.6519054795077066
0.20931621342312462	-0.10902511670522229	0.8696886686833003	0.43352262488765975	0.10267398019406303	0.12332954875752701	0.6685388278566845	2.0418921998063846	0.5997617444926406	-1.012460361898386	0.286858404394238	-0.9393304167712447
0.21902472132653703	-0.11762029931293796	0.8643675453065941	0.43710683277434687	0.0864699503034521	0.12891315854617857	1.0769075899534648	2.03047187985726	0.4037039219728077	-0.7915530407038307	0.5976410952292048	-1.4673602163507784
0.22045608817409798	-0.10521012658738625	0.8615604282870808	0.4450208656458959	0.11585247850870839	0.12129385843293278	1.1044286121792874	2.154531379825019	0.3580423537251551	-0.730919920909703	0.6239604430612437	-1.10579191264219
0.2076820674057482	-0.1119400234179942	0.8627346896595371	0.44724316125941527	0.12701327910431115	0.1024705730027687	0.6769610711132255	1.9359562124583463	0.4585634757045251	-0.7143771814076493	0.7814376656741563	-1.0471821822364331
0.21961348818560056	-0.10583095385634167	0.8710878826578433	0.42635152831845835	0.12027568157270886	0.11639592376828377	0.7798892342610543	1.9677277855431	0.514486328800896	-0.964440059812004	0.5101816187221134	-2.100005117928189
0.21247964891789656	-0.10325471940178839	0.875588995164994	0.42134875490849805	0.1231678099797896	0.10686587168349225	0.7808265213231322	1.9562725995575656	0.5729745733326965	-1.1050361304529717	0.45836593746075477	-0.8653060212035415
0.20510687435413502	-0.11068930481660676	0.8672914389662251	0.4398688529411786	0.09713658395404105	0.11591868499365739	0.9530277793611492	2.0173014002804597	0.5313200337718638	-0.9843574354974832	0.2052517516096067	-1.9245591643635969
0.2159164372560324	-0.10562743961873841	0.8625491334466723	0.44523244323908623	0.15682693043300963	0.10570257037204574	1.0414411017858463	2.089654888462409	0.46781047889598426	-0.9155866472305385	0.7723604805917786	-2.004225911511996
0.21112060472257016	-0.09258435166081036	0.8746865326823708	0.4263563036161368	0.10625482472419477	0.1353209715504666	1.0921651011799882	2.287181747866449	0.47393449203659166	-1.016439609884581	0.2710761108052911	-1.7309336089770797
0.22444543003807438	-0.09953770353687129	0.8706163929391502	0.42631395808166195	0.11298849711373567	0.13279535248156318	1.050434688596179	1.8572814242642757	0.4782237253079896	-1.0960118558257181	0.8240198813267896	-0.8912843449813618
0.21950328599367597	-0.10598960548436057	0.8713524819013506	0.4258278563593564	0.13895555800512638	0.1436704799688209	1.043376405335644	1.9983893509845845	0.47672920274977615	-1.0159392302184773	0.41087948388796947	-0.6830188064419316
0.21783690162543198	-0.10981904629248453	0.8700940559740281	0.42827934239267906	0.13343063073807443	0.13236951509568878	1.1212477767203946	1.9663418802283763	0.4946476410129431	-1.0710236953009329	0.5272534127046874	-1.2368981180174312
0.22079416392079884	-0.12232537121455947	0.869182245569555	0.42521602124379254	0.11460953606242512	0.09858181279482521	1.0820670027149695	2.0224610738099265	0.5601674821305342	-1.1250832133837094	0.334771358981887	-2.409826633234852
0.22628109429637805	-0.11162263447172574	0.8602307352015888	0.4431030761032464	0.10490576082862822	0.12026898531337422	1.2080470016212606	2.139273576089874	0.39772345990044583	-0.8501425733698149	0.10022948656244167	-1.2686830949539256
0.23052818479260198	-0.09927257143157778	0.8680005095736683	0.42845866540127603	0.12196442883502813	0.1288344813846841	1.0768893007686438	2.1784439388032792	0.4993755896395479	-1.0863401958368364	0.5491140909428197	-1.352223408258209
0.22161305856464614	-0.10911604114669929	0.8711950484984077	0.42426469250923027	0.10520387241915687	0.15694351559842784	1.0085236834426825	1.9978484119942674	0.44949929272656464	-0.9359870706489704	0.7636566991578398	-1.0585383166846427
0.22462587512513316	-0.10634500766507408	0.8687387952971082	0.4284003514409304	0.1288289308554992	0.16484337658698991	1.006283230651414	2.064121068797901	0.5344088575605155	-1.0989486492146499	0.8804928341485386	-1.0695445040456242
0.20628113042494095	-0.11054027489352512	0.8709382218722618	0.43208281213102573	0.13720672735833644	0.13337123781763519	1.1384375738903796	2.0010479882698227	0.43987821666988697	-0.9182233953531002	0.8221588747715106	-1.060489135698573
0.22411486735558261	-0.09310520308102874	0.8698933280360345	0.4294060377170101	0.06784881324946734	0.13448067137704692	1.223976612007511	1.8885692260724667	0.5142567606131276	-1.271114543654452	0.21943614930207356	-0.26794038576691853
0.22347141155083497	-0.11042680220230346	0.8634516404220903	0.4385404362510395	0.13498965689942144	0.1367014549016933	0.9942141501036051	2.097451900982003	0.5970819929598845	-1.154089606703592	1.1651094774495028	-1.1254414185913375
0.24154048675884918	-0.10873749929063614	0.8631304098347921	0.42993051196994736	0.0984452618051202	0.12592468859316622	0.968458124043372	2.3527934928394934	0.6150096327470046	-1.183722643833176	0.6456383880568383	-1.3542333015925927
0.22022470912742795	-0.09846806290119108	0.8674935740824449	0.43504024756784576	0.11081885126846931	0.13468100995490154	0.9583769048349002	2.0848930559152654	0.45333656107311254	-0.917224211755069	0.2578277835870426	-1.2009519230024917
0.21292345116742484	-0.12109501246005132	0.8654719619589175	0.43698728238157597	0.08423349219655635	0.13073264083558486	1.227100473118865	2.084521531094381	0.48312846399657655	-0.977116414397158	-0.7033364527027021	-1.7254702379727629
0.22366259619264547	-0.1021612948671071	0.87621983445859	0.41445978646522863	0.0976178021518795	0.09900815368617427	1.2525420872965578	2.0497197320356397	0.46291709541973375	-1.1493562208418908	-0.21229481484760368	-1.5525540758985148
0.2303792218059345	-0.0927342804556975	0.8681600080038135	0.42967891255130786	0.14053223707225695	0.133947003430766	1.1148559435398455	2.219679236836119	0.4822213236343703	-1.0930128109508415	0.7071251328942924	-1.4812640471552214
0.20251147890376298	-0.11311209655331637	0.8708418754320796	0.4333926424380808	0.15787098198728855	0.09899594111164223	1.0377154097981283	1.8870120719045544	0.5769723070687895	-1.1517432178751714	0.34795190743210397	-1.5389803314797657
0.21439361752359667	-0.09589484751355565	0.8695313791178542	0.4344591300857889	0.10580219829234278	0.11618066754090746	1.4129447654312066	2.04398895918712	0.25744129858470727	-0.7613411585944148	0.14500213743438292	-2.41680134369873
0.22441879617351373	-0.11825955118665236	0.8632694526372012	0.4363676599160728	0.11319237124889588	0.11368628610677495	1.1157527501989333	1.9523808552522328	0.5664413323741763	-1.1653010775063675	0.22864828483635216	-1.891530216379514
0.19237437519919784	-0.08221418024485842	0.8668606852934114	0.4525322978816223	0.0765443457145459	0.14115965427701138	0.44857660162126917	2.2904206277708417	0.601337226008778	-0.926486774382369	0.37043830907131686	-0.9394269599772437
0.22993324019626354	-0.10794906941527375	0.8624473798995942	0.4377924398268532	0.10512777988863604	0.11230273751363662	1.1463405217603726	1.8508749993423201	0.3444647098463194	-0.8242815782090543	0.9460991814211569	-1.2379965044507741
0.2249860954537828	-0.11209880435458126	0.8668299762762195	0.4306052799765738	0.14152771375746706	0.12135603170206201	1.0231942672781367	1.8734999701902968	0.5417697069017836	-1.1374909259738306	0.4401001053554093	-0.6987376502296124
0.21921239034904363	-0.11442366767484119	0.8577997381503981	0.4505915682992797	0.12486802997916435	0.11245868250548645	0.906953510962269	1.921126768778092	0.6500619822170096	-1.1909145931742195	0.22252195101674568	-0.9514153629229075
0.21130658048343262	-0.10407213109389203	0.8701600599938208	0.4328278994768294	0.14085898321868015	0.1332572759333945	0.8720151103655357	2.15672179672563	0.4654348872255045	-0.8428540474670402	0.5655428680816766	-2.317735125128982
0.21703495860075464	-0.11203628427482856	0.8637261767884594	0.44081831776986014	0.13752287983516245	0.1213390125489326	1.2090789950111553	1.8873859216445974	0.37833394620511285	-0.8568918796061505	0.5233434317540657	-1.2271493783831389
0.21502768470142283	-0.10596641731556353	0.8636669823215414	0.44341127281661596	0.07884087638752048	0.09827815919206373	1.0830182497826295	1.8718671839618928	0.3546883001680209	-0.768713928427735	0.29412927989692705	-1.1236797500531506
0.22252555966392162	-0.10971181483924276	0.870547415314045	0.42496222263981737	0.12285023867132096	0.13259746988524343	0.8799222384746405	1.799490687698616	0.4896155352330393	-0.9991790223155413	0.6825231478340488	-1.2680595452447811
0.2180363825494028	-0.09849294938514994	0.8666461313977021	0.4378170368311194	0.1124575177592514	0.13016813996173185	1.0184817951246916	2.162504587046619	0.5156833754692973	-1.0415072861057657	0.9239125671444715	-1.1253817870051452
0.22428236697886486	-0.10642567234138592	0.8610320289085757	0.44384100905912616	0.14149781418056376	0.12579394306262057	1.1845408272410576	2.0395674409502704	0.5295949050183615	-1.1369104016893075	-0.13207404759864022	-1.8694064966101154
0.21916441028120404	-0.11846768896390349	0.8689010365467976	0.4277187821753268	0.1278531066406917	0.11000543716131024	1.0538881901127515	2.0272280625341623	0.42009898283158614	-0.8319442974705539	0.0792489831020945	-2.1213539026509074
0.2239526763344649	-0.11979442834791779	0.8726060769047037	0.41719675004535717	0.15765182042151707	0.1337590551699331	1.0486640961670037	1.9497984847248067	0.5331667395017534	-1.1182270065219724	0.801319009517982	-1.7109419913270616
0.22936938974257315	-0.09780411078111316	0.8584737621677334	0.4481593897632996	0.08068791593780618	0.11742351899060133	0.9621879305611503	2.1586694007093694	0.46544355851346975	-0.9129359092835027	0.845075648114837	-0.9369900810632602
0.2179655168656395	-0.10581362611425861	0.8650685201790879	0.43926184148092084	0.11384659422209448	0.12110400532876965	0.9418112117081635	2.087275114840416	0.44861609234589	-0.8480223932696581	0.44267652173589433	-1.555149344336172
0.20656978120882777	-0.10459248201851445	0.8707731654695121	0.4337550374286728	0.11667500973742151	0.12044455033616597	0.9212621203261463	2.16592705493972	0.6235528168690329	-1.168259142927794	0.5140387440266192	-0.4841541214316449
0.21239857346282448	-0.11333754405179636	0.8740568944875038	0.42197866332093725	0.08271463742997719	0.12784279591977446	0.9265209475192662	1.8984053729115589	0.5716387046785737	-1.1405218267402386	0.4041804254037818	-1.5403137450746236
0.1989805356018348	-0.10851880123508602	0.8717140781156496	0.43444790509920767	0.10729052341967682	0.1011684903056526	0.8032949297020864	2.091685763465168	0.5009634981146323	-0.8506192649054726	0.25664034734928126	-0.3881243646922079
0.2033733873103024	-0.11301161693470395	0.8701668490728893	0.4343699972906703	0.12807450082011798	0.14330502868913983	1.3153504393535378	1.7250669271133716	0.3754729357610553	-0.9192135173045044	0.5982453988918058	-0.06900809699943
0.2232518631143718	-0.11839874239112436	0.8650718383725571	0.4333486562467758	0.11043378897021992	0.13188235574000826	1.0630499537261606	2.0496448811475934	0.5596650052055533	-1.1048907952076943	0.444474098445285	-1.672320382412807
0.20567889568430214	-0.10235558760128191	0.868848307681976	0.43854548657470926	0.12390576110233208	0.10162965199272718	0.9538136356434196	2.0522781538741555	0.41462404095962896	-0.7897985632551597	0.016330992648644776	-1.3547649590839643
0.22418897764259224	-0.10355882889085449	0.8744236602733058	0.417610025761545	0.12721806786566184	0.11655940372030939	1.129647807602731	2.0095617662249143	0.4298722391479697	-1.0082065918470666	0.22533328360022398	-1.5962535509701894
0.21634143732370653	-0.1110422073736173	0.8601336466853544	0.4483705170035839	0.13835773026392686	0.1284892196268526	0.8708790027641456	1.9099480644499884	0.47737662171397505	-0.8629694548395559	0.45942199635520814	-1.6379600014650222
0.21264596648472958	-0.11106544080536915	0.8670891303181919	0.4365805777637454	0.06760159050263015	0.140335368009463	1.102650089583601	2.3032210578968297	0.4812761457771116	-0.9069921264924118	0.13936609690065774	-1.173977651608834
0.21642549689003748	-0.10818430836477587	0.8699097363325853	0.4297827478544335	0.12333489796786486	0.1201382312655624	0.966400566379905	1.959226798633968	0.38230660169195035	-0.767290830904588	0.501845651624617	-1.4295991499582994
0.1946076320406766	-0.12624006170075738	0.8784783781213514	0.41769253709707277	0.11086725091238704	0.1347538850344092	1.3958600636081724	2.1058121319310183	0.41544258350865104	-0.8876493166810314	0.2966032100405727	-1.6915834256455724
0.2278333033532111	-0.11742425223932787	0.8681215151942812	0.42505125070511657	0.10577970937658386	0.10386943361694852	0.978552313555121	1.919885429011789	0.4214953697974521	-0.8549907656720683	0.7870061401127062	-1.1696610688745521
0.2146065284456154	-0.1063274792751484	0.8694535096071271	0.43207534034166234	0.12343847620460839	0.1372825064403914	1.0046455020760314	1.8148040844887834	0.5181473821817567	-1.0950520790995362	0.3508105479284996	-1.4227867178682512
0.22139056307775834	-0.10595571775539325	0.8694824824208143	0.4286721558701835	0.12209580281150507	0.1107772643363355	0.9859376066756775	1.8943731575760985	0.5352524747680277	-1.1266191614352978	0.275298477673312	-1.485710614120438
0.21527028457808203	-0.10872831540209067	0.86824188125463	0.43358147290090265	0.13578410458168713	0.09690485461297459	1.1920267241215743	1.770977199475506	0.3728642558930386	-0.8943853735412178	0.6519170977550016	-1.9810240085152107
0.22109507493246316	-0.11904882318371766	0.8606079846527496	0.4430555747207262	0.14564927493377525	0.12257192046150223	0.9630203880974293	2.0948800826058633	0.4571367411926173	-0.8056361464273425	0.44226609712345827	-0.7871133461488874
0.2090944955675581	-0.11573095518433438	0.8624008259219994	0.44626298679648907	0.09689943573985325	0.12455572926394719	0.9271826698146679	1.9119979927784287	0.431158308529761	-0.7717931582915886	0.6069235414704078	-1.6055114657080853
0.21996105151723847	-0.1176727727738991	0.8681529541088555	0.42904627097225834	0.13270671056205824	0.10014679317810027	0.8188284500380445	2.035308622538228	0.4867373640172515	-0.8464645023988955	0.8245874671940362	-1.257497684369361
0.21524391904886267	-0.10998482546226043	0.8626939385084436	0.44422129838776603	0.12698861800308942	0.13953947256930146	1.128678481232952	2.3487972388045173	0.42339056887703547	-0.7875930396678157	0.2881407253805835	-1.9954754634041334
0.22496162063737796	-0.12084923382832088	0.8575358948956929	0.4465645763926596	0.08946126415359035	0.13993630978974467	1.0698583538394277	1.9388786238945013	0.5694399464359835	-1.1077463219334338	0.5116498740118978	-1.632294713484688
0.22463675854984122	-0.10269135187863804	0.8628210876286846	0.44105848104396755	0.07710537397508337	0.08596335035743248	1.0793950950023226	1.8523787084513326	0.3641389318826947	-0.8308088531967083	0.0646226688210938	-0.3897357249555566
0.21556685889733418	-0.10941549999704223	0.8694605709714531	0.43081027521581794	0.14807381068789566	0.1184403437478791	0.7556784341500543	1.9040250276307962	0.4757317871515333	-0.8546671898265815	1.1512291770821659	-0.6876171873012984
0.21094379050233994	-0.12061405514565038	0.8702462787678401	0.42851648887826216	0.10663371202963207	0.15512929226228547	0.8238855783989966	2.0408826448717705	0.5740407093253052	-0.9969072771113164	0.8791715112919868	-0.7321722078521544
0.229846257743105	-0.11046453034631105	0.8692123329355549	0.4236014702637248	0.10837279397770057	0.13233859608337636	1.2303249149962032	1.8359917292688674	0.307685821523006	-0.8201527816876875	0.18178931859707523	-1.596835680831873
