0.21645138008193032	-0.09500595021239194	0.8630248237867258	0.44644240727417356	0.2455731976379121	0.12394499925028733	1.0696104979846606	2.2764868257740383	0.47209432586079597	-0.94674697096461	0.9091088409434128	-0.31935545748413763
0.20672165919877744	-0.11033256792300757	0.8686771016969478	0.43645500691481354	0.23841968304358785	0.1185988076547354	0.9509119086969433	1.931617958848272	0.5437541455922844	-1.04432412477639	-0.4844268702339449	-1.522247351392678
0.2123723076563436	-0.11956815642990243	0.8691080723651046	0.4304098250022713	0.2351060531209321	0.12436570930072198	1.0628576836791375	1.8764539978939807	0.4222396206659805	-0.8557640537846714	0.13156234500469274	-1.3056819442347873
0.21554023326496802	-0.10837114302276116	0.8669625789468305	0.43608942879859425	0.2536885739202917	0.1309246090467687	1.1890334553388544	1.9586979413120045	0.4115418198770777	-0.9190994888286809	-0.047252864210981536	-1.8415746206469124
0.21286119104966164	-0.1299825619210908	0.8610393949620586	0.4431769480294764	0.23445705057912222	0.12658819193432727	1.0629336877239166	2.0149344993250207	0.4306883404536502	-0.7563358428773572	0.8076322655108686	-0.6056703865079824
0.21147317089802678	-0.12061126960817109	0.8729807681584011	0.4226542299083342	0.21488553929686693	0.13639260286709842	0.9627750821732041	2.0289983608714923	0.48253448708437874	-0.89937431462936	-0.09080203427348123	-1.4505905410513844
0.20721158489767447	-0.10545083307538618	0.8717052264772388	0.431362352344484	0.23181493145004095	0.11088726080278806	0.8535363814249356	1.9067517944424721	0.5771123993143644	-1.110124593199712	0.16193532958595572	-0.7559430552098925
0.20763796311469315	-0.10394277175936352	0.8683568853289395	0.4382221995453738	0.23404961108868028	0.10659712368131702	1.1384933836296187	1.847791200289153	0.39635041217793787	-0.8865445840637786	0.10317998470734628	-0.9065302216852907
0.20574638281148314	-0.11076764578900386	0.8673175708988501	0.4394987893230998	0.24606550008968694	0.15525336907230702	1.2203135523741462	1.942638985306583	0.45257141223634334	-0.9747846879291344	0.22472095267402606	-1.2337111501972624
0.22088273307609887	-0.10920812345253449	0.8611851071690058	0.4445723958942085	0.24976220078843384	0.13141431180477156	1.2624414947459117	2.1964086496053135	0.4158037160644433	-0.8931499845630478	0.27262909208719993	-0.645925446851108
0.21458247359432558	-0.10860118264915565	0.8704577578188718	0.42949206861860384	0.25019712212334005	0.12700619660874737	0.8584790835688907	1.9110600225721073	0.4534674714237148	-0.8647318362133354	-1.1791314534438384	-1.8273272144116544
0.20943102184896656	-0.1120645704047836	0.8662180636115222	0.4395980498368866	0.24261092622309724	0.14113438493301927	0.946961186844797	1.8900004994282813	0.5009297500098784	-0.9564085946102875	0.21159548657286434	-1.1243713270246767
0.20955623846031146	-0.11968987567828844	0.8606790837095475	0.44832134841804555	0.23876668225815054	0.1333795707553908	0.734210819587571	2.02399429639931	0.49274973638590336	-0.7488071328196952	-0.0032856682229693477	-0.8684864926138253
0.20554984676146915	-0.10446384885519916	0.8704624750342267	0.4348926814008061	0.2158704354301225	0.12007851439441909	0.8225926415949406	2.0689451009955127	0.5970733452885167	-1.0868974927357404	0.6323912407425855	-1.0204364012410323
0.2425085087483937	-0.10974451254998406	0.8555952878540677	0.4439622377541943	0.25798229132973205	0.11239577790518022	0.9775359077434753	2.2886939794778183	0.37215865300605605	-0.6854329806662138	-0.2604178952002261	-0.9203788296264931
0.20496712983427723	-0.09421194460678084	0.877461799379401	0.4232887617345529	0.21078624845165936	0.13773650242916866	0.6669619682680894	2.151787584606613	0.5207019970437421	-0.9234294274261529	-0.06289407672410134	-0.970844367787619
0.20938315205321376	-0.11934176607601366	0.8688741782369922	0.4324047882472051	0.22070451038204567	0.13722175031359166	0.9179205553277007	1.9216782116776043	0.47170091964744826	-0.86194553497123	0.5375364366608971	-0.22993745713644717
0.217778619928034	-0.10633743487535588	0.8675451404673143	0.4343158434802007	0.2179003956406386	0.10404583444503877	1.027448921768462	2.3015248863775586	0.5370461976948948	-1.024438737858375	0.5220088326328236	-0.28222295608131215
0.21530532557377427	-0.10265420574670303	0.8650213822541489	0.44141107718906014	0.26070157446292813	0.14310278389453904	1.30461738448841	2.007889134926456	0.40362978211823	-0.9603773450580052	-0.4793395064388645	-2.3238050984132226
0.21952526825413646	-0.10509451096484075	0.8674749597075779	0.43387900922186395	0.24887336772039914	0.11043779869186794	1.0877466514101153	2.2203679916959573	0.5607022540977882	-1.133575356313213	0.2357830758165511	-1.081606066849651
0.21624761204413326	-0.10436386964773632	0.8705635647065108	0.4294929950567915	0.2257504092868415	0.10211225440859413	0.7236105939096492	2.0332968074483215	0.49307201677348206	-0.8696925837988667	-1.0989081163106997	-2.376633416501441
0.21321961862025873	-0.1100782758362434	0.8718810345561114	0.42690002226014967	0.2717336586039617	0.10296456217196732	0.8811772611632414	1.7193520339351085	0.5818846488855924	-1.1851842009633806	0.46500324928165204	-2.3892611631607306
0.22180127516504347	-0.09736312923619335	0.866748656961859	0.43597176635111423	0.21958785069755407	0.15075961593775444	0.9007316495054326	2.229424924113998	0.43837325032058105	-0.8318865930969416	0.0332162174974168	-1.4987865420237076
0.219941625693082	-0.10099265307806239	0.8616920379231948	0.44599663349795576	0.2473896095087236	0.1280977596906809	1.0401464290043059	2.1836318042932357	0.4762751431242495	-0.9386690269393353	0.3115425392955118	-1.4994651109723247
0.21824456834610517	-0.11128816758322578	0.866262192513417	0.4354010403814373	0.20845031481866727	0.1347851262151902	0.878639821878987	1.52696534557897	0.41461162432858795	-0.8750267748183855	0.11675350433251852	-1.1065037938231996
0.23009770770998916	-0.1093348996157664	0.8567565738555034	0.44840729007008573	0.2711210358526645	0.12494222917744485	1.1511429346672362	2.0187970978481635	0.40259576291704513	-0.8676864707092243	1.1103763233843735	-0.818579719461853
0.23147515622244103	-0.10646489782735669	0.8595293910213264	0.4430504526043449	0.27533150080184726	0.13815929908494418	0.917296895129603	1.9391632502465181	0.5537822540293195	-1.0876204854912657	-0.48102184064954145	-2.3837631858189634
0.2112885142600333	-0.10038172584733285	0.8709721358650441	0.4320743123634889	0.2794833243765579	0.12833098173804203	1.1036604934008123	2.2283501226963938	0.40321541205252015	-0.8347974714484316	-0.2544350239197704	-1.4530083235763673
0.20811349539257215	-0.12072123544212479	0.8670400044786816	0.43629896514021294	0.2502294303615405	0.12109796429103337	1.0348414714266023	1.825095948333721	0.5247101830123064	-1.0313601303108972	-0.5102479311968483	-2.351702164493834
0.21404241695972498	-0.11674526495496763	0.8678523318884069	0.4328841841514751	0.26578825726546135	0.10810115375834224	0.9476327985992135	2.264301386873297	0.5674169277142549	-0.9954654591239183	-0.37737061324949783	-1.5982312198810595
0.211657639163997	-0.11964043197754544	0.8646417342383502	0.43963835391495104	0.26241516026288514	0.1438798235008728	0.9840673798637338	1.9427599921507364	0.4587132106264993	-0.8472311761426647	0.7123610218232944	-0.9242247038618178
0.21433638188315499	-0.10712867995090337	0.8641141038069091	0.44259482253546256	0.22660143794763565	0.12996854009425646	0.7823724325125812	1.9190533938484207	0.5111967701982721	-0.9124317276623729	-0.18523234691192147	-1.3986073314830356
0.22678195396621864	-0.10405842776988522	0.8681253002406403	0.4290690527728859	0.21215550061576302	0.135391952023739	1.203883210436825	2.126026733229126	0.4697765834378878	-1.0711863792696767	-0.03972650204726811	-1.4649219655789247
0.21817269670164124	-0.11451520952243877	0.8650567983119148	0.4369939094498971	0.24198649943566528	0.14015225985432933	1.1587594698922694	1.8643739118051545	0.5007932281308436	-1.0813081957467339	0.3512955827980164	-0.7360137206874761
0.20405540234947286	-0.10500292153620851	0.8688949733781963	0.43858557258414155	0.27263774473503505	0.13355934639151945	1.1834092674804133	2.228436124822968	0.4843746474090482	-0.9766838532746073	0.1713298204058095	-1.487499077547772
0.21897995584335742	-0.0901028405228032	0.8670014079316061	0.4384493308390109	0.26130474618885763	0.13832947144758914	0.7389767187498592	2.176933435923041	0.5856531079823359	-1.079794719516684	0.3085097317964128	-1.3340829306449156
0.21449690688118533	-0.10128868223416201	0.8705792582889144	0.431072424108519	0.2619164410556049	0.11101202325751021	1.1948655773726804	2.129617158223676	0.4313673402609928	-0.965332716098825	-0.014796907984517235	-1.2127579200525134
0.2217956121700311	-0.10618083880446091	0.867992340868327	0.43141816383507137	0.25776256192020397	0.13568799478540164	0.9011112867284694	2.1439427964990063	0.5479854415895717	-1.0381205260762505	0.17447052655836773	-1.6021771504285736
0.21070675408857362	-0.11203406805989462	0.8715320110791352	0.42834913918410794	0.26187371968874634	0.13311527393934341	0.9770497467957757	2.161547863542517	0.45963654066571885	-0.8504556344324388	0.40456980502382134	-1.766233281557566
0.21098676479986211	-0.11441896265286836	0.8671642912083103	0.4363702305587745	0.2483341536701267	0.12534221124435196	0.8222771648299363	1.9277281427798476	0.5933183009455627	-1.0711669943765352	1.1724190011448714	-0.4521972775095637
0.2246034919339212	-0.12043385311540303	0.8680680138733451	0.42603624461406175	0.2322079529764911	0.130449749540081	1.1720806545660827	1.9087627671111926	0.5258820303428047	-1.1498437724997947	0.05277395424131411	-1.5677808539834526
0.22020265224420207	-0.11207655015429253	0.86575182334705	0.43522800831448055	0.29134248210994784	0.128798425403347	1.162191888917412	2.0248153307043584	0.5085410747013529	-1.0781791913583474	0.4664691607240023	-0.8935445715631972
0.21322268879260547	-0.10362044666692478	0.8701906615945705	0.43193413906543965	0.25671580814368233	0.11753929939453402	1.0410566713076572	1.7889321269180023	0.4552949155849523	-1.0020054014336324	0.009278705761824694	-1.439341213792508
0.22056280741927717	-0.11009340913871912	0.8689023994881425	0.4292319995192458	0.20228307557401057	0.11523556247849974	0.8451606945573333	1.8204063241674129	0.49464834605767044	-0.9687008716143598	-0.6878162150210745	-1.5067676765907676
0.22320144111481063	-0.11811100200558013	0.8634821976631378	0.4366112712795531	0.23146715505579574	0.11715855542449365	0.9248878982008558	1.7797750686101377	0.5105383003276542	-1.0010415611287926	0.4856539191892977	-1.2519831633023293
0.21273063253148936	-0.10487177771285543	0.8668943493028719	0.4384538463382983	0.23250381511374218	0.13042500746167376	1.2048870518954535	2.1130261415386458	0.5513466469473955	-1.169288110685296	-0.4820309699924001	-1.6386576027661055
0.2353087143737437	-0.12371970042862977	0.8637547474939141	0.4280782415018902	0.28262989462922056	0.1166188355472973	1.149379651532775	2.0016058222053763	0.5350032428092036	-1.13281292837916	-1.949367459269191	-2.7051060621342518
0.20630302647620447	-0.10252864637242243	0.8706943389873472	0.4345322841805701	0.23563113788406156	0.10978873520959177	0.8970476149657084	2.0515410815143365	0.5702908511885889	-1.0845475483841143	-0.6156326526014495	-1.790376873392005
0.1919196241632051	-0.11293674044485189	0.8769677051894547	0.4258401044682003	0.26000017573352124	0.12454885477471468	0.5977441783877545	2.1438861869018675	0.721783924588184	-1.187244946899957	0.8625275262419803	-0.774143510039734
0.2206922277483941	-0.10291735469107341	0.8670854506825677	0.4345869072227687	0.23910763619063113	0.09963200215079034	1.2766118326500302	1.8413091305377975	0.37479105943769175	-0.9600186112014873	0.26632789374353255	-1.7366146934825082
0.2216087467201848	-0.10958499095989205	0.86567387901888	0.43530383448556337	0.25523491808424087	0.1190978133821254	0.8508759315584962	2.0690965960359655	0.4640269322495589	-0.8350847905454553	-0.008360897501548522	-0.751765909768524
0.21160320781288952	-0.11672471966997432	0.8652022519967462	0.4393455193819779	0.24663021627342305	0.10663908331761991	0.9213052052680162	2.0584471307987795	0.6111347204974175	-1.1003517451123257	-0.14328443341861516	-1.45065776209168
0.227291983205997	-0.11397287525326429	0.8681548531353289	0.4262108504653115	0.2489122114936553	0.10185008423023578	1.0988383110058308	1.685554929510542	0.5584659753083209	-1.2728079151439602	-0.02224133931176031	-1.3993513019530213
0.21340333167869766	-0.12371074097558382	0.8692707034333623	0.428395978912234	0.24696670966050172	0.13371164026856938	0.8276062826224851	1.6320353693108214	0.4837491177542734	-0.922563675954935	0.05912535812463665	-1.3705436016469437
0.20354241752347701	-0.11825593524573058	0.8660614194753106	0.4410483371970312	0.22396459341142835	0.12492837600730426	0.6993342753496539	2.148486280700888	0.6600684008811432	-1.042817015739583	-0.1450130026914462	-1.283435793617511
0.2260619294697916	-0.11124680684389464	0.8646992444104752	0.4345289043635481	0.2411727516818589	0.11055882740486213	0.9969928381739926	2.1282581368708606	0.4765539241105231	-0.9221389345430766	0.6353736346540425	-0.8247790239232766
0.19917496445435728	-0.10743633842757559	0.8651886988202288	0.447476571625421	0.2677999156815169	0.12903631796889467	0.8521686237583788	1.7786611229491536	0.5024470151095732	-0.9237339392325266	-0.1601717518467607	-2.392485488770037
0.2142090980230667	-0.1158514327365691	0.862291603898502	0.44401137114175043	0.22380466069484609	0.14590382369327085	1.004347006482469	2.1611430942089838	0.5804178550221581	-1.0478519603899397	0.43247464634875277	-1.4877857809151698
0.21368991226458114	-0.11783850252827158	0.8711355498374572	0.4261144946227963	0.25006483827648557	0.14656003866130543	0.8546586462265907	1.9237468276794976	0.6005188719111213	-1.1242842696660877	-0.4634678919833037	-2.362748800146392
0.2078437271285789	-0.08927324632123051	0.8695440865894223	0.43900382009948036	0.24290414291038986	0.11920414201566382	1.0872750604496126	2.0159681379855	0.3763133877169968	-0.8501802142150762	0.7394916681820322	-0.49980259195149185
0.20601544459663562	-0.10320162267668069	0.8685582574587165	0.4387637349016306	0.2322896391704333	0.15937078861907725	1.3218434291481065	2.1398245717645485	0.46267497811042285	-1.0332370941106401	-0.6484689259449796	-2.1515004433572953
0.22701928861948256	-0.12035187382607901	0.864496999337372	0.4319983879575657	0.287167509876847	0.09249273804995171	0.8497252627824243	1.9513386438560245	0.550103749313198	-1.003753289629514	0.4597256686314895	-1.4823962028163529
0.23033534773682549	-0.11314276962857289	0.8614809597226879	0.4381722233312011	0.25862770718336325	0.1322806953825334	1.000999291652837	1.8386197165197813	0.5067338584585502	-1.0477171741401552	0.04960338042707474	-1.331219007231046
0.22675029591228657	-0.10245527023469857	0.8680428856670338	0.4296379517078003	0.24718364070937082	0.12677761563154843	0.8254789003476612	1.797423925434957	0.4554826778577913	-0.9272936140576562	0.588746652544991	-1.1968231550621342
0.209016940076149	-0.10398865948961357	0.8666219485191697	0.4409814914524126	0.22313888933517842	0.10882710369946001	1.0345290414119477	1.964205669164593	0.4611917750338119	-0.9335037929199601	-0.8004762337292509	-2.7042648158602147
0.21827352686516327	-0.10963237127793649	0.8667425451736329	0.43485028575792906	0.24172069867874504	0.10559565768583418	1.029408526323529	2.0069144610641074	0.6160840676035438	-1.2387162403815086	-0.008109859108448006	-1.2345966427963886
0.20559587610875454	-0.10313036431599013	0.8766049495964024	0.4226798150210316	0.18280523728771955	0.08038360131032676	1.1497920762278697	1.9895603167805607	0.4885747105100894	-1.0871005004453962	0.2954395057026805	-0.8654645422125283
0.2056418567836227	-0.12299245500474928	0.8688296867481254	0.4332658054539301	0.29939498491218897	0.1379291508361809	1.1045106065500492	1.9434873155298826	0.5861543563418627	-1.1479503697412892	0.2639473948127153	-1.3216458716635027
0.20974967364737884	-0.10749051923560111	0.8751454737773686	0.4225769307549382	0.27761061367529133	0.12811563681329938	1.1058462775786915	2.0549875438320915	0.4097879719638737	-0.874830781531881	-0.0507248890813999	-1.3689061819251969
0.20187153712702777	-0.10650063940055282	0.8716352655252659	0.4337712072025341	0.2545418705651579	0.1345471125486022	0.9787349254849573	1.9947886869132965	0.49670803014893766	-0.9638276631267797	0.09730266989661655	-1.4808839202271393
0.22183988533638407	-0.10339310525634281	0.8680976465655604	0.4318604023139031	0.2503418189660254	0.12192332082511927	1.0982539173344108	2.02026322763641	0.5499201694034463	-1.1858916368928412	-0.0018823044397488682	-1.2549605374770634
0.21978054116704626	-0.10421335397762367	0.863980874739715	0.4408776912716858	0.23284887046305167	0.14218330304609403	0.9410253514406455	2.0670967578877315	0.47846037956193777	-0.9181244597576146	0.5957747289208126	0.018758106549056276
0.21474736351554163	-0.1195524048626339	0.8664266230869324	0.4346213284698067	0.2576060572566006	0.11069578436128434	1.045308118946363	1.9390510515251003	0.6068953964984259	-1.1929678578464695	-0.38226433829546735	-1.3534855110577577
0.22517173609701227	-0.1013597449240762	0.8697498735555241	0.4272692930952721	0.25726923321638223	0.12979219172906709	0.944080425471736	1.6549294968179797	0.4766111535058839	-1.0751287178232618	-0.3460622425748623	-1.5680028591531443
0.22336324150459988	-0.11489445206677813	0.8654489639742182	0.4334815082385692	0.24298181478946748	0.11647711916131447	1.0871046162955378	2.11565356267831	0.4969588043921169	-0.9915874802802307	-0.2268363315853014	-0.6615332904944572
0.20724961747193657	-0.09479326578623959	0.8689493181308774	0.4393050367787725	0.2521680833682656	0.13383402766852462	0.796460808161698	1.8875594910426219	0.49101412664311433	-0.9396765920719538	0.06387977113733238	-1.8164909136322585
0.1995789155453788	-0.11344749665883731	0.8728104553404916	0.4306969131766529	0.30903105321878116	0.11071406502656839	0.7127837541388554	2.058792204857916	0.5948594405683789	-0.9934859363575522	-0.181665561474603	-0.8724423001040925
0.21722191463111246	-0.10619325813802427	0.8731144359469317	0.42333061957658585	0.24669056703188885	0.13236448513033994	1.1900299885189731	2.076141343084454	0.5714568678950898	-1.2684544775302171	-0.47769284920142735	-2.0185430277500784
0.2090422273186627	-0.11334237999534169	0.8634844037254903	0.44480280644065	0.2657053883946607	0.10697119220565364	0.6543944453140734	1.9545211414981587	0.5973293681966446	-0.9690824373144328	-0.16488703961553544	-1.318098507954476
0.20553738843287783	-0.11235052970603332	0.8715414058298705	0.4307520381322172	0.2615818951354771	0.11071185648153609	0.8526321379302154	2.0451267006207456	0.5154484978045797	-0.9163309474156633	-0.22409751414027623	-1.1447186094200192
0.22123102575852424	-0.12355797776251258	0.860270293316762	0.44240850105955487	0.2237642590335145	0.10789451966612502	1.0102225145342072	2.027849311255031	0.6548968377016993	-1.2122820795856384	0.23535683609479122	-0.9054271890643321
0.22121098714740253	-0.10443407553470833	0.8709071274988639	0.4262393673795982	0.26186299046070366	0.15024220322097073	0.9051464602315574	2.061238660487698	0.5641380044837215	-1.1173923233375718	-0.01210459093595806	-2.678033096211589
0.1756246300227628	-0.10309943623301342	0.8769246041440166	0.43535012831589054	0.212763507319919	0.09779724271309749	0.9613609654977211	2.1726091137413177	0.576692302903358	-1.0349360876079212	-0.1077803585659007	-2.137132567284272
0.22467187416993256	-0.1070552245104998	0.8641261510299555	0.43743310684964276	0.27640775607643087	0.13804189090721186	1.2916145839541715	2.3904301840367252	0.5625755801725196	-1.1897080761888432	-0.3313302493673862	-1.6343868157927421
0.20989128827686154	-0.1055408111418436	0.867001299521822	0.43944912210228937	0.22491970344524367	0.11209113724671083	0.9920292873833814	1.9524346134548065	0.5029099142131505	-0.9971127474344066	0.004666889290140659	-1.7180810680995766
0.20685990153580452	-0.10567032803652493	0.8701873464395625	0.4345304880048386	0.23097446330299107	0.12121677236178004	1.0483999163038502	1.8967933322975714	0.44446828123640963	-0.927916027002819	-0.3618920797296428	-1.612467418289878
0.22875298136140707	-0.09966586354150962	0.8698020865659942	0.4256561045823681	0.26475375602013834	0.11804500555220192	0.9078450130211225	1.8150637904279456	0.5434325506167778	-1.1733676889495774	0.173479968191755	-1.4374520003164435
0.21787813876401121	-0.1085848044588657	0.8638158210072069	0.44109033572161305	0.23655514972814848	0.10614228037834368	0.9515514413499325	1.7379643283182717	0.4555660560843201	-0.9343458099526665	-0.9500522300609436	-2.6160382074607393
0.22132470605740961	-0.10642038116214261	0.8680251787309907	0.43153489551939733	0.23908437780103411	0.11350019783705216	0.9824896501914909	2.1547611977725474	0.3626512834994387	-0.7019807050939547	-0.2686560763434418	-1.1978818474694737
0.21921483843483466	-0.11355080025233467	0.8656437041797036	0.4355594652697672	0.2565319842707509	0.11311515144671781	0.9467181239912627	1.8696143219076287	0.5284613051114736	-1.039347542522562	0.4059562802749295	-0.20281587033742132
0.227078586952059	-0.1055704468114835	0.8604737156289554	0.44370618749300733	0.241231820155555	0.1254706128103764	1.1098251853566825	1.9846190460775648	0.4182110087571931	-0.9068162837783033	-0.4357557510641458	-2.130284950669234
0.2179197284555546	-0.1125621256871486	0.8675553153472646	0.4326529031722268	0.27054571528090615	0.1138206929872078	0.9226653976973858	2.0723109565800284	0.48145504975263226	-0.8909963419900091	0.20905720076907416	-1.2300712501800874
0.2276301562086089	-0.10509904337316651	0.8657736995454728	0.43309883888303724	0.2226256862757379	0.13659116634436244	0.906764474471432	1.9478598826950224	0.5568376707627171	-1.1170294064568156	0.21010210140037108	-1.1604907536581068
0.22614253786166277	-0.11499413482348964	0.8630043582622274	0.4368745576776982	0.2342748231862676	0.13526547279912318	1.0335564706851847	2.0027476724241486	0.5122845706342066	-1.0198137125220743	-0.5794278364985256	-1.398197530558155
0.21520097134525487	-0.10469103248345699	0.8681971344588693	0.4346976712233625	0.24449699150139195	0.13180261430497361	0.9426508800266763	2.060345283483387	0.49666984190429436	-0.9624322172165023	-0.12949537017737395	-2.0791779440058478
0.21952271557744163	-0.12246510561806193	0.8695177219249745	0.42514821710771117	0.2522496262907119	0.13360186129744256	0.7818735201872594	2.0344043787483304	0.623289169454771	-1.0924576684358775	0.35420490566756996	-1.6323086382199958
0.20352386809176923	-0.09846821158394195	0.875663054443681	0.42672738546616296	0.22483844087074942	0.13680821230226914	1.742055205204229	1.8093127596952172	0.2339073298950885	-0.8933432493103911	-0.12770935596119284	-1.2386816983484932
0.21635708541126214	-0.09528477382940605	0.872428108571278	0.42776117033148897	0.23168339385687695	0.0933843703185876	0.9772212709090351	2.0635456608617337	0.46865052168491933	-0.990431535148702	0.7149172858207549	-0.9842234742297946
0.2235152141345636	-0.11217942960363365	0.8695634062736816	0.42581240833716405	0.2100990959893839	0.11176930538957013	1.0302761784438486	1.770128463539734	0.4889235314591185	-1.0729147431015502	-1.180617016268574	-2.154320343455091
0.21839656827048007	-0.11604152837412184	0.8625585567506099	0.4413955582429215	0.27771719392097255	0.10147380504907554	0.8959215881127865	1.9907964928539919	0.48079197476729957	-0.8594612187158178	0.20437190136641517	-1.298262560400958
0.2093373159041999	-0.10972377311997758	0.8704191486223984	0.43186697893425446	0.23372603347177692	0.13716734802457523	1.096023633130882	1.9193235758377958	0.5140112936987162	-1.0796113533437148	-0.6162025058456805	-1.862537861796966
0.22405079852049814	-0.10736013483744462	0.8628332263255476	0.440220245648311	0.23892581397377718	0.1198038238957726	1.074210000292939	2.248974659371651	0.6260598357134638	-1.22532441186411	0.9101585564958782	-0.37838336440750137
0.2149036137182603	-0.11883808243113704	0.8694115169586385	0.4287395026756946	0.22966524014031872	0.09041077577342975	0.8630907379082596	1.8089351751631324	0.4569803563440071	-0.857898359303244	-0.42798410781360996	-2.05769835411608
0.22374116097970592	-0.10101795073094862	0.869288876202256	0.42903626446326387	0.2560156583481246	0.10185289602212373	1.14740047612686	2.214040135098572	0.49056593755002903	-1.0710200231777303	-0.11316059928554585	-1.5748243231357246
0.22275392055478635	-0.1062387467685304	0.8630966629203033	0.440633827591982	0.24299803956994306	0.10210371189498939	1.0631466720077207	1.9399170567415998	0.4013432393383092	-0.8558665252525672	-0.4068712865725497	-1.845152340562091
0.21278873111030905	-0.0907366920219237	0.869762297503509	0.43589144804045055	0.2497622996002822	0.12463462745413008	1.024190764529227	2.0168801258000095	0.5944419646550773	-1.2662657956962156	-0.5522730599443629	-2.1114837485340376
0.2169024608615808	-0.11308509748049611	0.8608159508155815	0.4462745590121439	0.24935064639366178	0.1469882516919619	1.0602182064503318	2.076185483130167	0.40175899104841595	-0.7641458408807341	0.7859190612279017	-1.3771329258467873
0.21792996385913097	-0.10796710212263437	0.8643496537652581	0.44016963973845036	0.2568104595860615	0.13281293630025878	0.8712452309569715	2.0042992980297836	0.6048614304797513	-1.127483083581618	-0.41266130710348214	-2.547188005800584
0.2144238703355805	-0.1173417758600174	0.8649776557102862	0.4382544541590708	0.21970858274462965	0.08780020698733083	0.884968577091972	1.93513857228708	0.4093161250353974	-0.7227196211920756	-0.12633312898475232	-0.9340675371181543
0.21677062898946442	-0.12468417636643112	0.869444135005703	0.4260648385815494	0.22354264574704455	0.13513161503696855	1.1913701342307013	2.0727572868107007	0.5977652357509371	-1.219385993705871	-0.747271088419029	-2.268089125097976
0.2250938846949013	-0.11334505013472443	0.8711663107263806	0.4213726399973098	0.17500375573255755	0.14678584423446456	0.9240022953559469	2.1578333340880795	0.595161132555583	-1.1436240066116812	0.4337370786459598	-0.12762342410851904
0.22373963390153143	-0.09048318896511162	0.8779203086527317	0.4135327077649419	0.2670062104083352	0.1580567965183907	1.2564130592177694	2.0001004066905366	0.3981555536322736	-1.0874176889605587	0.37472035591714487	-0.49712666671743805
0.21237787256525187	-0.10571044636435638	0.8618116471032835	0.44833204847660824	0.24927164347844977	0.14816951315779595	1.0149054332051897	2.008894632575592	0.4133658175420948	-0.8016954972189739	0.5237431150828931	-0.8917493547831992
0.21279306139121923	-0.12317936281344549	0.8673104417759778	0.43280313675733045	0.2497398869642219	0.11738126891009588	0.6703307345021347	1.5925150231188983	0.4841803854025956	-0.84660072019982	-0.6502836687534359	-1.291922217446828
0.22147918355607776	-0.11385220783794597	0.8671858632031173	0.4312462459922667	0.19177134163862972	0.12289511001587942	1.201399170818107	1.99402010681221	0.5302175877337595	-1.1567834317037418	-1.1469179486329408	-1.6243167501224172
0.22009000783284158	-0.09358926725960814	0.8730120257470656	0.42503110522284643	0.24361088329146344	0.12329845982021265	0.9655859978558023	1.9438454150895705	0.34578645072884795	-0.7822215539249712	-0.4558754874106807	-1.7789063635009505
0.22345044884522805	-0.11705780070584851	0.8685539142599691	0.4265928576857118	0.260240345246093	0.13726954572229477	0.9746330699660741	1.8351684606005663	0.5031466588994998	-1.03136141435076	0.5208573377634612	-1.82032464035323
0.22297052102516035	-0.1112339257195981	0.8712426328351489	0.4229035767799244	0.2501528492306347	0.13280065505595248	0.8746988718253431	2.1444106377130483	0.4698738516410999	-0.8651498859228367	0.1927330535555023	-1.9680836668588426
0.21218741441419472	-0.11332786315290402	0.8698797805889762	0.4306303100338967	0.28517040253633436	0.09149711435676537	0.9385085221932852	2.0215936204254925	0.5053330031899588	-0.9512005169132729	-0.7349029047731174	-2.4375659508364858
0.22716685426307534	-0.10499009607815113	0.8726343296979323	0.41938243487580606	0.2354920985858928	0.14438293567652358	0.8891330655036593	2.093077545623396	0.5058408838405837	-1.0101597832232125	-0.5364510204502828	-2.5923331207123486
0.2197536918240298	-0.11014478648150011	0.8636523753264578	0.44009205347702135	0.22895355000658715	0.1373469915090833	0.8120584570797269	1.8860493294666225	0.47871378056008396	-0.8729006440349211	0.005129882830756179	-1.6757851961805634
0.2281523150913077	-0.09623510261278542	0.8590477600475714	0.4480203925055571	0.2922001142532659	0.15830936135830745	1.0001330037530678	1.9537727841580534	0.5574783487588681	-1.1585670458289565	0.981928597240187	-1.6580948347962068
0.2438418043046384	-0.1084978375260681	0.8629373906113722	0.4290786100593471	0.23204908245165293	0.14982363653765085	0.9104080620663907	1.9221493773644627	0.4888186790824493	-1.014421131388812	-0.27127516564060694	-0.9458348033788435
0.20584695977778053	-0.11935401068647615	0.8649470554910508	0.441869030913752	0.22634816319066284	0.0979314049499071	1.0225453933048465	2.1029233684834043	0.45285753138795304	-0.7947905058122838	-0.2427514231578446	-1.0294853531044594
0.20947540736138182	-0.10402082728343903	0.8652608837037389	0.4434222866910017	0.2508987110018614	0.1306921188716559	1.0355266524775384	2.148588217054378	0.5410327706237106	-1.0408902542962193	0.4239519836622625	-1.379426283637389
0.21914776896132984	-0.11966424892467867	0.8629266619542794	0.4393316503246825	0.21974344145567248	0.1029844706970523	0.9941348134928025	1.9756344853529921	0.49839284853210336	-0.9367094003034715	-0.21653282416148256	-1.368879274456383
0.2200125626787749	-0.10503926504898968	0.8689674618929724	0.4306469264174213	0.2577370388743634	0.1327613419329422	1.0682455513098787	1.9377413366338574	0.3420509246203694	-0.7633158838470435	0.11191023454278799	-1.6732233662448248
0.222219361725251	-0.10748536801259655	0.8695725412760172	0.4276786718979425	0.26081857069530257	0.1230550750702058	1.1120745653850177	2.1287366765531743	0.6220651614673415	-1.3076341540346912	0.2634648129023304	-1.2627529293098079
0.22859679438865585	-0.10188707957514855	0.8666137902520307	0.4316747237861947	0.23448162436192377	0.1240123244031595	1.035401782827057	2.124770697461702	0.43586544038722125	-0.9218280032033365	0.6504478835093787	-1.4696018978989465
0.2158769212913421	-0.11867442192034379	0.86868676540505	0.42976370256893004	0.23564341777037534	0.11775018824369816	0.9726672935038944	1.8610199976076134	0.6637185171231922	-1.316268537249422	1.082986065297935	-0.18403998369088947
0.22569862553085032	-0.10538854516379088	0.8665025130064982	0.4325815298127833	0.22278080437378425	0.11908369786343613	1.034681675673725	2.183690451505052	0.6528672100860338	-1.3155932726363235	-0.25806916949361947	-1.5477382810312388
0.19825379877453675	-0.11947107573329392	0.8678787391035605	0.4395549880806828	0.26581891118155804	0.09615751639372683	0.8304963014849259	2.18560509138698	0.4940844517160123	-0.7560779770889238	-0.381446574849803	-2.1065366282540605
0.22146597644363003	-0.0992872248421555	0.8643274561215544	0.44049167626126073	0.19917456745018203	0.1112426416527678	1.1950320405729575	1.8759568703911516	0.5391902156451597	-1.2359763486052844	0.24172860037921073	-1.1221808407058738
0.2154639110356534	-0.11365264689631543	0.8683569680300585	0.43198906811205934	0.2473387104792697	0.08880908962451955	0.9068005997648104	1.8886866097476016	0.505063732490603	-0.9706360965089839	-0.22109097141095546	-1.169378729464323
0.2139837240490527	-0.10488409788398138	0.8637026527988592	0.4441036133622149	0.26717105787540724	0.11969253725101976	0.9207654991210502	2.293502545147356	0.5987871260641913	-1.0665324487971335	-0.5283881464946929	-1.3717208962280072
0.23204901399199276	-0.10218032574936435	0.8707921326628698	0.42122855770655987	0.23495632277522868	0.12790480630611586	0.954476851368935	2.0591495384225884	0.5748292204968798	-1.2146318076218967	-0.3738113255355853	-1.9672695707433967
0.21640004725136555	-0.1148578937700651	0.8676129990111592	0.4326966232075002	0.2632823535383994	0.13452499372828636	1.1642952947036902	1.9114128351559176	0.33899322704028007	-0.7546341183662199	-0.9626802733231554	-2.503737962998462
0.20466653470843363	-0.12826375079073482	0.8799744089581478	0.409029411390296	0.2410266603374868	0.12051704166912665	0.8371541716265439	2.033246044271527	0.55997444716678	-0.9860143338133668	0.6049924400751326	-0.7259137479487087
0.2151164398185948	-0.1038664906041515	0.8696955114948062	0.4319333128332868	0.2572711248051634	0.11358184054244158	0.8954040143980367	2.2985103458044613	0.5607009328887901	-1.0221878981010275	0.16982912530038888	-1.5905141666025446
0.22321383342188306	-0.11458589945522661	0.8637552727498337	0.4370039874097315	0.2319498288850207	0.14776641829233847	1.0725168422409441	2.0068075861170525	0.4858460243386997	-0.9819150879786229	-0.5630854085083065	-2.2824396961174855
0.22234832220966047	-0.11065863720957385	0.8667477931707595	0.4325091359209506	0.2815713684663176	0.11888146360101422	1.0341494641838913	1.8504641806333557	0.49442619154631595	-1.0490283940101728	0.04428798826725403	-2.4230464262914064
0.22289982619695056	-0.10456921388023152	0.8586417993256177	0.44957224941126595	0.22631937078141715	0.11183141256403199	1.2284689439235847	2.0173630205166693	0.6702956000940651	-1.4200504366167732	0.37893511357758153	-0.8582650010415537
0.22361176075779224	-0.11625929698264527	0.8682298901762081	0.4273855567523437	0.25940828243935954	0.14904239561976754	0.9074835994515793	1.9365279474042905	0.5747673171257468	-1.1156549042694437	0.49741604748337903	-0.7013716423091383
0.22255118591915626	-0.11301893343257413	0.8606153945745021	0.44389056416318945	0.2391903778467325	0.13254263452475298	0.7591063774166049	2.0824444600465184	0.5289949340886286	-0.8759941932702909	-0.49092318630469145	-1.732939915215393
0.225143124508598	-0.11081079670657319	0.8617126434344838	0.4410021099324975	0.25948436406677805	0.11689160805327196	0.9068591511765127	1.9010588894513163	0.6206829287874	-1.1981021588304965	-0.19586082305822575	-1.499404605993109
0.21746652642395073	-0.11476462535979322	0.8642159270868388	0.43893988429005054	0.2485063940967062	0.11299236122078604	1.0521510468308688	1.9645873798036337	0.46724003775603806	-0.9275502085162037	-1.3072772156208317	-2.3475926781733474
0.21527947177614187	-0.1249837194358514	0.8629693685217491	0.4396790737582802	0.2448884805978497	0.12614811410993237	1.0439468918102326	1.9655023878547186	0.44842863239962627	-0.8325725103017928	-0.3721329079220658	-2.28971358076695
0.22223096138293474	-0.10661522966103625	0.8689439051763208	0.4291655650958803	0.24456380567362357	0.11760879277605196	1.092232038896002	1.8718810989158163	0.4112447022889625	-0.9332186758707123	0.33402858027272964	-1.4048882923706076
0.2206665647847586	-0.11029184817323918	0.867671406707637	0.43161128969782	0.2795462038816979	0.13161020184809258	1.0576292308572814	2.1573432470326908	0.662337719822651	-1.3209513977336966	-0.08815531993182403	-1.4778501149888925
0.2136759497836533	-0.09405567114938902	0.8685234166255645	0.4372221334536344	0.261705247972796	0.13650807787153865	0.8161076521540997	2.1829595917674633	0.4923306597042366	-0.9072357607942456	0.22194658931638042	-1.1436637056438348
0.21614730729788945	-0.1097831607298477	0.8604384480119079	0.44818933092042185	0.21712487734188732	0.11376464899325195	1.340144750667966	2.055166606547946	0.46430912768922905	-1.0342848135802742	-0.4177013004382138	-1.8480644778497093
0.21085775969490217	-0.10913386287807277	0.8639223573635917	0.4441474592937478	0.19940869807430092	0.1188903561098536	0.8783730798548396	1.860906210483065	0.5038350583611754	-0.9397740754753326	-0.5342443486998493	-1.9100485011902537
0.20079984527958894	-0.11016220976416315	0.8696899459950583	0.43724490564291546	0.2737495504024379	0.10927276808398868	1.0232664636463642	2.253859166632639	0.6050248517682302	-1.1054803971604075	0.2582473420609242	-1.6096117935325183
0.21763046845214637	-0.10266990823924645	0.8642071608615853	0.44186180221761884	0.2513813207174028	0.11885405367509749	1.268556171332591	2.1978436819185116	0.4811652777876943	-1.0551954048986572	0.2571764841108941	-1.0872396638840145
0.2204669789990508	-0.09417486916418942	0.86950554899705	0.43183967563469466	0.2533698162989689	0.1139918047641141	0.8446318691186492	1.9478747728485728	0.6027586953346687	-1.220069958127434	-0.17738096740354026	-0.9332424964065704
0.20229961289533113	-0.09193254977636225	0.8711892804167345	0.4377813502206188	0.2640754622365503	0.12485082781073636	0.8697342532690182	2.123768472388647	0.5933808378040739	-1.1367557727290438	0.16589429170112377	-1.26424441837053
0.2223228495833715	-0.09387514135429961	0.8663107039735882	0.4373394248974424	0.18101853197680376	0.15300787495443904	1.0592269212713645	1.8868098214591942	0.47808247879455634	-1.0804737708407361	0.20934982343245082	-0.8049769536921056
0.20648492729112566	-0.1149115581122631	0.8667382480662718	0.4392312807084674	0.2313699004415469	0.11138401995946545	0.8568191187635342	1.935429713465502	0.49098374145293827	-0.865310359342672	-0.17683419505353756	-1.0897549783245861
0.21478941710473617	-0.10976979195130529	0.8630625251687655	0.4437782968150749	0.27554016632204936	0.10941369469643901	0.8596766107982085	1.9918824860631748	0.4838278061298894	-0.8643382583229	0.6829501091628734	-0.8564527201068618
0.20181159720579475	-0.10298782425428606	0.8765592867980261	0.42462854828279056	0.19163184090159943	0.15514501296894556	1.007261457479818	1.813411115001013	0.47960286614166076	-1.028941945574968	-0.19428362225485815	-1.3611223202532312
0.2162567342196539	-0.10757283585945474	0.8692713145852057	0.43131020336773085	0.26615802788397713	0.12191499942339075	1.06905973152829	1.9452401315505832	0.45873497609882563	-0.9754035988072491	0.12084583393898334	-1.7493723880274592
0.2217710051659086	-0.11136354592896788	0.8643705748913819	0.4373548801234199	0.22324817847519274	0.11194592570158213	0.9135189795526965	1.9440819346314397	0.5257075469915194	-1.007187341799003	-0.32440644983955236	-1.4100663425664737
0.20875835143351856	-0.1019640949900629	0.865615083533238	0.4435468421704321	0.2605236396208888	0.13047957549400643	1.0691044915480787	2.11681606272315	0.3964202891830378	-0.7902043380358952	-0.05743142837669966	-1.850564183486514
0.22991916335179935	-0.10659505881548398	0.8655685524565729	0.4319325789494989	0.22595950263783968	0.12030482012588271	1.1411647469750392	2.278344298685423	0.5389756988329182	-1.1252585206259194	-0.06616421221954527	-1.403579443989985
0.22506097349459162	-0.09791388439899823	0.8700181280384641	0.42758494633933625	0.2298678105161179	0.12191473698713319	0.8404872782702453	2.326531946882735	0.44280750424216014	-0.8106264354001415	-0.04266501268485334	-0.9247150846799072
0.21312038745660006	-0.11218262761510003	0.8644473759563526	0.44127711555653637	0.21833334247697375	0.12532784817828418	1.1090920198737282	1.7854723705688549	0.3493668612721332	-0.7661408069674165	0.0030285306867197472	-1.126494895655626
0.2087572504367145	-0.09530114820418571	0.872713316248197	0.4309403313501083	0.2119992902589991	0.12859263270417481	1.1518915355543695	1.8906219383464888	0.5826136453022487	-1.3197696138594313	0.8416445228037074	-0.6809855104913701
0.22470343406056226	-0.11386917232812564	0.8597189578654107	0.44432588468545275	0.24646718295526113	0.12589457728728423	0.884312929298658	1.9845652928045787	0.5272690166335072	-0.9588244323673721	-0.7834349671715328	-1.7552663245741245
0.22283806283718752	-0.11773292826354957	0.8637567298775354	0.43635589482064496	0.2265564754943785	0.12388191652882007	0.8696158459571236	1.8235320134217294	0.5237225367786763	-0.9887860291462341	-0.3251134459934218	-1.3313621017116561
0.21095628660925098	-0.1027620691505095	0.8751179418916323	0.4232091564029483	0.21842886614493853	0.12400333003193446	1.0184184672516552	2.0890128212059818	0.5042614154970191	-1.0431218311387684	-0.3584177377591389	-1.8203426103144589
0.22613058647787315	-0.10310256571951704	0.8693578127376407	0.42714378402740555	0.2604259953955858	0.0973185723130281	1.379788864333249	2.2104416479024716	0.41336308754658513	-1.0382234415538585	0.7360771852829674	-0.8930543601752091
0.21765142049916403	-0.10153301070075564	0.8704707793454	0.42965047329026435	0.24111339953314712	0.10751214289985432	1.0769774917404205	1.9507604017682014	0.3701912752903734	-0.8345848878937844	-0.3083473609291634	-1.5642066861209833
0.2094657473991756	-0.10385817140925127	0.8730606249435057	0.4279050432879785	0.24463798331909883	0.11322785374776446	0.9630343364293595	1.9047719159029468	0.5492065065334855	-1.1296598680322514	-0.6077696043187043	-2.028133557422931
0.1972344342986145	-0.09326286482935017	0.8791101747205611	0.4237521878097061	0.23767940037542593	0.12522388666645637	0.890130610336134	1.9587436344035236	0.5994684545900996	-1.2268613528868264	-0.37913822901485045	-1.4209510116611364
0.22495046073725034	-0.09218109970454726	0.8657577015332307	0.43745118277043965	0.21599548669508417	0.09358203285323508	1.096826325949181	1.7890884995522456	0.3631047078302546	-0.9056373714011509	0.12019852336354615	-0.9849818901849255
0.2216686878924817	-0.0921021866558376	0.8721157393076902	0.426373448133253	0.2697331756179354	0.10970947820883258	0.9165787069581238	2.1270689740505473	0.498190020830035	-1.036059951457371	0.07898332110596644	-1.4504931529146068
0.2137872540548052	-0.10347932629293947	0.8660263943746355	0.4399833215931417	0.2206970581069807	0.13186056553859962	0.6876948263343107	2.130726568385785	0.43518981072559265	-0.6896172797898052	0.2659106706257662	-1.8141735834545492
0.20405839513325832	-0.10275380269887559	0.8774535263965189	0.4217548297540566	0.26920819999756795	0.1310291166331992	0.8776901073186034	1.896341616522836	0.5870931694340933	-1.1840781871884838	0.24608476435955087	-1.368362504213697
0.218512143793277	-0.1201338207840099	0.8651277685066261	0.43517152052661623	0.23031166729097252	0.13943291853064452	1.0502746674411787	1.8540911672331712	0.5130186570972216	-1.0354202375749542	0.5084594864616243	-0.8572267241801109
0.20778654089508583	-0.12503392145996278	0.8637992038612943	0.44163583110498744	0.22254819480525803	0.12937130930680193	0.8377044861989693	1.8834360667074959	0.5799352036531377	-0.9952043210512195	-0.02756907267080126	-1.9076552804818026
0.22236856111736789	-0.10139810881644724	0.8708095728998686	0.42656926084867824	0.2209309538300791	0.11940060776257844	0.8334232590774789	2.0330411226271496	0.49702814631862385	-0.9658395753542884	-0.1792690129180253	-1.468986456669185
0.22462480634869536	-0.11133272259719072	0.8643287130528398	0.4359869230198654	0.2531060485792013	0.1263915084899234	1.1171177222795994	1.8814076871321717	0.5300966756902787	-1.1460157702533722	0.6888630334816365	-0.8065563835390556
0.23177787539141448	-0.10550071619751351	0.8681836966167689	0.4259174618276364	0.2099247192149263	0.16570373388743523	0.9930671231155848	1.9717447989116832	0.6089980556266	-1.2933789572171766	0.5037754216246279	-1.6328440156396724
0.21347490722291412	-0.10962820020148333	0.8728495108193602	0.4249045224155132	0.2570495471839042	0.10827892022406953	0.8345864892361896	2.088562974016714	0.4430295797889362	-0.7905211824954186	-0.8834605358507975	-2.0941310614481696
0.21444285752386108	-0.11247367276593244	0.8688287533168946	0.4318570726540827	0.25259897913883117	0.1307295866877059	1.1818619601538571	1.6613474367157968	0.35922846078873877	-0.8768920268044583	0.18869060584614825	-1.5458384283454987
0.22579118663145703	-0.10640671141030938	0.8668860643268655	0.4315141982395008	0.2558576562534382	0.13916032004804066	1.1297199062203338	1.966601838237991	0.5212108429703106	-1.1532681480786537	-0.4857276599460869	-2.5590420666035807
0.22058257493684238	-0.11817375443486304	0.8624962672854802	0.4398618877734402	0.24924611336997682	0.12367650780874585	1.3463903139483178	1.7187439312329305	0.3807762049332941	-0.9600692540528133	-0.32888190086100416	-2.1585659710558516
0.20472007493605798	-0.12018187743930436	0.8702825426564768	0.43157189806649443	0.24829700576574124	0.14621260655925525	0.9453366673261799	1.9840622006978061	0.5955385570963796	-1.0968459368628092	-0.0120546937465801	-2.0953020925241046
0.2098551583738545	-0.1111194749141768	0.8673889813137646	0.4373209689623305	0.22119803287668752	0.11084268950854849	0.9117494836187838	2.146145108174877	0.5296194805541719	-0.9426552709604819	0.5729481339337839	-0.5476973522062122
0.2080968257457165	-0.1205785896800604	0.8670797210467739	0.43626743194372575	0.27611968817488913	0.14011212394290248	0.8035375958075199	1.8012137874229015	0.5412093981833639	-0.961101994232667	0.4660073204131782	-0.9248205970088886
0.21580669502877128	-0.102694843899547	0.867457021360059	0.43634797525637825	0.2487791743077381	0.1482518267978113	1.0449470962571026	1.991998803200439	0.5012135127281943	-1.0443952529612486	-0.21617351896056483	-2.2558567419126754
0.22131245774144823	-0.12468146628096834	0.8619758081743106	0.43871748784008086	0.2487150113150015	0.12658911224077998	0.8421860632365149	1.78148929039037	0.4977090858298179	-0.8964328367005191	0.09735843327060617	-1.7881688760701842
0.21928107218077608	-0.11704751760466389	0.8640130570366255	0.43783230497081865	0.262117916102572	0.12383821507896052	0.9415687111298245	1.9461179269382909	0.5331561729172889	-1.0034294273097406	0.14497272753452695	-1.0041658619295084
0.19965504001743317	-0.10405558487117204	0.8757807683822085	0.42698752438990983	0.25696488801379186	0.10111050252096677	1.095930400435867	2.067743267614029	0.45294873691841453	-0.9375720902115398	-0.4040456988067014	-1.9674066112917095
0.2219828722239811	-0.11988311198924921	0.8658662524487392	0.43200379254046034	0.2326949629017119	0.12389275075697448	1.092902969927426	1.9453272007098952	0.44202654683387615	-0.9076997425233296	-0.09977835658199212	-1.7774423828028334
0.22735452134123588	-0.10744062814554141	0.8626009449369234	0.43896018366512013	0.22252535008568622	0.11629206228034022	1.1584230827293995	2.0973316627313614	0.5649730722368093	-1.1968748413577948	-0.1479378118670621	-0.7682228487542643
0.22358928990348384	-0.09162309480910524	0.8699487421717198	0.42988629186320915	0.23515968412619384	0.12792092438843414	0.9506811366505342	2.256486186246703	0.5208263653913846	-1.0675104618096094	0.3409328232508139	-1.0503867223253762
0.23087104835883793	-0.1135502214054452	0.8604114038974168	0.43988307797838927	0.21972999395957218	0.1162978663941636	1.2828343876236472	1.9493288504859074	0.4120595631921697	-0.9760851601874262	-0.5704665649044482	-1.839865196969817
0.21996891539435945	-0.11380937457310497	0.8667416065613456	0.4329204199099016	0.24211540917921415	0.11738426115818963	1.0669395643808188	2.0312277318359473	0.3658919236222033	-0.7406777780711897	0.03605416338216474	-1.1092051234895601
0.23010254119356852	-0.0993085096964358	0.8634318832830663	0.43780820386145375	0.24064717306732084	0.11224333266828711	0.8927994726856278	1.9595361573442553	0.5573986545592094	-1.1240369131144434	0.4568434562464058	-0.7240998636334618
