0.233629729316323	-0.09654664862315616	0.8660344890265111	0.43137009404432297	0.1061377791453952	0.28757033342099025	1.0086691949808555	2.063984283346031	0.4060258823242099	-0.8994985246137195	1.7609040543574312	-3.540673839513645
0.21920849744113868	-0.1054374487368	0.8747690032772507	0.4190581940003063	0.11649934969703209	0.23802873941473246	1.0293627290961573	1.833507506541443	0.5473558150298661	-1.2197222522008169	1.3114276066404438	-2.7049163104668756
0.2152775460891092	-0.10348508894293029	0.8626222998438279	0.4459026601495784	0.11788189861992172	0.247828997738654	1.098481376490931	2.2173590918981607	0.5332054207189528	-1.047245734002106	0.7063131427617814	-1.5542198976469506
0.2078794064435022	-0.09985832083568498	0.8699047081649364	0.4359819570223652	0.12988822231420136	0.2571840007936848	0.9908609156816435	1.9061107533028447	0.47843343656523873	-0.9904769037443902	1.5950063201124127	-2.540101306345347
0.21502745253780095	-0.10529368020802315	0.8641595237993481	0.4426112888192509	0.07529647456957776	0.2567492129805308	1.128453340533279	1.7782978502397577	0.4844713969898071	-1.0710650759646416	1.7101819343990428	-4.273265581223953
0.212988106348924	-0.09877325908363334	0.8684773761150917	0.43660847108152007	0.13681357531165939	0.24409467163374754	1.3601466265571767	1.907626274319467	0.2885249149316051	-0.8058706472443197	1.7072630739003964	-2.790433251665016
0.19556401885700425	-0.09560821375910877	0.8739206625596319	0.43459919413365683	0.1440687534190288	0.24678404647325047	0.8631534238925015	2.247696232494369	0.40537555094733946	-0.7090892133116473	0.9837009036608418	-2.7225159075683822
0.23028869907046692	-0.10515839282689529	0.8654075837485329	0.4324101542390306	0.13070825804344433	0.2591825064888376	1.117887257616812	2.069577726628645	0.4595778730185647	-1.0118298727389436	1.6495879631224009	-3.3924154364856407
0.21040081660088916	-0.1148692637157685	0.8710941695395796	0.42863912143110117	0.10587910878349704	0.24657473911503258	1.0151030309779767	1.8688181077208705	0.45911429839975193	-0.9304809457332734	2.1399000948246543	-3.515525018188922
0.2221738043997376	-0.1052222270801835	0.8690168753743894	0.42939114322650657	0.1138437827710523	0.2622719263539803	0.8825156741480075	2.0842934703363447	0.5112316307421322	-0.9805204064220174	1.7675570422046294	-2.5332190128826255
0.23437862395604228	-0.11139466680425608	0.8651020618759511	0.4292508723089785	0.1282369962989052	0.23037246081841864	1.0224570208848116	1.888093658573767	0.3793801353165299	-0.8328953206107494	0.9936427780305689	-1.6338128954018563
0.22691386566920668	-0.10505228745568311	0.8702378871696281	0.424452746724447	0.11856815908478112	0.24629771652249963	1.1488861911504833	2.1735812035981183	0.562007446058544	-1.2284964719744627	1.3572930881339793	-1.9713569965923465
0.2067230116870191	-0.10718964826286916	0.871262293237642	0.4320624863681362	0.14271469841388332	0.2469233783546285	1.1235516263871104	1.945581215158118	0.4643472911063554	-0.9912596189062333	1.0208668590463577	-1.7339650597083336
0.22071386429456152	-0.10863708514923903	0.8637091913232869	0.43987476247463053	0.10067947874443367	0.2605176498316068	0.9495726538507159	1.9871547770500593	0.4204292128671062	-0.8112166303595185	0.7229505075802024	-1.9609812980516583
0.2315669478538184	-0.10839822087692275	0.863772842750191	0.43419241184023355	0.08635153200268879	0.23825027950089228	1.0751597192736848	2.062640579097292	0.4662823947611406	-0.9860765493285982	0.8776647434388479	-2.608556393304971
0.22233259407184605	-0.10191053446343082	0.8660035802280577	0.4361424762744941	0.11521007278731414	0.25889028143825477	1.003320249697322	2.092726421739479	0.51887534353658	-1.0527473379606653	1.55188723040236	-2.5915653571284336
0.21629388769871927	-0.11016860024140575	0.8710258921566841	0.4270757881894917	0.11616150056397119	0.2454063600365374	0.9430158812139388	2.033261993086383	0.5283550843253207	-1.030678662382276	1.0543064518404268	-2.8598566654349526
0.20422095753054428	-0.09909875059872922	0.8749760289852919	0.4276566225796208	0.1428626178188423	0.24714986631715988	0.8939889746092785	1.8183523514776194	0.4732541492545216	-0.9738207067628425	1.473900007090177	-3.2279271752350014
0.20022500135470322	-0.10227956620293219	0.8728510808407506	0.4331048716477141	0.1376910444543191	0.26099771877818234	0.7378313052177415	1.864388047117476	0.6020458477108898	-1.1141408787391534	1.2146650203311966	-2.073930550478032
0.20669628812298196	-0.12788890538875217	0.8692332389597487	0.43052833663092666	0.1032719106065329	0.25709391827590045	0.8443096585795485	2.0836502190411075	0.6035384642271544	-1.0049411014644374	1.2706044662526499	-2.3443906917351214
0.20643534456042426	-0.1166879709564772	0.8693355745028521	0.43361737148559354	0.134008170726679	0.268808157232018	0.8504852037664619	1.6949059673161495	0.5830839809358882	-1.1177843583264726	1.7253124093479701	-2.7935558196997903
0.22442283479808248	-0.0969024302323616	0.8704816832902891	0.42720715032915785	0.09560668508451557	0.23871148720397742	0.8914190749307342	1.8960895055524374	0.5305637430166114	-1.119281675197635	1.0068763562933072	-1.0668786619375406
0.21588440899143735	-0.10412057742555898	0.8716129279995197	0.4276023047822473	0.16551039245848032	0.2419921971574812	0.9689316498781559	1.8895307291207282	0.6036573580158556	-1.2595670259789276	1.7735921037086395	-2.8713633402712837
0.21828848390800087	-0.11050157377339093	0.8660391667310529	0.43602259307808083	0.1213428049687673	0.2291562220868594	0.6550610165690492	1.8068298624248684	0.6612240591614094	-1.1833805730375457	0.980881668043548	-1.773419764267982
0.215264388095605	-0.1175418659582682	0.872181109680167	0.42325555505149093	0.13050857520935774	0.23864906459240975	0.9224102406694394	1.7598807553174705	0.5811535823516985	-1.177949299392467	1.1653306403289594	-2.020896756059073
0.2248642618231675	-0.1149658511947948	0.8638761194613604	0.43581758459034153	0.10396363485619346	0.24721924049256708	1.3240919917248293	1.6143637036624474	0.4971233209549132	-1.2427154284859796	0.9164911967285915	-1.653471254471586
0.228416077397963	-0.10775284403238859	0.8613393541678158	0.44080600852396457	0.13546098795272285	0.24058488388191354	1.3772567335774593	2.6217648138594307	0.3608140184061418	-0.7778212468405935	2.215417756831514	-4.072096102426587
0.2131735505133739	-0.12517908596378352	0.8706411565334453	0.4252895605924257	0.11275345240156921	0.27461805943883383	1.107140385508706	1.8958200456953234	0.6040343862731083	-1.2334965907550404	0.9411048405705998	-1.0272107525777505
0.22077564540169764	-0.10954390947504172	0.8662797090109431	0.43453160074993796	0.12062959779196196	0.26540818979215086	0.8988968490255761	2.088580700316641	0.45353017295172776	-0.8343402929797755	1.169494883204938	-2.2855835700827245
0.22266153453137508	-0.11438198279218097	0.8658457608240948	0.4331855509081611	0.11019722890623933	0.24127443209001564	0.7560735839071422	1.9133948202081548	0.5903212039114324	-1.0633266090646853	1.417783573022384	-1.0345467926116627
0.2214608301741113	-0.11045050473490478	0.864155066994366	0.43816869683988263	0.09222984652767142	0.2284697512653079	1.19941427906225	2.1369318742417773	0.5476850547138767	-1.1476924222214508	1.0648900931537313	-1.6462037239913936
0.22688184321610305	-0.10699220909966757	0.8666637782011024	0.43124377324783175	0.10901592822055921	0.24449333805709375	0.7625433957900023	2.1987253686203547	0.5028163047602258	-0.8661770172084924	1.0334868742721177	-2.9433741385044727
0.22044523581204437	-0.10728455191565531	0.8720990510453918	0.42348219336089715	0.11189831492802334	0.23609509235570425	1.0272320373156334	1.9576765235360805	0.5898877401942466	-1.2535603783242721	1.1021781803889839	-1.1733755455795836
0.2228761208876508	-0.11768313919516409	0.8653833942478728	0.4331148744239522	0.09769661100519049	0.255598619711897	0.7920999358997743	2.0571768106214288	0.5798571022403947	-1.0072243397574623	1.0857658994213735	-2.678622567634431
0.20767353695989724	-0.11663744998496724	0.8724350751904483	0.4267604092286529	0.1588317764481331	0.24323708893379972	0.9782135321469183	2.0050150574022845	0.6000289341270707	-1.154688903308489	1.9358522705884182	-2.938669543502915
0.22604175534265433	-0.11404669439660912	0.8588594835615654	0.4452626908187788	0.17086568109793374	0.25089223612931805	0.9993159996383868	2.082176597019301	0.47937863727440727	-0.8986620297433119	0.9812956186663068	-0.933781509982909
0.21847354052522938	-0.11050116428835886	0.8644018122487711	0.43916774900068467	0.15825359506044115	0.25792738681023236	0.9123358334807217	2.121192178491565	0.605992842124427	-1.1128967150710947	1.3500261468905894	-1.7132738222111532
0.2099960781202348	-0.10751159590963415	0.8738147684590949	0.4251948427978191	0.1258124802660234	0.24028821268700404	0.8803800878827199	1.9754533165702897	0.5461385661032209	-1.0576708050548387	0.8463519298163497	-1.745312847081287
0.21321537383976222	-0.10258033774168837	0.8650193437448384	0.4424454922523461	0.14424316690772868	0.2507741243903901	1.0538523032171274	2.3081024434835733	0.4385582922515023	-0.8301429152207095	1.2656894254504019	-1.7198835961375385
0.21025606746552136	-0.11917865119208454	0.8655143923126469	0.4387182146818605	0.12306096406176259	0.2359686530226918	1.0874563941029591	2.2739027727331704	0.5375639130685229	-0.9639739791142097	0.9745448385607416	-1.471185534537237
0.21248711635193	-0.10318848527246714	0.8650582943361725	0.44257825216768976	0.13448934011463315	0.24221309159624074	0.6969802899488361	1.9751894257345093	0.45949117703145825	-0.7722231700022198	1.8470905970136489	-2.9236474774951517
0.20574659157480998	-0.12158949552070754	0.8719600897116038	0.42728203400622866	0.15095536942786092	0.24775792457266255	1.054227149753873	2.1080044829444673	0.45407349264236296	-0.8344053252325065	1.5737778277712342	-2.490304736503154
0.20975307227069698	-0.12072291793249694	0.8690504120363755	0.43148697210723935	0.12296676518147992	0.22746364824808482	1.2783593781628029	1.6418145071964494	0.5218640430558712	-1.213156745176586	1.2133753847958024	-1.4722597181124801
0.21832730644958048	-0.09502302276680982	0.8742102708624214	0.4231550717188451	0.141612623050592	0.2607199661219571	0.8143679410111636	2.204338925701323	0.5160527014655382	-0.9913017970474846	1.081831865163464	-2.980900842786451
0.1993482302374937	-0.11803710965529421	0.8776114981940667	0.4196731848509851	0.13014555354133142	0.25830196092845714	0.8915272553809301	2.180866443848573	0.737153447448628	-1.3516125663551615	1.3473763910831276	-0.5652136853895372
0.2059207079152613	-0.11506206861626783	0.8705684392681	0.43181937771217194	0.14197164885201188	0.2930435086585678	0.86316953486999	1.954479823904615	0.5222424406158749	-0.9436949742034009	2.2101740765306244	-3.2852978416456793
0.23053349738370996	-0.10871971559430851	0.8630895750986624	0.43601687511051457	0.16434244737942663	0.23855077527260646	0.8711935330086301	1.7418560600131539	0.2442551555081137	-0.5097951196006177	1.6107142036788986	-1.5455854790448103
0.2010144948489154	-0.09990226903262095	0.8693398315699389	0.4402964532547582	0.11139524576385697	0.25121248438092536	0.9298389042142269	1.8147409022390149	0.44025937453231145	-0.8820179481659666	1.4447739237573876	-1.9111945130537673
0.2121889144650614	-0.12961016593022429	0.8735089153521108	0.4185203032901242	0.0910960849744999	0.22704776155878614	1.073195302203251	2.1547393832912523	0.6135552103702978	-1.1573870125057037	0.777139416909359	-0.9807497662663208
0.20568521209627016	-0.09894190548887484	0.8693363649694485	0.4383587314116701	0.13331428450881458	0.2639218902962241	1.0113284823924305	1.9759714412972522	0.6985224622342812	-1.4138190198213925	1.3653174937799193	-1.8711825319321551
0.22303153839993817	-0.10654036177493513	0.8678899754049796	0.43089798651579564	0.11363709623359203	0.253779710435884	0.9278264873451055	2.207166380196573	0.38280837785500454	-0.7055447631510996	1.4504219675924157	-2.052158598655598
0.22218057418262477	-0.10051659176629256	0.8668097926185448	0.4349402150366911	0.13866478254509837	0.2610700041386254	1.1282676221549257	2.1354729894507023	0.493313532473565	-1.0659802569732617	2.8999365809933457	-4.1506451424310775
0.19184540827810562	-0.10940698027609058	0.873760186778106	0.4333227296034255	0.12472319463963115	0.2526702921204839	1.0390330693357674	1.8790246881857606	0.5175243959870816	-1.0291348430085232	2.4057846942094305	-4.75862276599458
0.21333608776476276	-0.09566196706818342	0.8680686467992027	0.4379421493280502	0.13252033733074392	0.2709195236109739	1.0091708573902451	2.199218061291889	0.5040682132629198	-1.0103545623716053	1.9611715547317747	-3.4303375642869667
0.2280866079754914	-0.10737814293565219	0.8611099617550174	0.44151564802189924	0.12737526591720558	0.24325174510932032	0.8373282460510705	1.885100210285836	0.6579381805242548	-1.2573097319002122	1.6112034897114775	-2.9551312502694884
0.2055695392639355	-0.09115990544465666	0.8700727900596507	0.438639232358381	0.1222273234911483	0.2552176287316003	1.0003425463740705	1.8417256223283966	0.5289625113029438	-1.135293594571165	1.1048414484658724	-2.350620081144472
0.21784921317071604	-0.10329868766289592	0.8684116487742617	0.4332808670149094	0.10877733151942615	0.26702048018686475	0.8308289542322991	2.080642534132487	0.45459983261641285	-0.83282602194842	1.697913529278365	-2.970375738691637
0.2251096441270658	-0.10723643820037879	0.8693118175858888	0.4267586651124971	0.11966376257501295	0.27518946650108467	0.8945431483241552	1.9136013084942076	0.4714896411554016	-0.9514370801017933	1.3033075514273287	-2.4250252036556526
0.2223654712756223	-0.10704942803078073	0.8575286931867004	0.45137407712911787	0.12629463668124638	0.26905360272795875	0.7546492811219486	1.5317636967419108	0.5533976129883118	-1.0598478546910817	1.526755482938338	-2.59843379555569
0.20713448955175848	-0.11030451481400737	0.8726339213057447	0.4282969257843654	0.10661210373012005	0.2568823097423248	0.8900610498624058	1.7925866943370319	0.4346067513484852	-0.8542777388312399	1.5806216026724176	-2.5694328522018295
0.21383265134343152	-0.0959993989074429	0.863524428201401	0.44652578260195874	0.11303355648687384	0.2601686954367735	1.1916781437560342	1.9808824030117893	0.5264600982055038	-1.1629055981489742	2.0634700060175377	-3.9476765615499976
0.20342601153480006	-0.10336589994459221	0.8685308304658811	0.4399858464654688	0.13604729344666774	0.24030673187037135	0.9790974899963892	1.6765404953822836	0.4750593751570079	-0.9965786339335989	1.3325593964497595	-2.21885878497638
0.22030593696637182	-0.10755877161085985	0.8615192247223621	0.4446133491256331	0.13086291482799808	0.25417445145613204	0.9459200602070004	2.2750722394949814	0.501416931399937	-0.8899151510713603	1.719810636558002	-3.695873532188315
0.2170559951843238	-0.10472908613743767	0.8660531009221532	0.4380302955897943	0.07782009744420809	0.23812165760347692	1.1079324343805523	2.164547774317451	0.5924229148823891	-1.2027980133616112	1.5635249955623731	-2.959551915551355
0.21382782200939798	-0.10200704165871805	0.8736442342583043	0.42499173866555917	0.12205805804970726	0.25470067390727286	0.9085711500906313	2.0230039104341193	0.41820747881571635	-0.8312672140342778	1.751322895985559	-3.420691473573117
0.21791694725199637	-0.10476069736789131	0.8585175326427839	0.45220022836384144	0.1096160702587685	0.25461390231071257	1.2127962042974383	1.7596440105451594	0.5048237930363604	-1.1352214303157517	1.504988351974701	-2.6507854185688045
0.22268910763525065	-0.10986194355846737	0.8697998286311347	0.42636624257956984	0.1343271991374219	0.2611659935960043	1.108563466997253	1.9685733090712305	0.37897992011380105	-0.844884873720196	1.9293070906758165	-2.605399145289052
0.22033975947469048	-0.09926508818351064	0.8708961240605393	0.4279448256012512	0.14389523734664364	0.2602624287058853	0.8007784482331397	1.9531513746723086	0.5497099531780195	-1.0779517059605324	1.7149755928771677	-2.3563912665927647
0.22022630851913141	-0.10480264030604676	0.872367285002727	0.4236650796063901	0.11842179189557438	0.2518593943012261	1.243811863286019	2.0712929348096165	0.5175836438396507	-1.1999246323038706	2.1606504025919246	-4.185580069759055
0.21849624737325912	-0.08996664597660455	0.8698477375809457	0.43304769474139254	0.1383218911425543	0.22969660169731446	1.011440759346931	2.1138559928527374	0.5128452486579111	-1.101303070467063	0.402127620450562	0.3596088432441049
0.20375013970201625	-0.10875517987033173	0.8725952823426397	0.43039013076062677	0.13204490236256958	0.25049154620446407	0.754523860878958	1.9763489621178774	0.5055968726964555	-0.8828678306621603	1.0778698567444909	-1.4911613949273432
0.21244154915585822	-0.11713586229516824	0.8664413210545069	0.4363796685524514	0.1316360124805879	0.2353296385859058	0.9788706936111482	1.8825928922017945	0.5555204466070269	-1.0742011331122507	1.5619190712052966	-2.605651038391086
0.23116017484699636	-0.10177940776341378	0.8699337362327546	0.4235814210800031	0.12137698253924985	0.24104826151400913	1.3634687787993693	1.6875316666997164	0.3222728851308703	-1.0004682491854278	1.8803759143978331	-4.033526238591891
0.23010779255984942	-0.10719937253121764	0.8711299966378834	0.4203465561769569	0.12912940853962354	0.24989886435353595	1.0518063157810216	1.828657954211565	0.31023115443411564	-0.7523542280317913	1.2148464220750739	-0.7025819805579019
0.2112234030743836	-0.09960995063975918	0.8702338956921575	0.43376894600198446	0.09808500169426652	0.24223118646118127	1.000225041390662	2.2190639005461064	0.5416030359215318	-1.0640489956822894	1.0456267682020126	-3.4622357072950423
0.21084615636384849	-0.11188744571148858	0.8689608898352174	0.43351132600606573	0.10415938210220015	0.22736273588530434	1.0160710686590457	2.0942588774616415	0.6748471278737098	-1.3063768573682688	0.9630637115976288	-2.606304013029925
0.2289309044620378	-0.11501029262180112	0.8650117650845065	0.43141386143542887	0.12021849673686001	0.2689937748727201	1.0881462856923785	1.8116944841972784	0.4182941045053808	-0.9331552790744728	1.082258792884759	-1.2017438065682107
0.19464015600236176	-0.09859983624741532	0.8784695994619024	0.42506992928764536	0.19149569049913365	0.25487126719096986	1.1845436459343883	1.9967900867851838	0.4952257434816952	-1.102682906231178	0.8537149943324156	-1.8437233992056539
0.2106377375784366	-0.11545530077803502	0.8719247382499963	0.4266720846947532	0.14338174880819896	0.23565100028730745	1.3344769921834787	1.9728954109773365	0.3180674158819867	-0.7749296042681354	1.0842438634704867	-1.9624585411952575
0.20884481050370407	-0.1133570746283294	0.8692629616681568	0.4334927014717597	0.14614255495504297	0.25050234334826976	1.2224975172466774	2.0979027466749933	0.5112274608426066	-1.065510997631045	0.46440018815422573	-0.713665752062724
0.2318763886364745	-0.11057670051850575	0.8625389734311322	0.43592734831358787	0.13927405445416066	0.24913933387518475	1.111940433164963	2.0225771772766	0.539824558773244	-1.1465271539044162	0.7825688855414183	-2.1341089851075297
0.19820750313152005	-0.10243108335513919	0.8708023995706613	0.438092273119533	0.10628203456867474	0.2739629239860751	1.0892825305459595	2.1534459214102926	0.5020768739117818	-0.9873123654952821	1.2361208786483626	-2.602446778434923
0.2301634616369288	-0.11010833802749237	0.8644985153909607	0.4330626417863292	0.12750665362648728	0.25295094961268616	0.9559176101508369	1.9281655238067514	0.6368888629837809	-1.2891892016807198	1.3601415828207062	-0.8149830276805338
0.2011534788989829	-0.11106658825070394	0.872792105003271	0.43062214567430696	0.12579681607289067	0.21012893221722917	0.9381506752908374	2.1821995660029923	0.5653441784693798	-1.0212450785062737	1.852897313954801	-4.690976042419616
0.2126547334542534	-0.09725878749902407	0.8731674746684844	0.42766488489795546	0.09620466658849464	0.23730395177048466	0.7440316177730513	2.242124709370535	0.3807289930354731	-0.6374048880608656	0.6747555396714487	-1.5944515499331657
0.21195890253595703	-0.12727320523792865	0.868891814309787	0.4288379296303716	0.11576770763517837	0.25015430048315984	1.0437534163040463	2.0233829721266563	0.4367128736021858	-0.8002245363976657	0.7271655897620594	-2.0977082553545046
0.22018198834339053	-0.12016617157304683	0.8622585859814399	0.4399887659019443	0.13436708015595103	0.23942345922737043	1.126150479925583	2.059577000213272	0.4520733804893577	-0.8870015617078905	1.005862924816148	-1.2071396833422057
0.22147853591991065	-0.10782579886439196	0.8679164912443849	0.43132565359837327	0.12035690472386439	0.26350387443444157	1.0499986927854432	1.8000668703732854	0.49985080429142004	-1.0949668241497075	1.4685770683583987	-2.3114440985446287
0.1949132916327035	-0.09891155315895439	0.8711579359166726	0.4396693804280558	0.15087985233044096	0.2346356597110936	0.8075260287541133	2.0985591721574153	0.6284000299485883	-1.13098956712735	1.790536830524534	-2.7375232096791398
0.223212460207354	-0.11054963493513288	0.8651347139282816	0.43531241951053923	0.11293962004969993	0.25597394732565404	0.9321733994285853	1.8852318521850242	0.4807365505956149	-0.9546313965515363	1.4917087537493456	-2.7861380394734154
0.2304982143513092	-0.1115819496923584	0.8671430508716165	0.4271802558742327	0.13414037546672017	0.2672489544812305	0.9476766647602435	2.1185968062448155	0.5737887384614093	-1.1227052921735272	0.4736422596670704	-1.4061749416384182
0.21761663931586472	-0.10064552394464366	0.8703683472101149	0.4300841975445156	0.13304947231937822	0.2600091682913002	0.9399924792797733	1.6860479338797107	0.41441587702447646	-0.9197252324631758	0.757952801136717	-1.9430158383201925
0.22378784632503063	-0.10431737222066036	0.865951798408593	0.4349303030637255	0.08705606671599427	0.25791848286981633	0.9363286957649212	2.184572551534454	0.4429628296594952	-0.8397542564294136	0.7196435269624996	-0.8609390590329818
0.21911609630541126	-0.11920648335141333	0.8619256133311181	0.4414319740918672	0.0778556076156463	0.23249056457639605	0.9644518318160793	1.926408673631253	0.4718519243280682	-0.8798360767994812	0.4861287052331897	0.40053024629600226
0.20362038127161222	-0.10870381036461918	0.8672733857990754	0.4410885355885193	0.14353926567127162	0.2474654261232669	1.001673257214933	2.3531140795967223	0.5347997950084348	-0.9340216749474366	1.6702511515251615	-2.349332295246226
0.21330959795909005	-0.1355792367499624	0.8608986129042882	0.44155505237773207	0.10284087774573276	0.24669509809601356	0.8786752766256898	2.050592117545857	0.5721530710639814	-0.9103687952262319	0.9271410861602991	-1.6064826140641781
0.20357615716710264	-0.1140124208023272	0.8575261434294895	0.4584831834111418	0.1355743719056669	0.2434495350502551	0.9023868232803696	2.009068022243407	0.4811674720131514	-0.8010313854389501	1.7528876695262836	-4.039771226922703
0.20984482692541398	-0.1196003858465869	0.8746419728634933	0.4203121644961595	0.07951927779212181	0.24859871773873687	1.0739619830909837	1.8198392018625391	0.6059731842257452	-1.279338364481691	1.1024772354814942	-3.358789979007041
0.1990227239381777	-0.10906081965436441	0.8686218245809584	0.44044502362291815	0.1707748250298701	0.23515134415041258	1.0197042328569352	1.8474973182863559	0.4517328980682836	-0.8941860509551917	2.1301109007829275	-3.608188599048295
0.22080532955495438	-0.11236226614437386	0.8709586387954769	0.4243239058721048	0.10103381011926944	0.23855952220757717	1.1206630391446684	2.0111436655976758	0.45143331401604403	-0.9772050332635797	1.2314420476832943	-2.172967428898511
0.21607649872273596	-0.12480422657282157	0.862158487128881	0.4409281061589548	0.14627526966898458	0.2300839208716184	1.0335987539206772	1.8862922896329013	0.5793802528971949	-1.105478977264208	0.9747957556932833	-2.717829876469949
0.21495609513312042	-0.10188857124074711	0.8704321559950394	0.43099937125878457	0.095046405926269	0.21977544642963628	1.14024402067375	1.844342827970971	0.3523421493467671	-0.8442585013614511	0.8924980456133378	-1.3313100618522027
0.2148324234879841	-0.12728906175420965	0.8688846070097977	0.42741556391577723	0.1090233273485947	0.2549893788761736	1.1344470339521227	1.9170802344870308	0.43809187598581617	-0.889869206640223	1.236936399395096	-1.7601645499359997
0.21567325162714696	-0.10883215527170172	0.8763140263051616	0.4167905203004575	0.17893249910804113	0.2670570658035458	0.9046429066016786	1.8183080033704333	0.503285726216111	-1.051495218941295	2.6574549874924824	-3.1882541719427935
0.20719290561048612	-0.10286737190121005	0.8670479234061478	0.4412678349709044	0.10123772248406249	0.2873979754616153	0.9819022238350347	2.1008104481572483	0.5937775115634185	-1.1380205935850336	1.5190038097215075	-1.5004901099732468
0.2038462653591198	-0.10625075367584413	0.8708704486862631	0.4344446328905921	0.16972530474867467	0.2710976676116806	1.0289987983660287	2.06523529066293	0.595172901168688	-1.1707895757796671	1.3947047877016037	-1.1154645634241411
0.2157928086773778	-0.11272252236826773	0.8723522060256168	0.42394424788679913	0.12949406655881324	0.243536665150765	1.2375174821649304	2.237847897680733	0.44574727746511666	-0.9521066423220265	1.068989956561437	-1.5505860761884687
0.21133208587264737	-0.11533495910236012	0.8675068904073794	0.43527967076960056	0.10907065575623305	0.2498630944582215	0.8034646867966674	1.7745603674474444	0.6278169938533594	-1.1711196802802095	1.1918068293198332	-1.205962372462049
0.21908574157046398	-0.11821465642192394	0.8663467694430508	0.43297806863992067	0.17400553703250674	0.25497210749197113	1.0457650250664374	2.17802641559342	0.5496608459551526	-1.0343121101195993	1.451220906159971	-3.6112386169479915
0.21284350905502064	-0.11376795978170433	0.8713535751997852	0.4271971897927304	0.1330340276999424	0.25983453063120476	1.1875141133796674	1.8524515786689189	0.43662921430422663	-0.9889191016686322	1.2880257485869604	-1.2895940170351055
0.22819400573821166	-0.10254135067817509	0.8631589346890004	0.43859938510307384	0.1109210397783667	0.2492538541813032	0.9617587451960073	1.9646942445671958	0.5360579471517053	-1.0960078879147186	1.4740472869720724	-3.553672662023413
0.2262600792762641	-0.1205878805391475	0.8642264019375299	0.4328714194620453	0.15829497341197948	0.23385771053844884	0.8183353993611413	2.3262791596891867	0.5350718864457246	-0.8479626827333573	1.1735538057283634	-1.9823015030096771
0.20860187634124713	-0.1155812959051908	0.8700083172411688	0.43152259402605747	0.11365488598053299	0.25725646892977055	1.0689701742455764	1.7173269921032392	0.5001688884950819	-1.065180373494968	1.4922186265107438	-1.4318582179505503
0.2046595625361512	-0.10116596185186016	0.8720485650255062	0.43291016604147176	0.11673443163079465	0.26464031688235834	1.0897855526551066	2.3100480992066115	0.4777752846941836	-0.9377928259777512	1.278660283633769	-2.272502366718871
0.22764339771737627	-0.10847653883893602	0.8648614015848438	0.4340807298716598	0.15846250067953066	0.24362878573741506	1.2127586065219413	2.1821386084085574	0.5112061959694887	-1.109213379686441	1.4907840418552407	-2.86537009817852
0.22355084791666707	-0.10548692582195278	0.8667196104353226	0.4332373988510405	0.12513122487029169	0.24344973117032265	1.0449503301883438	1.6022468175145628	0.4977382145268734	-1.144829402691581	1.5144730786548257	-3.02555628636981
0.22177117880927455	-0.10949455043491996	0.8663496912839277	0.43389710771891843	0.13769490275005877	0.27188337045683447	1.1614217080903273	2.3242774846724568	0.500409155755113	-1.0062373149409967	2.5678877455842346	-4.283904504001221
0.21444931147730226	-0.12236022636274345	0.8625063627894176	0.4417264333941752	0.11569124473294934	0.24563889615382542	0.7266188093795874	1.9040368684404283	0.520240359781504	-0.8411431002418073	1.6176428231346591	-2.786932077023907
0.21412498033280672	-0.1018242245453926	0.8633807441222366	0.4453717669230253	0.11412169598903187	0.2510521831681471	0.8009946208173939	2.2810678304859375	0.5804571213510252	-0.9888379294005664	0.9523461578411325	-2.326673857899191
0.21511191482882577	-0.1041550984926196	0.8683091503463672	0.434646751950867	0.10442838594897386	0.27003219429552683	1.3754191739574217	1.870876761602596	0.3701191879658164	-0.9717904817271557	0.561404354215079	-1.693945129938788
0.20880202180313473	-0.11066502074130062	0.8769689207798997	0.4184261952380475	0.13949975337062662	0.24253789671021544	1.1890840874593713	2.1483126689358087	0.37964372999331886	-0.8208755846812155	2.186807573670543	-3.1712568873350193
0.21898278444409167	-0.10672459836104507	0.8689521420455356	0.430788318152038	0.14466978417149515	0.2486952703599193	1.0539730662779208	1.9572018040196557	0.45594454624617664	-0.9705796393117028	1.9950517214457797	-2.175239120240988
0.21900762637196525	-0.1090646515459101	0.8681981476931194	0.4317088575838157	0.13027623402168323	0.21846374730282173	0.9090603401320679	1.9300112599327994	0.5576546614914584	-1.0950664496025442	1.032299974265813	-3.8032120398859495
0.21256657106855317	-0.10875618934084924	0.8623599458753951	0.44645589691928206	0.15388361137517856	0.25214077746008595	1.0396967908886317	2.035087474186104	0.4486146567453139	-0.8658049695378633	1.7967613023909743	-1.6884939216724153
0.22949653016755	-0.10300162237206656	0.8688752551069635	0.4263540776075514	0.15321097123126512	0.25006668512335345	0.6673744390807729	1.968735665821455	0.5771225175416633	-1.0597403634147267	1.2244650602477796	-2.1477277017116196
0.2074661757311038	-0.09196652244465639	0.8735303660936087	0.4306328415127128	0.14853164225190177	0.24694603192306253	1.0288013129148599	1.9899179890695877	0.4613981280272958	-1.006613686825796	1.062857490248544	-2.669694259049919
0.21047484327620242	-0.12118471679708125	0.8677032229656614	0.4337115650033704	0.08011084600687333	0.26469975661948786	0.9201911600367191	2.0299414159230174	0.4999644884722439	-0.8796168776416143	1.5686121209541641	-2.273522240995925
0.22690082788750868	-0.09914880169140276	0.8661763455332154	0.43407841211680404	0.16205761826608572	0.26805764011326316	0.9429855429886188	2.186594952305112	0.6531139097211147	-1.2967190602241483	1.6124818732753299	-2.679415111303831
0.211611682309499	-0.09814499727463458	0.8752300922285753	0.42374560891844704	0.12557810506444947	0.25631540840124556	0.9792392233473916	2.0285132361496805	0.5556766615091776	-1.1669146740341247	1.863459176539826	-3.2532756619182917
0.21371784517838707	-0.11314469428364114	0.8688245223329525	0.4320496617296273	0.16906251726387259	0.26220247801941127	1.172122357866887	2.1470417831984245	0.4959244657951956	-1.0148102275720425	1.414001303223429	-2.5184773253232042
0.21835429601688722	-0.10958655960298438	0.8661701391956066	0.43596040798587976	0.1272632900099184	0.22923614322041677	1.2936087621292336	2.2126839016534587	0.4574726625982919	-1.0006270435455942	1.501616271628168	-2.0186034141784073
0.21334699801727341	-0.10774576524459159	0.867761206667326	0.4357343189515156	0.10438050609266708	0.2420266251142018	0.75818105281624	1.9801993246275489	0.5069347019915654	-0.8911297821093824	0.5912722641770043	-1.9949858282784028
0.22800526489413048	-0.10975642816990817	0.85914582049986	0.4447871229853262	0.14070659563829088	0.22667744166645543	0.9046820398371231	2.0876726789026123	0.4238998399943757	-0.7673975479878243	1.0447767674693622	-2.2429626906976647
0.20608453185447345	-0.12658221328864386	0.8675572333242451	0.43456939137041406	0.12054561784265155	0.230473256950518	1.0309074220351495	1.8622154447874615	0.49069256241020776	-0.9260537227949491	2.01800243304213	-3.5146433660329475
0.224977265578048	-0.10043503329540704	0.8638030896409685	0.43947952897341175	0.1348987802809801	0.26866877939248773	1.1404572482976265	2.2520036629362465	0.34184977401355404	-0.7410761136224916	1.7745132590708952	-2.8297701025822657
0.22257068779755942	-0.08441221331871485	0.8655842195544374	0.4405687529027591	0.11403952528414145	0.22667487165370395	1.2307717638973954	2.2306583184194677	0.4062871720732525	-0.9926139202327793	1.2381120992219983	-2.5778289329683726
0.21512158107984233	-0.11270365843689613	0.874994275648557	0.4188145273398537	0.13594752817693806	0.2548956569305119	1.0029712693903785	2.200527344868782	0.5477310380667159	-1.0673335730125106	1.136994845140367	-1.8442803554979232
0.2018926714926127	-0.09594752624481478	0.8682095466488583	0.44299616760516175	0.16924483399344392	0.26883694513869727	1.4527566275127044	2.1841063047699962	0.3999846805911194	-0.9729471026607491	1.5538825887722663	-2.5679736001485587
0.21850766487769865	-0.1188045568806167	0.870460965073983	0.42477945564323843	0.08273762734178262	0.25714221424773775	0.8516977147653269	2.2153415288112526	0.5191155104462253	-0.8822921951481033	1.565867752225726	-3.0242148708156313
0.216194639401102	-0.10539756961338372	0.8660720594164458	0.4382583919470063	0.11870514462814806	0.2538782113504678	1.19056490515856	1.894541632838821	0.39954366898496685	-0.9212539505580357	1.0598799777367394	-2.264420517164204
0.2069822350636116	-0.09431858795164404	0.8729581799977282	0.43151636621330336	0.0741574943864849	0.23061841290164986	0.9908761408810968	2.107808845577869	0.5928745026286758	-1.2139582461322715	1.4650357493640875	-2.201721285976496
0.20068806513589496	-0.09988065934021657	0.866865195892617	0.44530089439819137	0.13278795662112305	0.24628811770834544	0.8224684208974918	2.176038323875878	0.5127415872289364	-0.8807377098860959	1.8762607422332234	-4.12760657548192
0.2187075613788839	-0.10088811230990304	0.8659871094934642	0.4382407073531633	0.12089107848560061	0.2665288281898541	0.867291391449332	2.0933224825543433	0.5452310693672685	-1.0283273591748257	1.7655072101408562	-3.474022592688796
0.22600074034093312	-0.12360424303095756	0.863464838886579	0.43367514164022375	0.13841670949074256	0.2765751184180311	1.0521507963994077	1.7824206745153883	0.49022602262965836	-1.016348395440081	2.3484185354168403	-4.283523211439982
0.20376880723362328	-0.11286405183154583	0.8638678629805705	0.44662321291233253	0.09204451861154167	0.24020040863211456	0.9115149516780441	1.9331971701698734	0.42813140312756887	-0.7554439612732634	0.9967450973682906	-3.0068185007737362
0.21404033662169328	-0.11197083474132137	0.8737421445010812	0.4221657629283262	0.14099387327583915	0.2443411743122047	0.9354168961378742	2.3559327052815253	0.5624308885873431	-1.0134425953598922	0.951946597206256	-1.340986797376727
0.21608381037900531	-0.10973206240977292	0.8654445853631656	0.43848868974805516	0.10513046750657419	0.28951558873542566	1.2081684888097561	1.7296182740348076	0.4398220387402773	-1.0306142045789253	1.322992816328733	-2.3994690904906704
0.21039667030948592	-0.09930554865173619	0.8725459591056008	0.42957560263374656	0.12005850398736294	0.25392034180230066	0.9435298709280243	2.2851176413367904	0.4507680000010096	-0.8494581087282898	1.7963112894848487	-1.9505216426976013
0.2120865768331629	-0.11334981716136994	0.8668070881546962	0.4368255656454321	0.10695789275990476	0.24284613357629428	0.7764160786432626	2.129756332813212	0.6515029369320757	-1.117121660130695	0.7051939721648072	-1.649630082118196
0.21917275419511217	-0.11077405203562023	0.8556434986407772	0.4555947941404831	0.10717297373193026	0.24267571886305905	1.053601094383427	1.9322091916350996	0.4758828260483099	-0.9308009306036618	2.3198939686031657	-5.236487454512374
0.2140306607418665	-0.10703503092866434	0.8716835129732592	0.4276707046631766	0.13497366373236774	0.23512532436933795	0.9315704641030707	1.9047433819366277	0.45483077747860484	-0.9165436416610613	1.2617401811784277	-4.046710634199735
0.22599345194690296	-0.11113540659066107	0.8645792636510445	0.4348316662154091	0.13220531760241408	0.24510353308806618	0.9474021792912859	1.8913154165962072	0.43970848017790604	-0.8832783923526836	1.6469700093777242	-2.5357003265302773
0.21713634971548468	-0.09542559633378388	0.8691076491922395	0.4340479873379389	0.09653103459244687	0.2309000333879404	0.9981505920161503	2.262668344092264	0.4357402818192633	-0.8743814578985086	0.6854471121379825	-1.4107323208576286
0.21322365123513326	-0.11590227164408796	0.8695238833707074	0.43015178045618113	0.11295055263971208	0.23418367440681173	1.1550548679724582	1.9888811197971314	0.37674213776411536	-0.7982193234336508	0.6645178681429372	-1.2367244703929756
0.23544253263080436	-0.10110579155411734	0.8734933573028403	0.4139490155688508	0.12377626672882104	0.24541197071754675	1.0848606495258524	2.086842297022208	0.5168666074736993	-1.1979978842207701	0.9524837196232351	-1.5405990217194347
0.20981006508912833	-0.11497904470158399	0.8618064516040471	0.44726859473972447	0.08044840272058383	0.2511945558158358	1.059478137025775	2.056707169945998	0.6216491007301802	-1.1660826694197552	1.9441240379709128	-2.9717465032787747
0.21247250182945535	-0.09785960334430954	0.862702872331598	0.4483555375708399	0.10291490902757087	0.24877754839819655	0.9204508345494393	2.0483533152903	0.5264175639033699	-1.0020203955631435	1.469942509639484	-2.523003738971872
0.20596358479370463	-0.1256953405634897	0.872156009306879	0.42558615876160033	0.11469412140647861	0.24894428045798567	0.9392096568127213	1.9196674950799484	0.6093242499024413	-1.136257663555693	1.2116867253463928	-2.1719621532745044
0.2218674426285531	-0.11109114699633868	0.8666333545280079	0.43287437413184393	0.1285704387052807	0.24550139004468494	1.1783067950223711	2.0765890951844215	0.595652902008886	-1.2635303822698647	1.0775590468146332	-2.7936671057965436
0.22361371373332334	-0.12255698952531349	0.8635878327188762	0.434962925464686	0.1303313404820812	0.24079773471701962	0.8529874574658823	1.88947621648947	0.5034296845350651	-0.9056563292892154	1.0861231539450784	-1.4424559738087892
0.21161521443446538	-0.09358137074257565	0.8682213576537663	0.43892277473793356	0.08701066383835014	0.2402490993056842	0.8271305211590054	1.660613539984191	0.4897677216302011	-1.0135215875488055	1.74606647076006	-4.456917269915674
0.2073000097389985	-0.10970707115789549	0.8682318781215121	0.43722359304337566	0.08441618604875074	0.22090290148993416	1.249828965905914	1.9841622150159384	0.4438752912581669	-0.9761586887450675	0.8916534071193345	-2.42009107082601
0.21747120947729337	-0.10513345192130408	0.8699501829943379	0.4299301215822312	0.0943032735775307	0.2611101025765013	1.0509743935569253	1.9461427375427165	0.49788221929750853	-1.0631604379622812	0.8899817645057871	-2.561565024190472
0.21559081695547835	-0.11768855816107911	0.8702070004237527	0.42709457891189717	0.07006501260297755	0.25379947788700813	0.921411896896539	2.1933845554107156	0.5498188703187458	-0.9809721977019831	0.9059042341580202	-0.8214466878456891
0.21972595462627018	-0.10074749446832792	0.868875355414176	0.4320023888542956	0.13817277927845148	0.26213011831054095	0.8842839879680997	2.045901300254847	0.5560727099088454	-1.0910555105841977	2.641537277417954	-3.0587589633235943
0.20042406180177738	-0.11483390478250494	0.8727791332677637	0.42999994685540527	0.143306081275562	0.2478241550011956	0.4893852076503278	1.8009278098423023	0.6289952634853426	-1.0238395204027682	0.542649965830873	0.10033305961658105
0.21779805620169065	-0.11208889371031601	0.8748761292771782	0.4178418900045147	0.107272242253887	0.23541843103920382	1.002681222279498	2.0276167416289566	0.49736844205213504	-1.0201094992349646	1.084449310822228	-2.2534054408879967
0.21889094049933452	-0.10848616404179436	0.8719290404351707	0.4243315411616439	0.13066767905444168	0.2614729381426894	0.888205487291169	2.1903136779129015	0.5435594363786977	-1.0151181835475704	2.0901098310946753	-3.3561288412613557
0.20736994506054618	-0.10418355035783086	0.8762628612069255	0.42226400721571783	0.16895446741125872	0.2501423314240953	0.8292554622839541	2.064022813296384	0.5270951700265151	-0.9917950609227342	3.2191548135949337	-5.384421206695684
0.22702656381882388	-0.10609249293776406	0.86597723951008	0.43276638376076476	0.11130270431477211	0.21885182939431794	1.009049920181292	1.9517090832003645	0.4634266137677116	-0.9782098831283114	1.3688476991813865	-1.1656887320410065
0.22089477870905272	-0.10616008711804635	0.8664807574879022	0.4349099096886142	0.08331234319251526	0.23831443051221038	1.074760259158603	1.9764484009605237	0.3662060953403851	-0.7930367241252214	0.9917100643791565	-1.295952966884543
0.21714262326447253	-0.10045432512171175	0.8673718741781685	0.4363760323514756	0.13040400140172612	0.26097523400640016	0.8744257923295897	2.3212143490242707	0.526542303133738	-0.9473642985798072	1.2727517112469877	-1.2906771802515449
0.22044150217358993	-0.10160815413508524	0.8622566003868128	0.4445164588877312	0.14912055435314497	0.23245232171365812	1.159560016010299	1.9791000676442232	0.39583481666467063	-0.8904813814774402	1.828696416538002	-3.8402068196401085
0.21802299466906183	-0.10016703124623347	0.8645760697310033	0.4415209613317827	0.11973732052922097	0.276989682456933	0.8786881168202337	2.091534744601504	0.6546268397020079	-1.2412685618618735	1.800928119220725	-2.8564872569906243
0.22383651351149284	-0.09232694884864415	0.8678897173088633	0.4337515283256769	0.12266860802077621	0.22175440815202696	0.8890860333895544	2.2504382030410413	0.552834478210055	-1.0859516412472985	1.6121037311102748	-2.0910211101468144
0.21519454675001648	-0.12148554377192963	0.8649511864102447	0.4367974528668909	0.10301352126184789	0.24590737223923662	0.9544604516410387	1.9119144328176811	0.38623680191962717	-0.7033024066528806	1.4713071811568021	-2.1888773986321683
0.22662630547683918	-0.10342802799818623	0.8659304886474076	0.4337136722783671	0.11795487797529958	0.2556654673417483	0.9696422217801917	1.987774468278772	0.4760071747134357	-0.9830079004814534	1.2548738069678012	-2.0439543686222983
0.2307226065531705	-0.10338090258125346	0.8649279953121219	0.433565486094258	0.13573274859797282	0.2508960580743876	1.0773132544533992	2.0164255476729678	0.5795178034515392	-1.2485813986235355	0.6929868489078738	-1.0600157965172514
0.22092220176315455	-0.10190333686902253	0.8640017492843178	0.44080615687251606	0.11048703242233189	0.23957979801320295	1.1243780878349634	2.059047430475328	0.43366522911809813	-0.9375182015052098	1.0822211741208456	-3.179125235490172
0.21728854010293672	-0.10577566764376228	0.8708157817890777	0.42810871593735206	0.11815708024091544	0.24348412932663158	1.214080193379365	2.0871253842004562	0.4824704899154837	-1.081925061182209	1.2945345583236942	-3.3197864707714326
0.22536327722055774	-0.11684538461533849	0.860786181823425	0.4411413589274454	0.14770801592586097	0.22476170449579067	1.2891594531963257	1.8868884869854599	0.48530096559210495	-1.1057574711139087	2.0476738232836555	-3.134413376165137
0.2148404486804736	-0.1044560302923479	0.8645059013809268	0.4422239996018853	0.12386654485527998	0.25077771189873793	1.056849549813153	1.8383974300055193	0.5268161027848619	-1.10907133957708	0.9579918485982942	-2.236502517586566
0.2269343075713826	-0.10185061569757535	0.8617127148106253	0.4422425457402577	0.13729310205856188	0.25883770965542213	1.2130939932082487	1.8779121639749912	0.5213707886431431	-1.2058947699228382	1.455211332616905	-3.5027056660004163
0.21162580268167033	-0.09853881638801706	0.8672987650312411	0.4396560854571119	0.1316867133498313	0.25022874074037066	0.8063776621037134	2.2149117956601887	0.6513758942915884	-1.1766766321712485	0.6625709147072412	-1.2009314216976186
0.21977330173913526	-0.10905208596775692	0.864197551559173	0.43928342817353166	0.13803035384304163	0.2534440273765417	1.082910573422966	2.0610305123365924	0.5793782367939989	-1.1699335242323534	1.0792351552744508	-2.194951495047533
0.22542064013637875	-0.11633075446828867	0.8699390373638111	0.42291696801602774	0.12928527513334817	0.22640599475756426	1.3857543169017186	1.8417573286530475	0.37566006393798457	-1.0047503224797547	1.6102513510343863	-2.2998714769003867
0.21900719341398875	-0.10697897497741675	0.8672824462426794	0.4340650948706002	0.12210888614753479	0.24363259627297706	0.9595948050825545	1.8350687040405325	0.4988633052324785	-1.0286470602761073	0.3375329176444593	-0.6307284345988476
0.2210325329767591	-0.12786027371782013	0.8557889866286207	0.44991285838019845	0.11517466335078214	0.2272047592181566	1.0931761829541924	2.187220118385235	0.4930214319808864	-0.8532568967546121	1.639410033871135	-2.489141995486547
0.21318202654223126	-0.1083009462485876	0.8689836246901743	0.43323410371453236	0.11193122312709271	0.26965918795991645	0.8620784200217684	2.0948603574093565	0.5250165094490686	-0.9536068640799721	2.034421565365647	-4.472208333758826
0.19547164544435136	-0.12028258941609778	0.8725390230656705	0.4312755357520778	0.1340369482650835	0.2436386132726954	0.9099787099360107	1.6750379085660951	0.5752075880703562	-1.1090084320662268	1.7415583658704439	-3.3574480493954417
0.20190783083325117	-0.08672433247323022	0.873928222797514	0.43354536026033363	0.13005794018083675	0.25834745891975114	0.9134073112030546	2.2714853208531447	0.47159029306012906	-0.9216269946036975	0.7804532229333323	-1.2357136481414126
0.23059323371220444	-0.09673419828481368	0.8633903890434886	0.43820804597322993	0.1255657927954966	0.2723615519077771	1.2044552216823923	2.2051994685078333	0.42223737711710624	-0.9789339082768392	1.231859330863341	-2.0536807842571396
0.19382467358877145	-0.11669799251008786	0.8635932157470857	0.4505777759365517	0.06566477033862345	0.21437850161501637	1.1955217451167062	1.8269557315259848	0.5794958632181176	-1.15178393051367	0.4538978810227876	-1.2730445590139368
0.21719704392825098	-0.10379346735842895	0.8685603511050661	0.4331919629111191	0.1057700157136035	0.249057808318386	0.877146367825115	2.1105993790508735	0.5590198337185067	-1.0549356234727416	1.341593895927085	-3.8798879650284817
0.20982618181465187	-0.10850494503799084	0.8725634339450171	0.4275894106142797	0.09775029444649726	0.2100432158039297	1.1220157986291481	2.2518133987751385	0.5557556930214593	-1.1132817745546926	0.696740757475797	-0.5172925844240818
0.2196672667435172	-0.11838931588698065	0.8638292119479469	0.4376406681178455	0.12958338639273823	0.2588642271354195	1.142010653250229	1.9314352261799277	0.41775604802685345	-0.8753092876057237	2.2849087971363193	-4.155814140819634
0.23299568427535858	-0.10260325846253225	0.8623117473150427	0.43772597924318635	0.13258821935260098	0.2473731602365579	1.1130080669867004	2.004488230600996	0.49265833767161915	-1.0931133787771128	0.6898725342082922	-2.5212025910419293
0.22994481106734327	-0.0949429692383741	0.8741770318482499	0.4170440425715117	0.11469858550746327	0.22383187877810795	1.1700260025572862	1.813316209293795	0.5917169157029798	-1.4726145380240283	0.6221863797280701	-1.429430850287999
0.2340828181913467	-0.1094401235678759	0.8634974659984577	0.43312841028416416	0.09128996112953293	0.24810321758741294	1.2357638161150502	2.10856401236435	0.3924227330636879	-0.9174314055528148	1.1391949748621073	-2.366553052512004
0.2121902943001044	-0.10359080428205482	0.8734839362153518	0.4257581912855787	0.1459288516102992	0.21955181109727837	1.0466973680681426	2.0236951395296687	0.4239313975267537	-0.8990081437755975	1.6553182795863262	-3.116750978993523
