0.20557640359885335	-0.10851031071786897	0.8719980822840041	0.430793685241894	0.16053249826966196	0.14879271917930517	0.9994907951754227	1.9685834051264468	0.5048005052809458	-1.0029051341279405	0.454852018437128	-0.3608174914962409
0.20525172748695927	-0.10886946977891201	0.8705718959380254	0.43373233787273635	0.11043754708570129	0.15804106867796178	1.0225130211452584	1.9816904688009367	0.5033096170970133	-0.9966842294579447	0.5034033471979511	-0.32309769791552256
0.22651867372353154	-0.09975600463721254	0.8699900321577503	0.4264450421091906	0.06441164876913337	0.14818432165321824	0.9750748738136626	1.9932554487924967	0.45993930768293617	-0.9899894213756875	0.47398927806654007	-0.3231810171338981
0.2064171528742045	-0.11289720952539214	0.8667785063227281	0.43970581080721166	0.05618750976536523	0.050436622083473916	1.0073177943039	1.9945453857870121	0.5304529979404526	-1.0064327310786927	0.65884756242227	-0.27155104347578574
0.23625209949508755	-0.10967351858837832	0.8526766420004691	0.4528788016582492	0.14116826843170563	0.16605141517232605	0.9712925931764969	2.018153906374431	0.5430535179976569	-1.040412849584769	0.42161261395192784	-0.35146943035920836
0.2075223444885829	-0.10875223431620137	0.8655098840444573	0.4427189500016303	0.1445830894878969	0.1047779704042242	1.0333197548896187	2.01392844471073	0.5159052895819486	-0.9982379281216315	0.5131372772861295	-0.3104097800929207
0.22442195839772935	-0.1102928632283103	0.8644425836288941	0.43612989867564833	0.08798178489919221	0.11880613119850898	0.9830178940180881	2.019355878313071	0.4977654298309401	-0.9817714738748675	0.5514698917264407	-0.3375708441391592
0.21714848320775876	-0.11258569835494525	0.8759555599741587	0.41577981398434566	0.16568320845438064	0.19928441521243026	1.0038079747187825	2.005783109970128	0.4591577034368605	-0.9484698797879275	0.3663982563426187	-0.3598978010728519
0.23353757068790648	-0.08563732585591635	0.8652381987189758	0.43530369970284066	0.14835469624245887	0.11333887844584915	0.9438098243231161	1.9631035220783895	0.4527346557753749	-1.0200313847976228	0.5745816336065456	-0.3239459178336777
0.4603105849252063	0.006536099926342868	0.21311061629420333	0.8617745122862895	-0.102494054746746	0.05454659087602356	0.9549435403458738	1.789074703568946	2.02960522982742	-1.025552043403008	0.6942202974962989	-0.1910325249065975
0.21397184864470398	-0.11252079931291004	0.8750179651609912	0.4194027638858265	0.09225116644879987	0.13437643089783882	0.9866934263386301	2.0189576500367457	0.5006542767037784	-1.0062675087272006	0.5554631691688292	-0.25377289174202283
0.21181436993303712	-0.09834699403384846	0.8647300511095936	0.4446397195060025	0.12661368854964833	0.12197131670376028	1.046164967479708	1.9485093168701375	0.4921619525660968	-1.0245372819468368	0.48732775954370416	-0.2917804031946507
0.21584671657270912	-0.10764890766414889	0.8657168456591569	0.43858437131919736	0.11983420195274447	0.1261651868207713	1.0025798584328314	1.987958426254232	0.5056344030474674	-1.0035429137973677	0.46591568850955384	-0.32227810841637083
0.21676807955521327	-0.10313706506178688	0.8697898981711207	0.4310914967102194	0.23563633883162508	0.10566732411776107	0.9814140301447594	1.9900187324958385	0.4768074729706296	-0.9794135807823474	0.3539884512488307	-0.31362219797594365
0.21926346176772687	-0.09822167190467995	0.864066831247099	0.44233985649100094	0.16355369115929083	0.1620975393199292	0.9994088103774317	1.9919793593948563	0.5034243603616465	-1.0364668195906923	0.39196715603457327	-0.3904557757026091
0.22598723231419318	-0.10598600286754084	0.8675678091402631	0.4301428071823319	0.04059541809945332	0.09977665354218389	0.994055953139424	2.006169135651915	0.48307669566833	-1.0022715460086609	0.6245544804625675	-0.30157543220139077
0.23430395000420967	-0.1103169751881532	0.8655515163541653	0.42866350035286016	0.13442238956280042	0.14428107010625577	0.9817611017511695	1.9943193072387817	0.491081621447603	-1.0149678531210653	0.4574974515064685	-0.3606065060022637
0.19403178557021583	-0.1153904323569003	0.8801469998586227	0.4175858869128444	0.12473669150991258	0.1323360462092888	1.0468923921235926	2.033570846243718	0.4825793870358483	-0.941642409343325	0.45464464051707837	-0.33863123669281064
0.21077452256137225	-0.11287016300375571	0.8687247769410474	0.43376455465062896	0.16469348106423123	0.09468160242887459	0.9893391500592954	2.0038493545786062	0.5040259843220297	-0.9687572209764039	0.4701445638711798	-0.265463330946158
0.22989199426243387	-0.09019114513789014	0.863681007360579	0.43939770804747313	0.12233860730908415	0.11394094860539374	0.9664843873077951	2.024055600850874	0.4810102802585726	-1.0356780789433395	0.4941308802949363	-0.33719859960139537
0.20600945179401287	-0.08780416493623135	0.8624533104823372	0.45389957218468374	0.1387299954733102	0.09385433067535463	1.0084841345938174	1.9933897121015698	0.49971234908704343	-1.0216090580879198	0.5538345845203634	-0.3632657221437823
0.20079313682407407	-0.11912418732502357	0.8658097889288969	0.44256632677306174	0.2062023354624459	0.1337129305485257	1.031687156309213	2.007970050505839	0.54156596433335	-0.98708597274614	0.44331070290256874	-0.3402851758044397
0.22025131867638004	-0.09360681731579854	0.8632964625350293	0.44434934246359253	0.12254312601905538	0.1837781112886605	1.0024700076663047	1.9600822515646896	0.49000743280181774	-1.035986597115911	0.46449866387098454	-0.40462988479809336
0.2210312580969306	-0.11885818977424506	0.8709638809207831	0.4224213912659794	0.14466014697270438	0.1443051482356262	0.9989207840148945	2.0067952534150733	0.49628650144030195	-0.9812862049014067	0.4985450976268606	-0.391918047463583
-0.5289929809336973	-0.6695146467266948	-0.005156372901274553	0.5214307008220873	-0.28554460529285774	-0.22850819590768692	0.31249234661158654	0.4446511961653558	2.1392746812461	0.9091095781619163	-3.509694702547932	-3.5011733890950665
0.20481770468734753	-0.09855696943161704	0.8674775685660546	0.4425142931677891	0.15593671889162333	0.13229250870864614	1.044611239215033	2.001060797442387	0.4906541298928016	-0.9996690432344066	0.45517319288433383	-0.3156109018060436
0.231872542633778	-0.09233594907303196	0.8623779067181917	0.44046968395756697	0.11584049132427238	0.1394818761816503	0.9487259012369493	1.954831475761641	0.4741968951826008	-1.0180478011582816	0.4980604669808984	-0.34427477288146546
0.22322599291834472	-0.12114813768906525	0.8605655535663354	0.4414976928990198	0.13652095751480384	0.10704795794102755	1.0003509619481936	2.004854681786118	0.5310424366511777	-0.9907566023818344	0.6052681433475332	-0.3026225018626553
0.21757416480590558	-0.10848495026289218	0.8646400580035688	0.43964766401182626	0.1832771366365911	0.10908742441097152	1.019973159677901	1.9878213898264685	0.49421015853730094	-0.9862101845865918	0.4823735667188107	-0.3176574915414857
0.19602923552773	-0.11419913427672825	0.8733424623240188	0.43104992756138943	0.1384108940862571	0.19762188814687887	1.0079919268821702	1.967098047982975	0.5073272267886583	-0.9651443500500553	0.36588257207658953	-0.3764427930899226
0.2183904463401847	-0.09340583963783568	0.8621240717742781	0.447574627225701	0.06807996235594525	0.127852748236034	0.995309415005924	1.991065753575859	0.4992739549090379	-1.0318390850314638	0.5682461677215267	-0.3640305295723208
0.21662076592705298	-0.09597381707333977	0.8580966467951321	0.45555967223240934	0.1733190322952249	0.13171546469869674	0.9986618060978528	1.9954341961023365	0.5313546989570148	-1.0553505140134019	0.4010797727376722	-0.31515041752176803
0.22591055582397945	-0.096800289136321	0.8604471064694075	0.4463461680790475	0.1069711813398181	0.12722960179582957	0.993706383928233	1.9711003137118954	0.48499549627020166	-1.0104234894463735	0.5406659045623335	-0.3741812848745129
0.21810491534002918	-0.10029964029791438	0.8617822971154467	0.4468797382283645	0.09885102130269931	0.1169746196592389	1.0104853432764815	1.9739377103231204	0.5041118443171485	-1.0222912386711105	0.567050551744149	-0.3459329597762905
0.20143178815125645	-0.09719600757307331	0.8729247423049705	0.43356725557385345	0.13706910036667422	0.09689455963331411	1.0122552862056664	1.9849222619334597	0.4947036708932755	-1.0213247008445507	0.500303229815832	-0.3114485451308659
0.22062036574301133	-0.11498264555020747	0.873012800367219	0.41946906421890207	0.1325727933772918	0.11300223506257057	0.989602133508675	1.9768071278398154	0.4795900297659946	-0.9767492794977976	0.45841394996545576	-0.2597181051656785
0.22233017120165702	-0.11186282572103186	0.865516754563471	0.43466855276758215	0.21914372293759687	0.13784678749577042	0.995547820598048	2.0050764368096035	0.4978956662595062	-0.98462113219819	0.4611883593552782	-0.3305336433508138
0.209564712860945	-0.10433116029828997	0.8717414457269526	0.43042361914305405	0.13267291728966527	0.056007653334896546	0.9878568157445953	2.0087635250806484	0.49043373002096063	-0.9873405885358432	0.5015596015863292	-0.28585866834321316
0.21582764002381602	-0.10982965557885274	0.8648612735658833	0.4397395297709532	0.133619852280693	0.15881010407256324	1.009241742002331	2.02980472333412	0.5133299463629853	-0.9979741897057877	0.4686213215250339	-0.3797088560851776
0.2446263371319908	-0.10653612661969018	0.8673980932353377	0.42003399476466097	0.12969248604555772	0.15350590881201284	0.9396148227565538	2.0179149412237667	0.4710943176456047	-1.0082517340458639	0.41672974981488053	-0.34715509041038506
0.23052152505724033	-0.13476020329437138	0.8558423143908707	0.4429824454664337	0.1748274247999914	0.07084127789472454	0.9859727562091019	2.0151929837757714	0.5706223375872675	-1.0024841251472671	0.3980152455439199	-0.33895993067329283
0.37898972839838874	0.12139452633179815	0.804872623049822	0.44023881633732953	0.12357844730492373	0.24106520833398581	0.4760114436260683	1.4566540815516147	0.21822200911689407	-1.2104207559708084	0.3737004600248183	-0.39107555271258776
0.20837217217940912	-0.11379403335537833	0.8672882162371406	0.4375421188984538	0.15024476140604404	0.17622387670820006	1.007007459077496	2.0126211525036535	0.5222223978973448	-0.9912768766867803	0.41723265935298165	-0.43241088114615067
0.19761915321853715	-0.10235451500288482	0.880480707950663	0.41859759491235937	0.06296569190556907	0.12264602878598564	1.0286243473703152	1.9944150213688017	0.45421859050672436	-0.9533480394169142	0.5520539525643848	-0.33712363318637495
0.22190178287313594	-0.09277069283319694	0.8718458781977907	0.4266590699592535	0.08911918869806441	0.10373359215573147	0.9948267823761034	1.9920881993004416	0.4515500050437511	-1.0069595964850366	0.5630046563761055	-0.27209871923543066
0.22251464747014058	-0.10135021191750382	0.8697898132525939	0.4285802689899924	0.09833981885132105	0.18374822948405498	1.0197286012753823	1.9789014492531374	0.4711197152960193	-1.0175867386453907	0.5025413766624861	-0.36247077201919414
0.23452498839959326	-0.10299148144310927	0.8626263560887641	0.43619554599668353	0.18718817350438913	0.11986660362052837	0.9941888080725426	1.9848686109608578	0.4928226080224749	-1.0404951052101594	0.4173226639748136	-0.3539412261570249
0.03718385568019005	0.06088996886558053	0.1658149830726735	0.9835726531156265	-0.9429813786020415	0.09540672418607588	1.4357065179494954	1.7428049056827382	2.199649525514172	-0.5329949827159983	0.3057737457790806	-0.32071259361665966
0.19912593415898136	-0.11362073858198242	0.8758629844405564	0.4246212695994863	0.13477465318961113	0.12587968186731943	1.0468233934875062	2.0077779751397995	0.5016178885679528	-0.9883466530289398	0.5158975114449533	-0.29981713277925565
0.21543581098801534	-0.1046505072102155	0.8748976837994531	0.42093909959391135	0.06365285773490603	0.12657521720205053	0.9770658658640636	1.9906628216044537	0.4839584307654898	-1.0110374963462008	0.48699459306698456	-0.2643819540286256
0.20496330246074887	-0.11770476043478352	0.8735714826889086	0.4254509356530733	0.15159873877782143	0.11990368017150112	1.0217304345062597	2.0174790065038413	0.4980091218453894	-0.9566248274355099	0.4060472650456439	-0.3026420766091635
0.2118769483785322	-0.0997385527421472	0.8756778232065185	0.4223135444039132	0.047225635178296095	0.1612454189802374	1.0021015129743076	1.970085639502397	0.4461100120984446	-0.9625013683877548	0.5712348121443337	-0.42070951183916927
0.23281499531103325	-0.10864387481046803	0.8711838738990507	0.4183686702930011	0.1074745259415107	0.16313235335470663	0.9613629957843607	2.011669025429792	0.4707613198255599	-0.9928656311511014	0.4655302240160078	-0.39154002360249535
0.21636629202314134	-0.10351982832950851	0.8700016148184885	0.43077425994598184	0.07619691140410706	0.08202721858282573	1.021201718588969	1.9940448961572632	0.4849132695492484	-1.0130729991543732	0.5864932949295274	-0.28593046108151676
0.21942732497787995	-0.11146867712003222	0.8693647277722316	0.42852229017832383	0.06827882729813163	0.13813264586983762	0.9883144083446135	1.9920138109433454	0.4968559360185622	-0.9958993450041265	0.545566086653046	-0.3632072479492772
0.24145248887059986	-0.11729309023690211	0.8645925724311707	0.42476194544441204	0.13705783392637647	0.13299392727568202	0.9704115116550253	2.041643439879852	0.4971737565711735	-0.9998314307257041	0.5018069257284371	-0.3084779589018593
0.4339328302713714	0.6074954606502132	0.24635682651562713	-0.6180290269325637	0.06754762506153893	0.2136732287022313	0.43254097622574106	0.35137417119629333	1.7435836272510306	1.3441046245199548	0.6590880152796564	-0.47674289511343826
0.22646214968547618	-0.12512716426463855	0.8635255025403994	0.4328761878242715	0.0627837332592592	0.17865202008743983	0.9731564970365184	2.0262368735782816	0.5158669856649317	-0.9524897599303184	0.47462253367149626	-0.37552541402363976
0.22861918538856205	-0.10051073695438899	0.8643495133962281	0.4364983144536296	0.12420597638586635	0.11538007467568694	0.9728120583336183	2.0160488825237124	0.4877910787109755	-1.0112087682840631	0.4520988284628602	-0.35190666427496825
0.24587590037470872	-0.09565784312109844	0.863716872597191	0.4294039853742317	0.15727952098616385	0.15383910913611964	0.9241642652865043	1.9640116855799075	0.46009899257227643	-1.0171118036625881	0.46970333409274717	-0.3263685445373464
0.21094152830972115	-0.13716741759420964	0.8668290422781388	0.43046043098995684	0.09036815226779589	0.06924357248000217	1.0310620340292003	2.047315074941998	0.5586588014948666	-0.9778611992297813	0.558983526818204	-0.28445051526796133
0.20099134141687464	-0.13402420511749893	0.8724901218896717	0.424736365670534	0.09034034116817742	0.15794826374740753	1.0583129646231342	2.0641597875834985	0.552084234110206	-0.9835569593499738	0.42673073465176414	-0.35249354430360413
0.21109918898178845	-0.1042892314576241	0.8746611738434615	0.42370829539199145	0.012193654540545695	0.1526997576429448	1.0165177791989193	1.9852520522910209	0.4848423547747649	-1.0186688715838652	0.5529797314924617	-0.3268175680577394
0.2147732149137043	-0.11136975020789194	0.8681750418939326	0.4332912894655651	0.08911542128109957	0.1663081991517701	0.9844753371095116	2.0114130031723816	0.501449526199462	-0.9757277451005822	0.523101052170593	-0.39894275320077094
0.22013367654297022	-0.10988216496079854	0.8568492441126181	0.4530744388495535	0.12138079786532896	0.11517793888484323	1.014437573805379	1.995384705149505	0.5398708657924111	-1.029946924110677	0.4931919689669713	-0.34360314958580335
0.21885971763233306	-0.11441589191582459	0.8716346835044946	0.42339391373403223	0.12101520644895403	0.12491465572497762	0.9937096387211418	2.0193836789896507	0.5056232300813804	-1.008876501186575	0.4782540088910902	-0.358257485205205
0.21792984713930247	-0.11779839105484624	0.8600096547896795	0.44610930774785	0.13657104017829477	0.12350655264125099	1.01808399777058	2.000018546170291	0.5425328845341574	-1.0151221551885494	0.4692356518090733	-0.3448631146192544
0.22006327374907875	-0.09873392396039973	0.8678880421454686	0.4342742383645675	0.19992790411043923	0.13246346234817677	0.997091572680243	1.9734811265705092	0.47864241528806384	-1.0131425952702084	0.4040234801875319	-0.3207806362272456
0.23065241296407202	-0.10446909730941062	0.8719522114738003	0.41902865416001933	0.13333141995592845	0.12203601575850392	0.9854461223192502	2.0126855876158696	0.4582371461476696	-0.9941873145910135	0.5459292706835965	-0.36122209460044613
0.2184940050564783	-0.110213958299053	0.8745081125277974	0.41874671852266915	0.13314233470625778	0.13199104978660867	0.9860938674709038	2.03016213985421	0.4782496786789176	-0.9789607863863786	0.46063051056023524	-0.3661774024322209
0.21833526546809082	-0.10231465137891028	0.8724886003075234	0.4250000779995329	0.10703955874196769	0.10570398862942887	0.97176460843515	1.9639844105212927	0.4735057269326642	-0.998480881240276	0.5358605037892711	-0.30616420518716086
0.22203613927162738	-0.1188798500848693	0.8659626502175479	0.43206043851450937	0.11967898230777974	0.1615482012985586	0.9765681897415629	2.0380913809798025	0.5162746026396938	-0.9758355968600856	0.4454464536147951	-0.3750510324622025
0.2318337192966522	-0.10606049799935387	0.8643249227094068	0.4335282290054342	0.06541027669534906	0.08776318562114614	0.9621703630956836	2.005616052050979	0.4917841731676973	-1.0043364766793064	0.6253281375053742	-0.3222085924344533
0.20230501886940055	-0.12245847316730359	0.8732041202820441	0.42613514993748847	0.2982501442807359	0.07877568515865548	1.0374815262407933	2.0221107255960145	0.5146965020029741	-0.9661212740024566	0.35387894518237606	-0.2681127751035479
0.2168999015791808	-0.10169549972106631	0.8685996236372286	0.4337593247973917	0.1792682461432716	0.11554121233301734	0.9952584574222394	1.9906944507157178	0.47314117783157705	-0.9784159538086261	0.5121463371516483	-0.29079869674963227
0.21786681951998585	-0.10701437354758671	0.8673465961932469	0.43450184680672227	0.1838844954279327	0.16588776118401305	0.9906603999249832	1.990079975873602	0.4968855533090371	-0.9984695466243143	0.43075362921213184	-0.3271937694972958
0.22025143549330348	-0.11623411097491673	0.8660712147904266	0.43347386025047063	0.08417769338470849	0.13886174258574055	1.0018109557508206	2.0100471860565974	0.5037564405637363	-0.9765368679925882	0.5689394242395167	-0.37650146123241335
0.22478781826899233	-0.10766926981628859	0.8709749280780925	0.42341520963996493	0.15093180135215292	0.16689694282639114	1.0080425343932207	2.0055427327620716	0.46747356923898975	-0.9867810821164311	0.4154454891241279	-0.33219925768834907
0.20597177669658207	-0.0954426646425156	0.877210795613276	0.4230455590476196	0.04973753899075763	0.13321565598371168	1.025385331621691	1.9962661727255417	0.45284235799750905	-0.9878597515106805	0.5560507865611323	-0.3463556169579097
0.7350796545848076	0.6275032176834829	0.0796680659561973	-0.24402994176771453	0.8066999099253932	0.1435064714533594	-0.311807760225485	0.27620610131690715	1.8998731799141446	0.3912466550250153	-0.3228533451115078	-0.3250777278738897
0.20972966124306963	-0.14180112635755782	0.8592849025721893	0.444449508909728	0.10004183962732986	0.14039568174682618	1.0138609220883141	2.063075599405006	0.6159713615427993	-1.0111050779956696	0.5415516285039925	-0.3406690630628093
0.23454570460165688	-0.0982467304609897	0.8661642035034745	0.43022722481943176	0.15645726723519798	0.13169928783283225	0.9756383092061106	1.9556359653979345	0.44038129600145876	-0.9719037417059669	0.48026603222813163	-0.4064778321324929
0.2484849731595772	-0.11477771231881781	0.8708367872258904	0.4083192193404961	0.09284726380125109	0.0945346585607786	0.8859112170312994	2.0074374782732995	0.44966357085041264	-0.9338529878517586	0.5486259897636748	-0.3425947145560346
0.22042662820487952	-0.10425935821094645	0.8611261405831341	0.44609848442699934	0.12805881823599394	0.13921348194133512	0.9901476716267755	1.9930499134520636	0.5192480079209124	-1.0257798599717198	0.46888157440564776	-0.38204598205222173
0.2259375267071048	-0.10727724112343653	0.865254530617828	0.4344863919707298	0.1734015861546845	0.08749525535955288	0.9953925527883158	1.9991828476625015	0.49456375369221567	-1.0088998130745017	0.5449639116315689	-0.4106251945651898
0.20593360823775833	-0.1062741250122185	0.8626754442670603	0.4495422529748398	0.1392462998230564	0.10534059723884757	1.024312065458558	2.0015284738906534	0.5282304549523262	-1.0097405343972783	0.6189899578596285	-0.3232897051210553
0.19462373836787342	-0.09210745554377624	0.8728162448053342	0.43798358405410565	0.09335130993932556	0.15276978540102362	1.0574285437043445	1.9552456263240212	0.47569261074385305	-1.006659269598247	0.5151334392478252	-0.3753636178574231
0.21683408318098715	-0.10561122666879799	0.8706485820770019	0.428719367068807	0.14792754048984214	0.07160919958222571	0.9567326591400196	2.002983341873111	0.4816925656286693	-0.9686981797967796	0.514223996893998	-0.3032888567367836
0.19967949027580753	-0.10986990779848213	0.8730526952067431	0.43108664548532283	0.16055229536754803	0.12066792556013073	1.024423680794031	2.024008219671159	0.525954345918462	-1.0238421111182823	0.4904299171169364	-0.35787302251172665
0.22014324817266923	-0.11874346505112997	0.8585357969459269	0.44760833901309277	0.09638428467600364	0.11770537744266357	1.0087335611855583	2.003658996723584	0.5292781628028538	-0.979759941298905	0.4999901719691038	-0.31572008438420596
0.22397762110604527	-0.11187778641335829	0.8758965099973386	0.4124593191157233	0.11388036709402176	0.11549934488304674	0.9488689550911679	1.9877037146450822	0.4731072630743879	-0.9807961694528854	0.5380186168107127	-0.3610046944698641
0.22428443991858926	-0.11927165161992866	0.8719458070635643	0.41854661947569083	0.13588064008022685	0.1296215670718453	0.9426584471684553	1.9817929075820713	0.4798826363544946	-0.9401188372911806	0.4795452519403431	-0.31173932191948794
0.23082271790584255	-0.12192599292241879	0.8686319727145031	0.42110974950308705	0.13649984902031354	0.17860974158146728	0.9542671364210078	2.009585747238496	0.5071008452793363	-0.9872243626106367	0.4256863474557024	-0.3426765107953389
0.24483313447795	-0.11989105811981861	0.8554577063248464	0.44031236995347417	0.05891856768194622	0.15390334419179416	0.9979088309701836	2.0265839291153602	0.517660093471517	-1.0088023910011465	0.46409270089839105	-0.3303965647481855
0.20302670348846397	-0.11341704894993461	0.8725848645901547	0.42954904814965755	0.09426826427678343	0.10076144986417641	1.015197758751013	2.0128496467435983	0.505608628000836	-0.9754583916299505	0.47949714899818435	-0.29324821735459916
0.22129503462697842	-0.11019426954711671	0.8673945190109731	0.4318709054777186	0.1933017877300507	0.10472548480056698	1.0059884310039313	1.9913862091529586	0.49849680361966875	-1.0085752146047386	0.4407459841115109	-0.38323856974730663
0.23796787068718805	-0.10328253951958224	0.861499052925946	0.43648985252659617	0.056528041701681075	0.12714904160263435	0.9672247519945224	2.0071466252925663	0.48638211867635367	-1.012355604836366	0.6388125538588058	-0.27966327374855177
0.21537568645909158	-0.10362029123051984	0.8685108901598645	0.4342406966203158	0.1518995706519682	0.07401982180568516	0.9840653982771788	2.002082486377265	0.49942801166914286	-1.009223826244402	0.517378159933699	-0.3262910973103691
0.23232819088379908	-0.09738988880196607	0.868682063106572	0.4265328762436856	0.1135050423332135	0.1434738766497142	0.9727596041645846	1.9814947375658545	0.45864194513662593	-1.011495202374946	0.5000547238508585	-0.313417398015481
0.23022144843564427	-0.11312152797646884	0.8668597610831495	0.4274994259684191	0.1703866442509455	0.09171155007459592	0.994948519939951	2.0050133137220953	0.4927854771059767	-1.0045024497860389	0.37570377853968195	-0.3086279206789052
0.9748359815797396	-0.019428820457697355	0.0053726444830914785	0.2220100552775627	-0.02824426890937584	-0.3967261021756512	0.12109310784596468	1.8061685572034063	2.207935858901542	-0.42708267572891667	0.9383598126607712	-0.6249477106479207
0.22219375333356156	-0.10290508653542414	0.8710596197475946	0.425788231389569	0.08683028295147056	0.1255937433797207	0.9600863771361262	1.9934500507970312	0.46976913372398854	-0.9802665689176269	0.4543778007789192	-0.29879758499888365
0.21142826944626675	-0.1037612855738421	0.8691841168552666	0.43479955554433425	0.11768801388946022	0.14597327272599023	1.027436190923548	1.9736461195670116	0.48351179153225976	-0.9951752736952522	0.46938060028119927	-0.33281149848068475
0.2202109701769543	-0.11800163243073217	0.8601754356830057	0.4446132737615448	0.13068325918618356	0.14736009128627348	0.9795257069272104	2.018653799550823	0.5485221949333295	-1.0105932663309722	0.5891096336759909	-0.3937497705563977
0.20921811202327426	-0.10723307297135501	0.8791648004667181	0.4144853474887289	0.07717747872421139	0.1360142008244978	1.0051753130524737	2.0122498199221	0.47709342527906007	-0.9987443416769871	0.5172014124419099	-0.30706107257970333
0.20999411458786288	-0.10006402791165737	0.8642963792660431	0.4459612437691901	0.1012949325364288	0.12972057807678358	1.0016766008863522	1.9731513651030963	0.5127868405235576	-1.0227447644996552	0.4814145341264053	-0.2966149796585211
0.21332819055291993	-0.10346113523727493	0.8730103120880794	0.4261922941568812	0.1003690888598782	0.13372800929123105	0.9993666814113057	1.9767865218397782	0.48057245963396816	-1.004751205054455	0.4596896911757089	-0.34158800395556493
0.19768119814404514	-0.1052378020238422	0.8710158328819111	0.4372397143382063	0.1258316688831879	0.16373323605204892	1.0554495999163869	2.001496164431018	0.5146185534122487	-1.020608095905789	0.28875429829797805	-0.31580069946420314
0.2124834471963923	-0.1253905054144977	0.867014575485152	0.43291307639725585	0.16046010419864853	0.13715103552329544	1.007682728139735	2.0051132642190423	0.542666123191299	-1.0006470032635872	0.4287011358273549	-0.313699625407793
0.6795476202435354	0.43052665072510776	0.5344422046629848	-0.25929397353532396	0.18922383924202144	0.430757141542762	-0.5713543150885366	0.5036391406079403	0.6282641330749791	0.6337921140099348	0.47773323449005983	-0.45556337114313367
0.2238654703944372	-0.11178438521878514	0.8616093839938715	0.44160816545896986	0.08061122557474694	0.1494282355528763	1.0133756182815108	2.013017676362418	0.509620154207151	-0.9984629083231394	0.5055639239004531	-0.31993706240867176
0.20502379346659996	-0.10811686920404515	0.8691590571234644	0.4368506840172405	0.12323484083522517	0.1061688308818825	1.030652726834282	1.968957598545892	0.5064477213796722	-1.004037399266922	0.5071386541853641	-0.3068769930158349
0.20217542061934946	-0.10973243155094883	0.8637179170057953	0.44841415299528126	0.10087725320643326	0.19085114345055723	1.068336622484733	1.9972771665722358	0.5234220120323944	-1.0011153595258429	0.466082290838526	-0.34677206605406763
0.2909464263135555	-0.29716162604734603	-0.8944893783426531	-0.16411549912315448	-0.5702840605442654	-0.32044062619089714	2.0208700203267242	1.1972981334975739	0.3517147589024819	-0.5022759351820195	-0.642415930204454	-0.533148716752289
0.216802342223221	-0.10887548335324349	0.8667083750188058	0.43584339642053094	0.17373691875334352	0.14820094408072673	0.9785056140296162	1.9988254533199288	0.5127119905169705	-1.006992422942134	0.41732632991343177	-0.28929715421837315
0.21758447669513425	-0.11428174572055456	0.8667372630835359	0.43400828895175303	0.1887860531582266	0.18613303239531	1.0079262179151933	2.025496955189088	0.5115783003300018	-0.9936117754898413	0.3605306265718993	-0.37919951923796535
0.2249963475797545	-0.10378163013378215	0.8617654076056875	0.4426809224224018	0.16118209453294222	0.1830698864219419	0.9551825422065381	2.0065545743713176	0.514497426760131	-1.0166355505204183	0.41122663780241714	-0.3733862174813459
0.2257538152819426	-0.1463240278814632	0.8561881728330736	0.4410967087283178	0.035892021797906064	0.1137255148004936	1.0138213987036648	2.0604581193517926	0.5938871062581477	-0.988124883316575	0.5544329982905383	-0.36754593362190646
0.20981564130562003	-0.11312916153879597	0.8602959894808762	0.4506328882318297	0.17469753000623034	0.12740339131298797	1.0123745312219345	1.9965524479167078	0.5517165623320425	-1.0234123275439533	0.5202843074284179	-0.3516951374086777
0.21671504604798114	-0.12043247327831598	0.8664738303834694	0.4333055613041305	0.16498424324732242	0.15226657749391062	1.0035604849020359	2.006645163295934	0.5138907478377346	-0.971818363235379	0.5032300952793014	-0.3244002926557588
0.22841579470878384	-0.11597224848869038	0.8614467987060543	0.43850436178802454	0.09906740346206659	0.11675004692742653	0.9490022561940685	2.0374571394556185	0.5265855228254711	-0.9899651396393596	0.5807552427273526	-0.31055720233708634
0.20972099676242542	-0.11417262338325164	0.8658137809631323	0.4397137845020169	0.14005486513226337	0.11675106917008361	1.0263868100967122	2.0129962302146795	0.5225367595002625	-0.9957507526039815	0.5372995684670272	-0.30023529582983505
0.21850919621603515	-0.10435037173744206	0.8664575883966387	0.43659589851161124	0.1287528618805975	0.14541575311751903	0.9870897779880853	1.9907047072718476	0.5097790016868866	-1.0299210407329455	0.44685130953337304	-0.37348757537067073
0.22231423360870345	-0.09850093110077393	0.867560756954088	0.4338343936348353	0.204728941328163	0.10803988646427409	0.9719174404013823	1.972939439712646	0.4756394994066042	-1.0012596502081694	0.40061350673487045	-0.38261428290438654
-0.777326886565487	-0.37471670302255794	-0.4765274377369287	0.16814251390468785	-0.45456228025233897	-0.11024946706007256	-0.7888145507721042	0.6942005772403326	0.8655708896605818	0.3534505911689872	-0.03773850046971782	-0.6712655668011392
0.23351973263242096	-0.10776129729788954	0.8650232187254226	0.4308025862757421	0.19047136802386735	0.1118236965165481	0.9710785435763624	1.9752354280327602	0.47420825064603994	-0.9844723093560996	0.4589248926535537	-0.32035901971238906
0.21722979002405987	-0.11415150405539097	0.8659872232651913	0.43571410533678895	0.17319148422982153	0.134670903747908	0.9918388123817455	2.0079360472207104	0.5138813804599677	-0.9897837173138596	0.41979371867292964	-0.34165286618388996
0.21540247558652068	-0.11158233774942372	0.8632855894425018	0.4425936584209992	0.14251857194406706	0.11706933834990184	0.9983051729636241	1.993025012275939	0.527718401648768	-1.0127183218360278	0.47053822566246933	-0.3722782462175695
0.22822988025985008	-0.11449846937459575	0.865887037855203	0.43016375944724977	0.0772425973231581	0.11540869416478781	0.9609941596735482	2.03088041277941	0.5076650318333056	-0.9911933409530129	0.5349558575180119	-0.2989969945375771
0.2269655403903351	-0.10992315209518312	0.863684749380482	0.4364082925384856	0.16110462659930821	0.07898891848504809	0.9883661956490932	1.9816798982245927	0.49527101582403027	-0.9950557710395165	0.48486619455258423	-0.297809552690156
0.21861023682496103	-0.10837938912900315	0.8665826890631246	0.4353135828152876	0.1327531167909308	0.09688911841532087	0.9961428701048323	1.9756101956197458	0.500837329675175	-1.0054098465970331	0.5206449459819543	-0.2858689001222566
0.20588099444395344	-0.10677245122602554	0.864353280435434	0.44621302803308927	0.12339960448253834	0.10487162883751316	1.0141963702430423	1.9740854529405032	0.5290357323545435	-1.0203637201319855	0.5384080681052578	-0.35727499081379865
0.21607772324648145	-0.11124117971343478	0.8617529240329824	0.445328772226975	0.0856862707622057	0.14486907590058648	0.9957821139371881	1.9976065587591878	0.5337015708627145	-1.016932072043554	0.47188532721175	-0.3633984241540172
0.20695541957461833	-0.11257462816881185	0.8642735549138705	0.4444408055949503	0.10724832344979529	0.09862459636213088	1.0065426291732085	2.017344606865009	0.5369691087345954	-1.0019238288054606	0.5731211542225677	-0.28733521575219384
0.2248511865719092	-0.09846228577615704	0.8536060894003936	0.4594602989546606	0.19086585255941635	0.1406395424940677	0.9989986954881831	2.008162157376407	0.5305232738833776	-1.0441722692621014	0.42313607070033643	-0.3232502405182585
0.22191332623713714	-0.09306008672995675	0.8672184062393169	0.43592032732590247	0.23586046721374854	0.19372413790055176	0.985327698032514	1.9794166965682638	0.47723415629187366	-1.0284422949926844	0.3927099900807168	-0.3192968122241649
0.214063777701542	-0.11765517657281523	0.8731002186290615	0.42193597468294813	0.08262800515319806	0.09976657718120445	0.9760908117463878	2.0225982888362597	0.4940760160154048	-0.953591135806933	0.5842241186962004	-0.3364878299873535
0.21756378523564215	-0.11391116561039809	0.8690323183982647	0.42950328902414375	0.20029631332328093	0.07298270264595519	0.9892476047550295	1.9737772705069083	0.4953648617760346	-0.9799162635647465	0.48682554194824545	-0.3522880936728256
0.22652573053627476	-0.09625594282117314	0.8660436698814404	0.4351887506989359	0.13976200892328963	0.12173610057218816	0.9696573615414803	1.967485165928355	0.4748508515420774	-1.0145293874593297	0.3925277242841976	-0.37466467268548825
0.19010752904677447	-0.1140060563477965	0.8668022530949686	0.44667169212435964	0.185026173778263	0.14832747835433388	1.0414944289642885	2.0023039298432517	0.551861228691733	-1.0031432975973318	0.25235521431978336	-0.23646140843710173
0.2271916935042129	-0.11024867048358068	0.8616556648652919	0.4402029989275885	0.09551828118678257	0.1054852520313319	0.9950323203777883	2.0052947902302702	0.5059172117660606	-1.0016025014657512	0.5701020326663233	-0.3500606985855294
0.2003670999352525	-0.11202961367235353	0.8731734753873792	0.4299656646801995	0.056157951649133675	0.13118903156036388	1.0277259035415245	1.9813159187779485	0.5016416173492492	-0.9814191945094567	0.55298875129182	-0.3548982371996657
0.2110900399370805	-0.1118461741988142	0.8676855415027137	0.4359509484146042	0.09045938052061749	0.1760078866510818	1.0297088293028303	2.0010881114688495	0.5191032393849573	-1.0183843053322161	0.4636959889378281	-0.34771697410514096
0.22580109950222715	-0.09655580479597475	0.8684790634833505	0.4306215929500862	0.0007617303127943666	0.0867930442652423	0.9668544976714109	1.9762010704214625	0.4631044098273356	-0.99785894394601	0.7460008454595393	-0.24883961787150352
0.22082797570216445	-0.11678951293549436	0.8675446786156008	0.4300714422294605	0.16421108996618142	0.10296875894566193	1.005515145287468	1.9910481874678494	0.4970985304223437	-0.9783665445455769	0.5084001557466494	-0.35993775186694377
0.22341013614408428	-0.09987431404985031	0.867886090049572	0.4323040216787485	0.1338101173550719	0.10762097750689496	0.979109371141076	2.008197991020312	0.47930876202431216	-1.004295465008531	0.5529098302147589	-0.30097625972072095
0.21187606971367173	-0.09185105677548377	0.8767774037884649	0.4218214061162298	0.09040655037184901	0.13463075717290163	0.9618268812274126	1.9826567996382873	0.44336489093488185	-0.9729503745509375	0.5573189359993108	-0.33093194445440793
0.22598503773697426	-0.09529886961736653	0.8592731148194358	0.4488859569168715	0.09311235591177917	0.1378160374103298	0.9972588287694741	2.004457649942871	0.5031300241027927	-1.0396162356978533	0.4850733590418122	-0.34452264016655754
0.22974221889757038	-0.09252196581838278	0.8736339402293448	0.4188340210351498	0.07988086182237479	0.11643473325538378	1.0032482260276465	1.985655301614196	0.4271017565913818	-1.0025506788145264	0.538571167959884	-0.32178844874257745
0.22726637561308943	-0.10352413822195643	0.8622314440097166	0.4406695862911467	0.16065767108431542	0.13637621792079926	0.9358037713032579	1.9657723462192958	0.501279988754888	-1.0016375660922607	0.3639112674146357	-0.28848227443035307
0.21196258814911892	-0.10506461713469595	0.8655708548473117	0.4413846199069025	0.12979885786392473	0.14333490368897336	0.9826144539013465	1.9612793628491259	0.5184901924373494	-1.0217991660942085	0.50744871027111	-0.32966291671042186
0.21361550312004088	-0.10220288732187262	0.8676813002869775	0.43709512440902876	0.09719530188045555	0.10438578891960958	1.0042915738453189	1.9974979211465274	0.4797775147710909	-0.9761631940129535	0.5600352883880116	-0.30934021263761896
0.22570809343008902	-0.11199315914394375	0.8663757529442054	0.4311686950318572	0.14770674590661345	0.11834264398173405	0.9685541356754042	2.0230276594433425	0.4989049099484348	-0.9840333276126937	0.4523432062035288	-0.32360003828778955
0.2119466171362279	-0.11259345028278257	0.8711195851629405	0.4284297081009603	0.10218820646239064	0.12008294519163511	1.0124941290687663	2.0107804288651163	0.5129865774260575	-1.0154913293230807	0.5048896722994902	-0.31381456532920887
0.21504636366069863	-0.11376525688841672	0.8692051864576585	0.4304589081858226	0.08729693545532792	0.1552626074615332	1.0158119649567232	2.0093251885924235	0.510068430642573	-1.0063896694878518	0.5395547645238309	-0.3558018035986012
0.22254507749202582	-0.11062782659143083	0.8615819837446121	0.4426190887822434	0.10833699694621846	0.11702763918994184	0.9865768239534236	1.9751036009674316	0.5116362971085794	-0.9983144064230878	0.5850708782517886	-0.31374810343236464
0.22024581738252105	-0.095093517580572	0.8606547121630692	0.44913524607980043	0.07786790674632774	0.11425943453279434	0.9892605038435869	1.9876584685388734	0.492205757616852	-1.007461029494538	0.5892399692722491	-0.28477934321002857
0.20551744321929669	-0.11198861015377959	0.8664097988229604	0.4410841101558583	0.05566829339803766	0.15611384494953837	1.0256949593744922	2.0245930829714385	0.5384838128239564	-1.021606722272625	0.5252202074580805	-0.3367613270276219
0.21066205292053722	-0.13527759206581627	0.867772752247086	0.42929235143628747	0.1604933524926439	0.1856173379374092	1.040753485663015	2.03862524470738	0.5342086496539649	-0.9481619238450522	0.4490638940229063	-0.3372111513908162
0.21789791388876037	-0.0983802834971213	0.8679504659991157	0.4353203504476566	0.1531159415241595	0.1309546217732193	0.9942999676195206	1.994658682770875	0.4771138755805132	-0.9981890629070447	0.41485884925796795	-0.33311826054779325
0.2165366002562947	-0.12052818693165518	0.8727827237148291	0.4205177452728219	0.13456340117282803	0.08599463272388085	1.0066796997463092	2.0277958402477823	0.5089894665408334	-0.9935696205069181	0.5213282716732098	-0.30569104342025416
0.22048088529836865	-0.10808547259990776	0.8665137160249127	0.43457990033088173	0.13883774760190895	0.06322747591460348	0.9890133477429518	1.979695208023355	0.5214543763398828	-1.0491272499070499	0.5581507407875853	-0.29136548485131963
0.2312076465626227	-0.1111640853758292	0.861899247865001	0.43739599543580004	0.1448619996104185	0.1617331241015191	0.965787076131667	1.9992164928337897	0.5150188146609108	-1.0172718033417172	0.45893682419655396	-0.3366555581021315
0.23883671597967676	-0.10911030333949488	0.8588295143143889	0.4398452343128404	0.11178480331712028	0.1537144851141539	0.9374424256268163	2.0035705303404687	0.5117823399549857	-1.011308582625346	0.44105220302785697	-0.33368062646253843
0.24473285469105446	-0.09911083809178584	0.8549831489531908	0.44641537452645713	0.10257377238322246	0.11596047780796125	0.957570857110593	1.9795116234007755	0.48850371322040326	-1.021067961447294	0.5270320021139947	-0.37480178608704046
0.2272180754215738	-0.10884157622205565	0.8519703675031651	0.4589901419243514	0.10285323287499128	0.10091335289757997	1.0087886677499058	1.9776860936884724	0.5545592782603067	-1.0597801032197944	0.5760916612361506	-0.2880660685207131
0.21460496356296502	-0.11983228093372572	0.8736251173200049	0.419957245976262	0.15454211712697277	0.20710074489960215	1.029944255552397	2.0529460932882575	0.4949413493990701	-0.9701347810541349	0.3974819238573703	-0.34331445236163133
0.22570331905240518	-0.10178909819112823	0.8643466293775098	0.4377235377974352	0.09848315978911228	0.11242974032807529	0.9479687969311462	1.9925808323859964	0.4908287743025251	-0.9946526903365672	0.551997121390901	-0.24862332174456814
0.22701568693186844	-0.09177234177349372	0.8674222539057787	0.433151646194817	0.13959027184719439	0.11780260845222196	0.976155332277883	1.9791637386701508	0.45459244340245286	-1.0026365776010173	0.47526322475129484	-0.2938611099041195
0.21978106294432534	-0.12642532806583287	0.8677158344939329	0.427530292918533	0.13728652718681453	0.11469251239763317	0.9996031702521972	2.0382233645192414	0.5169979577027787	-0.9604421273786199	0.48312438250114464	-0.33252659664997253
0.2170057172487823	-0.11092744396250226	0.8743387189805721	0.4196849119860038	0.16617625999312602	0.16229161365981057	0.9794055101134479	2.0312153512823286	0.47728088414086794	-0.9638760256207773	0.4088427433138824	-0.36351772817527456
0.21773335687304246	-0.11612302197610977	0.8674061995615995	0.4321042860630231	0.21864014797989909	0.12229465415720099	0.9971270041795681	2.03530524359088	0.5095620719121843	-0.9783733422528571	0.38138465672960004	-0.3143544884799491
0.22221962866819928	-0.11395505990441404	0.8577089626146691	0.4494085183963664	0.09707292858655442	0.11353434144516349	1.0046904144348499	1.9889680126160996	0.5362064100405671	-1.0158196536389963	0.5691327574209951	-0.32538982584991333
0.21838237284782452	-0.10154029011043196	0.8690186814379603	0.4322097176434973	0.20591136842940905	0.1392867563753845	1.0028890171209233	2.034910635367482	0.4838752585348933	-1.0015612525107007	0.43316444044860763	-0.3184342913817706
0.9446429037722641	-0.15300271480430425	0.1861251944698157	0.22270466002935616	-0.05675018337038997	0.007217942338463824	0.05197626116280767	2.01225000066864	1.95959637841476	-0.4757401587628353	0.34480383859879554	-0.3375125324788924
0.2264854703817781	-0.11310937117074954	0.8655514581059935	0.43212414330825216	0.17356364496467	0.08919775734191533	1.024837806093576	2.0005159471037968	0.5014579559957145	-1.0179283976302371	0.5094303223963582	-0.3147719805125749
0.19125105522497868	-0.10516575279352623	0.874503031123398	0.4331369839562217	0.09444352236794352	0.11016882560148018	1.055990951681235	1.9811676801634286	0.4904329692125822	-0.9754270060310263	0.6148593693987107	-0.17781891672401237
0.20870312529565138	-0.11992221393430517	0.8695437614262718	0.43122536458512445	0.12783876398676614	0.13901219405544846	1.0397937447905232	2.01177257329734	0.516559375572936	-0.9853849068526599	0.509889098400672	-0.3407604569308265
0.22646027291362325	-0.10919137795715529	0.86049517604006	0.4431038701969223	0.12508533046214274	0.19876076946947596	0.9545820945822929	1.9849313854030153	0.5212855631403254	-1.0110524215405319	0.47614613455587035	-0.3753955140122032
0.22767746376629475	-0.11047390574983494	0.8661007737420351	0.43107764772111795	0.13350672156825819	0.13401245962276956	0.9537296742467345	2.016786259476935	0.5026724964252393	-0.9968170202479819	0.5106734371954689	-0.3110337190030496
0.21302983728161712	-0.10830224845868452	0.8676691155510127	0.43593487739051595	0.18045764785072937	0.1708894748694617	1.001665597128528	2.00805434240985	0.48597578559939053	-0.9578816942257081	0.3999910958335761	-0.3463140961523538
0.19403219520859982	-0.10287846759291869	0.8690196220356042	0.4433648888278819	0.06019120969059181	0.11024537218240926	1.067845152116083	1.9769792598481877	0.5085913602949226	-1.0054553827308264	0.6099553384327666	-0.328611202525164
0.2249066221088071	-0.10783513623340187	0.8691452633477776	0.4270539847902745	0.1393451742623998	0.18671576092216324	0.9829529050111989	2.0107505228287317	0.486226127741455	-0.9995087554317678	0.5183299977280006	-0.38844101641331324
0.23463845610144468	-0.10591970752967039	0.8668118406738321	0.4270398615384783	0.1773083966229246	0.08244087662188128	0.9507737642156588	2.000377289242723	0.4699562931543853	-0.9801717074119689	0.5041232111609294	-0.33551255106697275
0.22844484264804688	-0.10344298136704512	0.8643536194985733	0.4358960012814086	0.07749955304949373	0.1597496932951432	1.0096612627223664	1.9983403171781893	0.5005634218573446	-1.0475008539290829	0.47990942840918094	-0.3515787857755664
0.2283819204017707	-0.11711064830330188	0.8667523000752545	0.42762979877674073	0.026971370329786113	0.15745423153087676	0.980151568636179	2.0039430028937217	0.49473464895496705	-0.977430079481087	0.5600676068707879	-0.36442951682363783
0.1956187345734587	-0.09698000657921908	0.8745856901455248	0.43292962430451626	0.14807349558617544	0.0797838860439085	1.009225549376859	1.9426633858606277	0.476253521403735	-0.9829505945939403	0.5190779185882651	-0.319419701834324
0.2245535365806333	-0.1233598215523713	0.8652504097993715	0.43092898716345013	0.1116208159220551	0.16308622180559107	0.9723787019960287	1.9923193740163947	0.5175115700574211	-0.9754646927094727	0.4339903582356936	-0.3209705023432752
0.23125962139743036	-0.09997958373005766	0.8677263468927189	0.42845543205390507	0.07288719255442148	0.1238385498019849	0.9662766791346664	2.004831028336878	0.4564611625320188	-0.9781693801216852	0.538531067641209	-0.2899425473595419
0.2188216564933743	-0.10090685933877079	0.872603568603327	0.4248504448021916	0.05655389076780513	0.09230165131606277	0.9924028197344981	1.9747094899166044	0.45387268197424496	-0.9743391427166078	0.624748025757767	-0.30034914248499134
0.2511992819925907	-0.09236129325428791	0.8493308891647251	0.45497840931791467	0.07997336641333865	0.1493241027588426	0.9833013289701314	1.9631944266121033	0.4798880813342304	-1.040192617484441	0.55100746691331	-0.3433814903885371
0.2246285240536447	-0.11336833449775276	0.8655925408798708	0.43294249050863076	0.1722003399856957	0.01680755756839118	0.9954081540266743	1.9875688053901355	0.4997556060891222	-0.9951770353856297	0.5483890233934493	-0.3207904449338368
0.5759145818164851	0.19321400771855807	-0.7943215799115333	0.006630939550456285	-0.09160568212245973	-0.02410965412781602	1.7137795138225853	1.8745144349424925	1.6970856985814327	-0.17211213873464037	1.1453362857161646	-0.444269801451401
0.21840305619198017	-0.08902040249891788	0.8721676302619695	0.4286013272356421	0.1477872005960281	0.1620718333345055	0.9696864220650605	1.9645124536289162	0.45628365260405906	-1.014594666830254	0.4673657478664617	-0.26697671228669656
0.2099140685382112	-0.09978592704792058	0.8603615392636388	0.4536043147378827	0.0071728892407186004	0.09757428391978497	1.0404622064623559	1.958194768229116	0.5079334252367123	-1.01413003197855	0.6553921208914756	-0.32936409942942113
0.20655999991583093	-0.10987747975791581	0.8689765027461344	0.4360501617382089	0.15129765231961215	0.09353339647522725	1.0391873467721375	1.9821579179561717	0.5003415719786836	-0.989897789351698	0.4541748095253262	-0.3163503209471024
0.18782382596728875	-0.1255227888657412	0.867998410562466	0.44220470275134893	0.07963731175253244	0.1778327105269073	1.0711063242844798	2.015372257293067	0.5637995211418747	-0.9895444960472953	0.45538185245773355	-0.34060613754848196
0.23155776986130205	-0.1140591501691245	0.8596230185379513	0.4409305789795695	0.06793514860904372	0.11213802952553008	1.0064900873982041	1.9887822852722392	0.5078612465278441	-1.0042193069469627	0.5950725051004873	-0.30921640077357143
0.2146200851479744	-0.10347920742298321	0.870469961617169	0.4307114098841493	0.11363458524660176	0.05719053054183909	1.0047399959219976	1.9936918841550055	0.4793619611987688	-0.9904588214612867	0.5280469237709376	-0.23534530519806363
0.21850145724538775	-0.12314687973262776	0.8603656027898074	0.4436924483579715	0.19098913961348155	0.12957901863585428	1.0341742447780875	2.0179279697994623	0.5257407254500627	-0.9686806351499913	0.4041600053054419	-0.3073744688322711
