0.21147584286008966	-0.12051348739884568	0.8661955299571641	0.43641696933530255	0.06354441850838254	-0.012458011194985638	0.9851875438575898	2.0540272753931097	0.4955145997443274	-0.89368181068589	0.2860455242575611	-0.3658985309754939
0.2152543103411457	-0.09374778370609796	0.8773536341720097	0.4184824196246718	0.15091602253813877	-0.005314326286996247	0.8242189512724357	1.8742635671416457	0.4714670808247821	-0.9925195508863823	-0.25375639384232745	-0.4587558240872311
0.22764755301486989	-0.10003956938294675	0.8646475485143696	0.43652410358662613	0.16834255040568155	0.03722953245254957	1.4564498855479104	2.307309144329107	0.4623149765555293	-1.1464992340855897	0.2568183702075091	-0.3257855132947043
0.21265310094543133	-0.10274831936336756	0.8614073538907858	0.449665222347882	0.12875923806413447	0.001633388899519214	0.7095698504327922	2.149335881755302	0.4652178651164321	-0.7356443264160837	-0.3126417065447497	-0.3914506383187781
0.21921859127757623	-0.12333888355390299	0.8657347107435512	0.4327056039107089	0.07477190444072361	-0.018984741853053457	0.9587596623588106	1.9027766466363085	0.5130645865879407	-0.9698728488308932	0.2041555768625208	-0.5696468808082589
0.22461278793009218	-0.1196370954374018	0.864474410209042	0.4334974682593916	0.13115130336911754	6.457944217523403e-5	0.9493605765071889	1.9711956421187555	0.49108213027702363	-0.92719881670259	-0.3388840912228444	-0.45611113756032023
0.21649253908400828	-0.1305930630677787	0.8673307244070091	0.42873517105451864	0.09202279615824938	0.008362018884666528	1.2217607064322087	1.7683130249665495	0.6075781648129951	-1.307436176831418	-0.6054382370602124	-0.4160608496579115
0.21934192370090086	-0.1048239117213979	0.8702878111327195	0.42836922605671945	0.12577614154748754	0.004900629782430531	1.1758927311831358	1.6040021945332312	0.3350732162963994	-0.8903415606522326	0.3510539023670653	-0.31750649309343726
0.21022257419492396	-0.11382654378023116	0.8705767169197635	0.43005367942515355	0.08093118820334107	0.0008929551392285556	1.0765973271403975	2.062434209216731	0.42534579621215746	-0.8414332159168427	0.8384733762005315	-0.6182471270624935
0.21808016392369786	-0.10147403813941239	0.8690284371314596	0.4323582277967506	0.1398644878909631	-0.00899392291468541	0.8884714656123935	2.102022372999637	0.5364151249485689	-1.032979768601281	0.4430365157861531	-0.4349794564081742
0.2126993773529414	-0.11083578431917074	0.8691551696567568	0.4324854851286453	0.14512343316125667	0.014696042537979152	0.7934997086430079	2.2815371494414722	0.6088790775244252	-1.0291936903737424	0.06501569200442675	-0.5540008497696595
0.22603735014721826	-0.10486024661612908	0.8689410272888026	0.42761306821975037	0.11256338075504442	0.012328305190186004	0.997151366621335	1.9286279809468725	0.4682613850892707	-1.005695587563413	0.028127752185253485	-0.6806655234054036
0.2218880940082676	-0.11465959964558403	0.8676951145956212	0.42979534438309636	0.12408694103457414	0.002302595273645848	1.3978384218228546	2.1541933139283813	0.4446787360787995	-1.0447072843941325	0.1405548642889041	-0.5494594498624791
0.21611513308222766	-0.10617389159776733	0.8678828225782483	0.43451209450307543	0.11410911607282208	-0.02477343737568784	1.2298651528026041	1.7795196666753477	0.445009694344512	-1.0657245642780706	-1.8883533486748434	-1.2864837046258268
0.21544800863379887	-0.10251524425569145	0.8672313179355808	0.43701558491962506	0.10624876470374207	-0.036751334755749966	0.9414970707306418	2.1326595340472174	0.44637635255426256	-0.8496839044438095	-0.543961454158434	-0.4686442179723998
0.22037734881214513	-0.12695644228707456	0.8646675940489175	0.43320415244315846	0.10631484294967745	-0.014774737400551755	0.8622897401002677	1.5578730533383447	0.5673805833533123	-1.1145846770848007	-1.0640241808322184	-0.373559837622728
0.22165867722255572	-0.09685183321553759	0.8711445270275917	0.42731062032742656	0.09890154599325061	0.022623141570295352	0.9497551363969555	2.103917026055722	0.4777401353287513	-0.9897576386498145	-0.490297123112808	-0.02279934313441238
0.21775425776218654	-0.11639285814866852	0.8705443478662118	0.4256622184274933	0.11640344951539637	-0.015887299302235546	0.9491186326277207	2.052847445961836	0.545417766158644	-1.0396698983234356	0.5699204968389341	-0.39559635380712405
0.21006696295075075	-0.12231636560414644	0.8675298431741436	0.4339384161194841	0.12656448166389692	-0.0008274080219387911	0.9614337927867409	2.05365862827193	0.5613083144355521	-1.0087171705977842	0.2303833917273497	-0.5614015760320806
0.21358425458344094	-0.11080015291203685	0.8643123008207761	0.44166654724871474	0.12052233492421738	-0.011371183000376837	0.9463302548476785	1.946929557609884	0.470134139499818	-0.8892316423584133	0.6201543985163637	-0.5669080717167642
0.21366543278180988	-0.1044755088430086	0.8696226010667311	0.43265284305097235	0.10004236194641096	0.0184184903253501	1.106710853340384	2.374931517090071	0.5711819304561432	-1.1211214685499216	-0.490484794735196	-0.7676551809406355
0.22225897627933716	-0.09749246721341832	0.8791745356954209	0.41005890075041995	0.07200246591917779	0.0018696322968611942	1.00149441922213	2.069862301863076	0.48848877142123354	-1.0980423294014576	0.02536065983855541	-0.5085976197616139
0.21028273640204098	-0.10379020703461472	0.8691545557213718	0.43540684648242073	0.13602291328834545	-0.011583312164066521	0.9911891220022863	1.7675995729748848	0.5404662365690049	-1.136222663831552	0.4809749181445966	-0.3771856209062552
0.23297936476466719	-0.11948352173364868	0.8572125981867589	0.44343078956910864	0.11297960259853523	-0.0031263533603368495	1.3354182780340493	1.8136991539112794	0.29902847092012985	-0.7909886290641355	-0.2260933438778557	-0.580455004969485
0.22084728956895905	-0.10121351572229108	0.8724513624436009	0.4240411761792509	0.09880987307372485	0.012767919146771193	0.9649259816164526	1.998570252961958	0.4573398363177006	-0.9664762581364537	0.1171879734306399	-0.38833300287280187
0.21504178155756248	-0.09949564724413155	0.8647184487269631	0.44285398586357494	0.06543566774102043	-0.02077312308604778	0.894134377496209	2.3121392942126513	0.46768122579560545	-0.827905019859111	-0.41879585792231366	-0.6139835536000637
-0.28310284856396317	-0.6667633650762878	-0.1527531722996311	-0.672269187513093	0.38897233886250354	0.33246987057585803	-0.2290431694809156	4.667410538788021	-6.5658332384606135	-3.0408410281419185	-15.26926481429308	-3.609387292778793
0.20536574942018337	-0.11485273645760753	0.8716398561955777	0.4299740910620527	0.1465365386376749	-0.0018479970475315099	0.9844413949866007	2.1506269262118183	0.4403708153611793	-0.7884426491922193	0.07958035184526387	-0.4115979780189101
0.21721008605558417	-0.1100924693554676	0.8685400828254048	0.43166833475780914	0.1140522221399232	0.02008950753171819	0.9235448721925715	2.252624643699258	0.4353704789335617	-0.7661969544918478	0.45973657610395907	-0.572112006290973
0.22573427104052368	-0.10342454600516991	0.8631794558387818	0.4396232809796273	0.13131715312834563	0.00922354562809386	0.9857628895338904	1.9507059803005413	0.4975497415578124	-1.0241593690235968	-0.2542315404327283	-0.08007326531885729
0.2168325522977791	-0.1158965877954363	0.8624623284549245	0.4423916332815478	0.15313287898958108	-0.03994584333728597	1.2229222833953108	1.8063732457041684	0.5045537110659722	-1.1098207923666064	-0.33796004801305474	-0.7691218918449664
0.2192975102830984	-0.09885604368141734	0.8660064855611509	0.4383706782818806	0.11586942775138558	0.00841317225183291	0.9838315070144356	2.243275396734759	0.45910793432241165	-0.8932643936127301	-0.0724330002186697	-0.20886110534765892
0.22159260972544684	-0.10972405718642432	0.8630130451022942	0.44052903488065537	0.11462754022489262	0.01708189402972103	0.9389953455212663	2.1252900859997506	0.4360748384739226	-0.7972624381935411	0.8551211107822594	-0.261077887218293
0.22720894229002964	-0.1047447219226779	0.8719713968409264	0.4207974843841996	0.09159245214734872	-0.023973290561456334	1.095253999369806	2.235563230228268	0.38884542200477984	-0.8406660038457767	-0.5367659902439542	-0.6110008770156288
0.22257552895451585	-0.09504155436297998	0.8739901085426713	0.42138880742665163	0.12314637306321219	0.011066345930220373	1.1111425460659234	2.0077206068420255	0.5702932517865568	-1.3168999840137372	-0.41928261441592185	-0.5272963207638088
0.2200279716784655	-0.10845794739820479	0.8679453722716363	0.43185112721571045	0.1348550591551275	-0.0188272272682378	1.1490007784806933	1.8876716789140482	0.553349587067084	-1.2234691428019038	0.15601449444905327	-0.9359857890668613
0.22347556579576128	-0.12372368611474249	0.8643783487469622	0.43312953166913015	0.13764508569715342	-0.018500308686723897	1.332835434111541	1.8075932500598333	0.34991475455962406	-0.8696539096608464	0.7214811469308263	-0.26048768628901037
0.22025180396262206	-0.1173574912389258	0.8723037942847959	0.4204788372530355	0.11022724389390902	0.011833099414493809	0.9148120250512418	1.9008583403209733	0.5944586915573186	-1.1818849391355761	-0.09252784152575722	-0.26195815812610074
0.21274084910105237	-0.08897045964455048	0.8721781892738235	0.43142878275497015	0.11323538074538758	0.012000699760856713	1.2777306877425623	2.2343582645614237	0.5368492196268468	-1.2545797395692344	0.4908574800005318	-0.5238412674440549
0.2272456301155409	-0.11670739440359526	0.8631398447532226	0.4355782548340736	0.12598583161293994	-0.007133634793312602	1.0357892499951669	1.9745923370063074	0.5118979782762825	-1.0256907700541897	-0.3786427711965514	-0.40533964961434465
0.21129979873640053	-0.11182841516258446	0.8665344371820343	0.43813795749032797	0.13425918843432685	0.01940309965142457	0.9261668438655875	1.8622416045912173	0.5015091756412975	-0.9632178734003783	-0.31118626041524605	-0.3298724360041166
0.20737923111719822	-0.11074170818441854	0.8661376730896069	0.44106196823638966	0.12117351656599351	-0.01356899946945655	0.856502381807557	1.8904950890913579	0.5189000233560142	-0.9470392797071042	0.14764117403805355	-0.7240961602957922
0.20323808472867674	-0.10315586331576125	0.8740669627473033	0.42902225281808354	0.1566888050797923	0.022501835613122207	1.1658200994882442	1.8946925594373834	0.42784457254296726	-0.9683768168039192	0.15014977007517646	-0.5896276093708223
0.22387582340911993	-0.11593774875073797	0.8650005890298134	0.4338341100992121	0.11561989023337634	-0.0011796033201832005	0.9754174173336251	1.9097077887484761	0.5105672703630771	-1.0109996772199779	0.4129652960406818	-0.47097480553014187
0.20460698681195683	-0.1149399182590989	0.8701377460382576	0.43334178088177033	0.11039403216834771	0.006898620340266952	0.9110149253058624	1.9989404420569017	0.5463593585254212	-0.9970187219607617	-0.028805755648168507	-0.3071763282339601
0.208081289872153	-0.11142035540891883	0.8772714761504922	0.4179502821370356	0.14151555346621827	0.02654098323112508	0.7816297286337937	1.9855947352693288	0.5333246839413909	-0.9792489711714545	0.02591690553116688	-0.5362395129682255
0.22398486974669346	-0.09737920842081013	0.8652333938432023	0.43785755911079927	0.09867250460178832	0.02308198571511227	1.1393722307406167	2.004111248049475	0.3731560138319007	-0.874509095678344	-0.17759870191307936	-0.2345232234287311
0.21705342754028017	-0.11083792333786059	0.8675764130915552	0.43349040564971913	0.1285622607587786	0.003927284188552738	0.9204196130943929	1.9992560292657013	0.5571760299653326	-1.0647977920965186	0.163643477881292	-0.3999572563609934
0.2154414602660136	-0.10393607707882598	0.870571943731793	0.4299846042208486	0.08316507922250994	0.016497702059148217	0.710297734844358	1.7604945039429412	0.5174746148098902	-0.9780526229975259	0.11617944972357352	-0.44446375692654777
0.21033787543769636	-0.1255343093401962	0.8623867946404811	0.44304416457566936	0.1111116360899752	-0.0007531947375883828	0.9676108491952903	1.9053446067204374	0.6219739133818579	-1.1301834457100517	0.6393600739841424	-0.23824871894960764
0.19723799248942525	-0.10963139809806086	0.8662614308919788	0.44572330454979286	0.08422809757737598	-0.010375862706394285	0.6856769880144556	1.9288353143556725	0.6097386206966268	-1.0140230179118035	-0.28139903468357425	-0.48535230004679186
0.2266050985294073	-0.11844616977561319	0.866885543465331	0.4279370148944608	0.11352441624150027	-0.0032274986395810588	0.9693043142931677	1.9773047556003471	0.6028585762568339	-1.1872179589369152	-0.2547593805976946	-0.716307949084151
0.21401343558957198	-0.11759364204322391	0.8663009570446799	0.43576672264140376	0.17790606209673043	0.0047586854751026	0.7471130621371483	2.0648268070698768	0.6471454852198772	-1.096239013083653	-0.07105321497887694	-0.5107684408111229
0.22262254998957154	-0.11935973011804944	0.86134237444573	0.44077405668491754	0.12182371957438053	-0.018794101432912814	1.200764161943845	1.9963457203550294	0.45555720074178097	-0.9561012220557181	-0.543212007486792	-0.33107795631778486
0.2185618890121696	-0.09624996426492968	0.8713843201666475	0.42855106068955373	0.13287396180509653	-0.0019311852098044884	1.080726692236281	2.1347066971733706	0.46265685983808114	-1.0124631511220294	-0.1265694512861004	-0.5401388883317659
0.21776346357119633	-0.10830847713080928	0.8596989861568574	0.449183705087298	0.09090906870408912	-0.01467440761620128	1.0075331380026737	1.9762029931033707	0.6192665540489264	-1.1971654173920852	-0.06575256323460892	-0.26197230726804216
0.20709751893064646	-0.10048527717309977	0.8693721463796031	0.43727039440549587	0.12877543676304384	-0.03156674242354545	1.1246174403575588	1.9841076434357447	0.3972741537456519	-0.8665369614387778	-0.6557883447899219	-0.7867901115344824
0.2210947737623119	-0.10716878308852287	0.8669761346508947	0.4335716029586244	0.12322420289940789	-0.011337151387215508	1.0363031451376203	2.0849370547179595	0.5109416418013919	-1.0347892920861983	-0.22819086977711256	-0.420578012746987
0.23031226167640856	-0.11038545463605294	0.8602808995752143	0.4412347304466745	0.1380656845158848	0.007189177852815831	0.89400830548006	2.1256937861078544	0.42747129816254065	-0.7683003384133729	-0.22893681794370704	-0.5058222217533525
0.2178466440240253	-0.09646692938580996	0.8726151705887545	0.4263563477663979	0.0961924749509761	-0.018982833135476232	0.9963794039794568	2.012403315193785	0.6316347890621014	-1.3465300635110622	0.15026977056433544	-0.25961033757185276
0.23436541102992398	-0.10585990916284982	0.8611775691135458	0.4384515118008971	0.13717412415210892	-0.014410089396475959	0.8860981323233439	2.014698555136123	0.5050252925909415	-0.9791536560303812	-0.2770297330902183	-0.4368327394881943
0.21829548976797516	-0.10973050983061465	0.8700461852062282	0.42816577393267086	0.14007867544080502	0.001884089634536558	0.9190576813131157	2.1362922065120884	0.4849662435244816	-0.9065478080292139	0.06035965695364512	-0.2487200081888051
0.22797755550458804	-0.11345190707053678	0.8615071321699086	0.43927253520859966	0.11940683205464024	0.02336378259995381	0.9064622489407524	2.0821190530998854	0.40566450481189953	-0.728284854777746	0.6381163313430942	-0.33629467030128063
0.20278788957946248	-0.1041881098954404	0.8733652467662433	0.4304126570365494	0.11729051957512342	0.010260875345136932	1.0105877940324488	2.0728731262725235	0.6515168076009145	-1.2963800232820821	-0.3019986103284818	-0.2176073021589858
0.2052334632409987	-0.10598893012518336	0.8672640351558399	0.4410200285499907	0.10865987404660038	-0.0028495506937247523	0.7569516064994973	2.3426839556937264	0.7284068875970897	-1.2216550163639717	-0.2988608459033692	-0.5168327615081704
0.2183629058191433	-0.10406562919748008	0.863453464261047	0.44264670024473163	0.13490964715020068	-0.02289277666871253	0.9086417833114929	1.785562154173847	0.4446965377004482	-0.8959126475140672	-0.21074830241028028	-0.5865838714499662
0.2134691834569583	-0.1105784619892863	0.8687858573104399	0.43291390090371007	0.15927452174750648	-0.016136303090394075	1.0805013043570815	1.8030186187693888	0.4359114308366786	-0.9470529605510944	0.050777995670907766	-0.2279146356845948
0.2161153085032222	-0.11730941293309755	0.8707543331570784	0.4258163528518142	0.13620826297367047	-0.01230165442484604	0.9644217129315129	2.0458645125681674	0.5628219157016467	-1.076771124287725	-0.0822681842645116	-0.3910871536645914
0.22173224066379704	-0.11209955091070457	0.8718803737485772	0.42201080318858164	0.0948710500055114	0.01066246267018437	1.0544811052191803	1.9511789064228084	0.46081907711201675	-0.9878071487143091	-0.01804246715095556	-0.7032609392012841
0.2097431359308096	-0.10707365335373074	0.8717907359103105	0.4295625245157617	0.14988333409119092	0.014071634928282296	0.9875634618650773	2.1298822294583086	0.5521834620201679	-1.0719482876959998	-0.35776415138785905	-0.46882537439688665
0.2375077622832543	-0.10869118450971597	0.8612571114076657	0.4359042065807578	0.15191786354518957	-0.007991268746399527	1.060411575639079	1.9044370025767248	0.29889738867902704	-0.6934733912004327	0.14752870727625686	-0.6983280551221426
0.2205823434693163	-0.11411765472525333	0.8642422838253028	0.4374995605460845	0.12620283561847442	0.008469095553478592	0.862640311114073	2.032043097559746	0.5526956733146573	-0.9966963149037842	-0.23135448327726008	-0.4556271055295314
0.2156185825912376	-0.1014272646523519	0.8606732238570467	0.4499585964975061	0.12022188987827857	-0.008175681147300813	0.7437171291870227	1.6994393998206738	0.4401508889198875	-0.8152212912108269	-0.39804081516181067	-0.32755853044261557
0.20573322992561038	-0.10094257593013464	0.8725856829779725	0.431368358054726	0.12238926173350285	-0.034215063984665436	1.1841831782162107	2.065806065367087	0.42732520813602115	-0.9457715093026404	0.30864534392980564	-0.6744018559697172
0.21064018952711802	-0.10110018075818766	0.8700367267553124	0.43410316527703774	0.15115159498196273	0.002046751583836048	1.031136266162647	2.181304615605795	0.5343259404694292	-1.0632303028205055	-0.7328462418541001	-0.42181170109619964
0.21473509848272657	-0.11797342180980706	0.8603205229463106	0.44701197637589735	0.15187386461651894	0.017364516623250975	0.8433995565592256	1.9065606710572565	0.5878863756655641	-1.0334280492354262	0.02354581643468759	-0.31065796198076323
0.2201936410123254	-0.10919928044644309	0.8725759745503291	0.42213913138354986	0.12857618251143324	-0.05074394284057183	0.80043654775742	2.0338172408894613	0.7705776168440157	-1.4842196019975362	0.23770255975842072	-0.6316718967035854
0.20470687634201498	-0.1062736257148354	0.8748443322284294	0.42596761100289254	0.1088834032052738	0.0006054319126149322	0.9884571232317871	1.9415064475635826	0.4938205756901547	-1.0048397138365677	0.09454442500596312	-0.28869860246206897
0.21761321928079158	-0.11189159992653698	0.8693503828508836	0.4293654253630023	0.10232644517782426	0.008477067462006235	1.0621671649579025	2.111159831175648	0.564745028107544	-1.1316278458089668	1.3803930258518269	-0.44237018032459746
0.22019625598286002	-0.10394021025003145	0.8702131156171155	0.4282979978382608	0.14083118450971133	0.003881549455405043	1.096360403012135	2.1370052442963243	0.5105501996665777	-1.0823799406585295	-0.22466240111472105	-0.23052605700312676
0.21986792434547883	-0.11593925415653583	0.8715569644864608	0.42261642519521553	0.11031904508831346	-0.0013888756588955088	1.0821558542055318	2.0932724633086948	0.4752634088252747	-0.9688644900116228	-0.2956979142070083	-0.5275527244621863
0.21819557749207133	-0.10206051155920662	0.8658574886268819	0.4384805027956471	0.12278151339946712	-0.0043073533583385054	0.7167179079150019	2.1938731560270135	0.5847990914871846	-1.0007960014750876	-0.2738410830447536	-0.6097499906537286
0.22259168672733257	-0.10991924535019634	0.8633230091190931	0.4393678213377473	0.11576899040766254	0.010227519015063854	1.3454791992439514	1.9738567886063398	0.2692363294809072	-0.7168607681735522	-0.05393666204535758	-0.24258051633130706
0.21759037285861996	-0.10890934722871976	0.8707039923958163	0.42739646857624713	0.11789989846303511	0.027624360312154813	0.951997386391422	1.971200857107861	0.47491618212743514	-0.9498784228263726	0.31443368760629153	-0.3029515571010956
0.1288934056345433	-0.173275489394751	-0.5103748363470313	0.8323939098664044	-0.30695954744931025	0.24332946037597325	-1.1661769790439207	2.671529760925161	-8.421668171732696	-4.426971800346276	-103.55102611669662	67.3311086924604
0.20866538253876665	-0.10051823549629892	0.8667827459539461	0.44163617806877836	0.14434841566535744	-0.01537815070785213	0.8252180320249566	2.0931051778219607	0.510709884978194	-0.9158527623427111	0.09613330136898623	-0.8853570838821151
0.22563622561548516	-0.10535332794615934	0.8630209568518605	0.4395267887343911	0.11570329311672585	-0.018838106433546477	1.0012678196616407	1.976363221090101	0.4322283082399322	-0.8889741131985279	0.21192811773293194	-0.7389952198360218
0.2130709926538043	-0.09265895295059691	0.8727786073751813	0.4292698137953108	0.12292533289256147	-0.012104159913971124	0.8855359078994941	2.1210581574058778	0.4541831140179742	-0.9051377016819158	-0.49548028950425066	-0.5289650660119108
0.20796997810552384	-0.10254756260983938	0.8728531462971266	0.4293714832272583	0.1288190562314118	-0.016557592512814818	0.816964144031328	1.851598385274001	0.5537201716442625	-1.079120355898604	0.03554132336160429	-0.45862184352682217
0.22870191212975213	-0.09828619539697021	0.8651858909027542	0.43530292138393817	0.12952243251764783	0.0009170180451256904	1.0878131694545161	1.992579543723385	0.46553314751309444	-1.0468907468914261	-0.4423633041926199	-0.29987074713114636
0.2097969876302387	-0.09945337524086138	0.8725341083328355	0.42985867436903213	0.14562215541011236	-0.018407401985603394	0.8536155217521236	1.672099232165534	0.4687596077048816	-0.9812499413484218	-0.16594489233077253	-0.7119698110644469
0.21480063412254877	-0.09385236713343074	0.8654109488260888	0.4428502121665196	0.09859619478453792	0.016748707227080103	1.130379441711395	2.103315845134826	0.3637291329599765	-0.8133229118081431	0.3576807249232998	-0.7062433196180079
0.22690105359351598	-0.10435027074691633	0.8591234372880082	0.4466921225806825	0.09732081485741857	0.006493421442445836	1.144469839306188	2.0540598567710098	0.3327365294413696	-0.7414535522400625	0.1428318046745294	-0.27714214364650586
0.22444968110271102	-0.10531639532577211	0.8702535460827023	0.42566367364265306	0.11167859947435167	0.006988621216016503	1.1933215484733597	2.107420626342466	0.4504883161745333	-1.0288257583230578	0.07230398569790597	-0.3009555269210614
0.20901319237160693	-0.11800571294982562	0.8669152459847862	0.4368593519715133	0.13151440460098776	-0.012637267018321324	0.972483586081894	1.876926055845862	0.6400089354543471	-1.2283299024547987	-0.16159591221263384	-0.5299390021951503
0.2196668606988747	-0.10992478199011994	0.8660920110012571	0.4353706938861691	0.09811020653908492	-0.0016191157721023367	0.7744107617077366	1.8626619535304363	0.5087867593703558	-0.9325749873570423	0.08251216393063597	-0.4898580954353258
0.22268265343759008	-0.11200997710688632	0.8739146121183353	0.4173001936407034	0.15979145521724197	-0.002322633805324222	1.1464074027866094	2.1971385225111697	0.5556804625608964	-1.1857192740546654	0.1728638637568429	-0.7834071383389144
0.23219009622161255	-0.088435174878181	0.8782723614841907	0.4085396408108358	0.15440539759060637	-0.01018253615439178	1.1708991887281939	1.9730229708303222	0.465935176998283	-1.240037688944773	-0.24326279696991307	-0.12017472495302428
0.2022558971052728	-0.11115746252510506	0.8662834805577585	0.44304571087400985	0.1388954546247865	0.001162419526082319	0.7633570857715477	1.86860197149252	0.5844281866770172	-1.0223886410522312	-0.3280159486905991	-0.4414822639364128
0.2063243672478294	-0.09964154765536952	0.8727552001377902	0.431045447827803	0.11011274901916647	0.0020106172058863927	0.8670110596779719	1.72960694485261	0.5207329858693067	-1.0695327350939192	-0.042390119831337204	-0.306391222819425
0.21855219152475966	-0.11321807216894798	0.8740167107941234	0.4189408036545178	0.07652969214860071	-0.03197238770222841	0.8473000203846054	1.813235699906129	0.5513509806793586	-1.1022516608576498	-0.3437637083372757	-0.6769159965659607
0.20134748264478505	-0.11252983832912299	0.8694301313686477	0.43690671016422417	0.11277565377144975	-0.006058692405836894	1.104043060854173	1.8230715047978296	0.4862160330719137	-1.0067989541268787	0.5982899721059551	-0.20191320814709957
0.23854016654552238	-0.12318405134266082	0.8593361491154788	0.43527653424302903	0.1260426145500854	0.040803692166155855	1.3561256455817403	2.010207887476726	0.42990698050349463	-1.0230266504292584	-0.29563649836130285	-0.6789928141951593
0.226187528195749	-0.10958933188321351	0.8679585482200143	0.4283425486662436	0.1038366694780723	0.007177713409879609	1.1499199369202933	2.1775339842645662	0.3717680928584572	-0.8034278847384975	0.2690737041450719	-0.721719230044967
0.22241018869973267	-0.1135080565258234	0.8679840166342484	0.42924745303118167	0.14712583033194154	0.007941392550768455	0.8948361389578292	2.0286795545710534	0.44413898545799324	-0.8252925882448353	0.26943424652907116	-0.41465265487369884
0.22496397253247127	-0.0968758888240316	0.865935043816055	0.4360765679536683	0.07783710321923379	-0.011986088319252013	1.0608938923446407	2.158666310466503	0.3827496083079907	-0.8277823490746725	-0.914843985566637	-0.8810098560835286
0.21470084504753814	-0.10395301603003423	0.862618401655875	0.44607937715029583	0.11142184044919551	-0.021191702754127194	0.84878323510229	1.7763269755409323	0.454577871489966	-0.8736274039343381	0.24726594837957486	-0.713510200560625
0.2168906927176903	-0.1080688184208079	0.8646212748711599	0.44012453798639894	0.12259998803762921	-0.0017354956438636222	0.9996365588832369	2.180587424948674	0.5363198513171349	-1.0107864352769107	-0.3452904375803612	-0.48159905213928117
0.22781212549533084	-0.10486369595385381	0.867285624001003	0.4300242866971448	0.12956537871452561	0.0033495946768174532	1.0150605828094053	1.8885439346649593	0.46312930066861957	-1.0112656654342365	-0.1805559718122561	-0.34771882717525743
0.20540030422343913	-0.09417664119920956	0.8647555453053845	0.44848558743948613	0.11226605620546631	0.0019745442537220334	1.218127753211171	1.9512641923468514	0.41187295393049944	-0.9423039136008021	0.19582534756641348	-0.28951440282430224
0.20809016497208074	-0.10009645608140318	0.8676319849283831	0.44033387497564824	0.14002491308367074	0.00016198828782462428	1.13669635958061	1.9108975683604157	0.55032275935096	-1.1871421124179742	0.21716743954026274	-0.5019720068443294
0.21957211062230464	-0.10416693065763567	0.8713115119911594	0.4263256828598454	0.11025507903822497	0.002712061069163151	1.0399220919737955	2.0420027686457853	0.5113088513742658	-1.081656664701095	-0.23085000572478942	-0.6130061350456416
0.2126249175321882	-0.11255567986684073	0.8730812988336731	0.4240883268860977	0.14753218594943832	-0.014931517302765165	0.9670783044715153	2.064028475575911	0.3614454830880238	-0.6811743920320239	-0.006960384744065712	-0.2410829698010086
0.20622637809982702	-0.10324406323029368	0.8651323355735834	0.4453733111991814	0.1528128708763232	-0.00420275620638947	0.952266381944407	2.1270653867591025	0.4267676420291593	-0.7768450687209671	-0.09873146220565261	-0.8523202802363192
0.2170736720476485	-0.1018194393745728	0.8629963616382045	0.4446898947226247	0.12398509586436461	-0.009393062057796935	0.779022300363069	2.1267377720926888	0.5543427243969745	-0.9691197013137003	0.43573947535790586	0.039121705800693685
0.20815094695017947	-0.10181144923411613	0.8647111041826969	0.4456257604669343	0.1354966609890443	0.02558170755493748	1.3018185398552826	2.143179542408126	0.3913360105430545	-0.8777929265578357	0.5064072006282626	-0.44157954816703887
0.21684645824389634	-0.10741987035905207	0.8658401956809432	0.43790334611910514	0.11569183317283786	-0.006803900528108693	0.8973777511792037	1.7947178999096478	0.46658615026573236	-0.9266745051279986	0.45297957385468396	-0.7586834308006828
0.21092794468323414	-0.1177311209167533	0.8653059231448225	0.4391975007782693	0.1143719206733631	0.013605250181109496	1.0986455681660783	1.7609709194314775	0.32362258725725807	-0.6931881726553828	0.58334578417755	-0.5868209692049035
0.21922320499094738	-0.11923973553160368	0.8576773891059606	0.44956931398865824	0.10423476131415021	0.03535379881922482	1.11472405761819	1.8966459079449227	0.4148509489508668	-0.8319653749874654	0.00981294900408275	-0.19883647920205502
0.20468628708650746	-0.10908787165529478	0.8682738375329061	0.43852468937602374	0.10197437788857737	-0.009827836363511365	0.8625676193396508	1.8748517656871433	0.43486510849809223	-0.7972508267162043	-0.1871311093146406	-0.400404957079606
0.21547335459360334	-0.10648877958738154	0.873479901295825	0.4233960738060818	0.145735393274806	0.015305528087852809	0.9577602627305286	1.9174974191625938	0.6009780631481363	-1.244985838483317	0.15062763602049065	-0.6279018600573941
0.21649470376590063	-0.10201689247003208	0.8677999931364355	0.43548337374057733	0.12418818882520544	0.0049706108471498514	1.0468953796030178	2.1726237781966273	0.4697352351686604	-0.9475429774364802	0.07935736956222876	-0.6138518705753127
0.2111956101055048	-0.11424506256396283	0.8723539588935825	0.425843927225238	0.08587533123206063	-0.0016508045021214966	0.8924759033841984	2.110588316151811	0.5143505153602286	-0.9300553130070105	0.5932490522858589	-0.4494304614605378
0.21115601108943316	-0.1134663782905846	0.8715250236258963	0.4277647170727128	0.13546697136128563	0.006373268862134521	1.01482697388896	2.1800220903626424	0.6053884085162626	-1.1560999116164838	-0.23769285451896427	-0.2877882739571404
0.20476129560267242	-0.0896393642204246	0.8732406344662063	0.43299929621459016	0.11136858146155733	-4.8759524960249375e-5	0.8800677828716025	2.168574224913332	0.5140983113330809	-1.004033364534567	-0.8081144094595746	-0.4007187916776556
0.23784512561960713	-0.10271918943930275	0.8751081149327024	0.40873494041843095	0.20051533035144917	0.025771614615446373	1.341414251044437	2.345986624642175	0.3805094022223774	-1.0056831985077896	0.9889702926679501	-0.45355825757207996
0.22510940457301765	-0.1055534312675823	0.864853600677253	0.4361335558243733	0.1526179130827	0.006445335990196078	1.1065817562785147	1.9600259831015983	0.38479939448130573	-0.8598504499934135	-0.27796400931646076	-0.3864276927086257
0.2057755387313502	-0.10055310326913473	0.8715378137214987	0.4335520041890239	0.14204949465086375	0.007911091566664348	0.7326216300505289	1.741739782581984	0.5930182974274233	-1.1358640625865868	-0.35091274373629844	-0.633116904595027
0.21161887548721758	-0.11346183772075606	0.8729186275299586	0.4246845095241496	0.13309263777003366	-0.044219059392370946	1.1562057210295906	1.8741413812442211	0.4946268640651919	-1.0921058389687843	0.6957022192539704	-0.7036849804826475
0.2331542932668563	-0.12690623578854368	0.8714848475123745	0.4123688196330424	0.14209905218169186	-0.009194970754612288	1.1768550637796507	1.8286733197348939	0.6608995301675927	-1.499343936813336	0.06478195326311781	-0.7987448098321192
0.22069200991775587	-0.10966849720521944	0.8640216001382863	0.43901541200017696	0.14731634272855287	-0.004401536461281027	1.1045209450297675	2.0095956451133383	0.4522813758382271	-0.9433620772964327	0.3413714857296401	-0.4302676200688557
0.2143116333100854	-0.09757898458371238	0.8711259821948791	0.43091575596696663	0.13906406202875057	0.025624782634165965	1.1623507645440097	1.9469994064277638	0.48076155293286615	-1.1090867278502476	-0.0895158955079061	-0.38589266337095407
0.20442641117321406	-0.10251745255325391	0.8740136259302472	0.42871925082166923	0.09978036845837018	0.007784222190074158	0.8986849712014877	1.8122736004903617	0.5405668120509133	-1.097193627631323	-0.4237291678550694	-0.20831883948515065
0.21738227643042124	-0.12080026829654988	0.8636076188573654	0.4385591427902526	0.1047786757100993	-0.009699452293192681	1.1573704159443674	1.9280282760546743	0.5252707265736292	-1.0769659961646056	-0.42881606204475525	-0.2717785640496206
0.21803164418173834	-0.11423921473919114	0.8755518045549148	0.4157170209310815	0.11813033448238597	-0.01290543351003426	0.9380133239535782	1.6585187538866533	0.6146783090634342	-1.3307884500228624	-0.31030285802608065	-0.6158584155450925
0.22626096130650802	-0.1019374959025006	0.8688606058267347	0.42836429818576377	0.13754563324660385	-0.02576057225241495	0.8867460064495847	2.2759241940039625	0.6014728867255076	-1.1467577701560967	0.10145848544967984	-0.516175960871102
0.2215066276306885	-0.1006350992679759	0.8645280611018861	0.4397711021411228	0.0947210128332527	0.014041775314779398	1.022838751753364	1.8035572522381031	0.46575334698011317	-1.0180778937793118	0.10752335884186061	-0.4674922861487718
0.2106557467819167	-0.11629565812272419	0.8700383146323648	0.43027062102963715	0.1373084427355553	0.006199224638069841	1.052354205298882	2.126923078946705	0.5021173402839063	-0.9556633573031722	-0.02314494337119649	-0.3838306563051959
0.2179421014596927	-0.10764087383269137	0.867295199913228	0.4344119230630549	0.14345426121105434	0.0036842556224940745	0.9790412072224769	1.8987418494356512	0.5295974551802874	-1.0780307173058323	0.3094594557326051	-1.0143817265259198
0.21031298405761564	-0.0983722221575998	0.8601688963405856	0.4540934093474335	0.12519963118295988	-0.01120778573711275	0.9068329446165599	2.2793174736662394	0.38804451321569583	-0.661275923013636	0.04231840086649432	-0.7207337691563388
0.2095688390309214	-0.09946932887945262	0.8642067684471569	0.44646770957105636	0.10818691640643763	0.01258125668148743	0.8205529711092172	2.0003636240030493	0.4759286933165453	-0.8607303420797289	-0.071316699559817	-0.42007702282191794
0.2071219691274441	-0.11409665583551669	0.8722684485966276	0.4280539646058127	0.11535351276633453	-0.0014606290432111902	1.0321076718317608	1.4005846014947954	0.4428674116955865	-1.0285371953865887	0.36510297477301995	-0.33224571960461796
0.22957293161724457	-0.10668276140129979	0.8647870896645626	0.4336569462581604	0.11230057245549685	0.02347094051296127	1.102775248563711	2.1082428843157066	0.5010710672691181	-1.0643758115389736	-0.05871871566525916	-0.7289182058521542
0.19765670715596934	-0.10964949984451032	0.8646727298590496	0.4486088313199007	0.12783378942914478	-0.008209966637761218	0.8455935362602245	1.9667393272934932	0.5002463212659953	-0.8560567153535801	0.04179580589023984	-0.6755331157303702
0.214098857808878	-0.09989682347143543	0.8743219691035197	0.4239615526061235	0.14360459986729326	0.023619897912518843	0.9128812749031511	1.9855061489753838	0.39436389910985886	-0.8064460084118675	0.2295892094427102	-0.4959141038834712
0.2110498717433516	-0.10534427424490264	0.877422008917825	0.4177213829666107	0.1169291266145695	0.016277015765391502	0.998594233000683	1.8811916671340518	0.5342868475872155	-1.1523840355940638	0.07626285064278536	-0.565736494420133
0.2142393277033327	-0.11076629631743498	0.8723162106917842	0.4253196052731039	0.17360868389265594	-0.027532989350583948	0.8360965623778529	1.8323375612941386	0.5710996651842369	-1.115262522891	-0.34640517303359153	-0.3736093257225854
0.21819297454971523	-0.10869479411289422	0.8620820538371823	0.44428796972433143	0.12623180565222672	0.0002614303563296901	0.9866078059910524	2.0578313280796454	0.4872009743079307	-0.9264319180119155	-0.1472993769989343	-0.49121232921814256
0.21256997781813475	-0.10174763797391173	0.8699111179144047	0.43326212576919126	0.10135374784797696	0.0023703237017696486	1.2523319084043676	2.005640406470512	0.43542215081229496	-1.0176692947764152	-0.47667416955262315	-0.5167142952843137
0.20982527516584815	-0.11166636353372204	0.8617689538213497	0.448172118037688	0.09469717263340295	-0.01454681919025178	0.8394295284146935	1.915205153130037	0.4237043770505746	-0.7305336531973673	-1.0656428522812174	-0.6042388562796058
0.2141079791171414	-0.0988119338884739	0.8710959856428574	0.4307966559718084	0.1438827883365695	-0.034196676618112105	0.8162214802800614	1.9413827685583223	0.6256963455373177	-1.2255650395282331	0.08034910711119851	-0.7369771785093547
0.20884350147104178	-0.10870330187559979	0.8611550857536664	0.4505329092699584	0.10632799692000068	-0.021680920671337464	0.841961614184213	1.8789513670661242	0.5515212823283805	-0.9911270451890253	-0.14065501023987406	-0.8649099109025093
0.22413994265469728	-0.09559596441272482	0.8661135913993573	0.4364286247349701	0.12281789451604969	0.02722876798921645	0.9481531918153587	2.0239455246772406	0.5177664486941798	-1.071154616312158	-0.20960635287748705	-0.4362786446964258
0.20540975880499449	-0.1107917734151355	0.8678638139144544	0.4385708773152412	0.11058361416541941	0.01898001674558433	0.9275698889113281	1.8426114532502516	0.5312297564193441	-1.0201789999037059	0.010860543305270568	-0.3493090905526916
0.21644309171717072	-0.11754362713823527	0.8637758303318074	0.43957615802235755	0.13329601798036414	0.0031705391178005137	1.2115941822311742	1.8200763879834654	0.3465404518480994	-0.7908437948479191	0.2337187682849702	-0.47168711171742955
0.2051667951206685	-0.11576556602870762	0.8726435974769371	0.427782738880937	0.12477287631953415	-0.015178388443260868	0.7448975595833506	1.9546052195751045	0.6085246266886282	-1.0696490138195454	-0.11476652087224153	-0.46494826856398513
0.2072805403087	-0.1128761930806392	0.868462584016142	0.43596614869615863	0.11458581790420652	-0.010727527344427489	0.7141806725768706	2.143701699322668	0.6112468202327659	-1.0021600600124105	0.7627153459841728	-0.5262996636049307
0.21610344266855777	-0.10964914490436076	0.8613305610254021	0.4465266304849084	0.13072486123743518	0.011851854958748714	1.0760259865774426	1.9096863774273893	0.45937064344165335	-0.9379225945811748	0.69579204633712	-0.4669187776784478
0.2157857146386175	-0.09804276180728641	0.8731878573387613	0.42587217332345634	0.1354784495987432	-0.014712111340220024	1.1284949663553088	1.9515408664034604	0.4191004228615352	-0.9818252116456961	0.49104176738518573	-0.6820154278566783
0.21926712610204263	-0.09988530889472545	0.8677342521849748	0.4347207380180278	0.1103865093203832	-0.0021240618113086787	0.799842327450429	1.8117202971434452	0.5573136690559427	-1.0995910822977748	0.10038633177607936	-1.0567547967048467
0.20386183943561467	-0.10074191791767576	0.8755044134694209	0.4263606904860733	0.04654489535718758	5.366567251787441e-5	1.0726624410297272	1.9487219186141507	0.5129157097500294	-1.1056763273343162	-0.403306101072906	-0.435816444344791
0.22471432570708777	-0.1034484831569335	0.8713325341230763	0.4237705725191363	0.12970340232290126	0.009940850719794265	1.3910618104004961	2.0263296650677005	0.39877208682785587	-1.0629192036377186	0.6646224990202106	-0.7032794614500598
0.20715009854081967	-0.09455161001104792	0.872042181038167	0.43323349848441367	0.12758816519163507	0.0037901213351125194	1.1822711104047998	2.1166527096181946	0.32483610026880294	-0.7572023816247306	0.6753469183044999	-0.6880800355404161
0.2128580221478257	-0.11958574506071216	0.8696532718330854	0.4290616491549904	0.17591065297100028	0.003436677261221895	1.0537294370442638	1.9112774603699745	0.5811655771545341	-1.1680041116894768	0.13750937439958463	-0.3040519827291328
0.21930582330621298	-0.13296579932376784	0.8677787717545694	0.4256583787103299	0.11242702713602386	-0.019471830938852352	1.0586090880825976	1.5893204174081974	0.5252337384065489	-1.119725559688733	-0.6862466188630151	-0.43551845471951395
0.23890758471845344	-0.09272718862647539	0.8662152919029771	0.42894743562220433	0.1470475980216435	0.007980472865958585	1.0416121930470936	2.236751386708256	0.5238698004230188	-1.1545130626147269	-0.6791303396035393	-0.41313234196989174
0.21100138201992752	-0.10593436709327601	0.8696903808940615	0.43346853176968886	0.1146850900113439	0.014204554183976188	0.884599098069716	2.1516187262120816	0.47560155628257783	-0.8589951417142617	0.3233750614019004	-0.5356305173290073
0.21541571771746318	-0.10533397538263076	0.8757312097319755	0.41904137085940873	0.11582629577289205	-0.002966509608136231	0.8993964214835942	2.4364190366424583	0.6349449899458587	-1.176846968513124	0.16155168167572032	-0.8256175307035764
0.20942612514644293	-0.11366532113592698	0.8626755001837444	0.4461074694061277	0.08875748425765884	-0.024053750140502483	0.9045076344196831	1.7333042614655405	0.5509777333637089	-1.0484602194140202	0.12995429896766242	-0.365326997709801
0.23283302161235309	-0.11029129857882962	0.8649125095018758	0.43075627031051406	0.14034074991726087	0.00014421637869290927	1.2735145447558347	1.9665059701901837	0.3864089957867728	-0.9607236044392417	-0.3486121508035071	-0.6952563361431546
0.21894774954731128	-0.11064907907777832	0.8684981127963354	0.43073157805832074	0.11405659872611879	-0.016781346991783713	0.9134760320097818	1.8170396461622613	0.4177409801791567	-0.839866472136368	-0.09397848794352448	-0.48392084886424164
0.2269379878433424	-0.11674385181099949	0.8693564651726793	0.42318950743184824	0.08489718703016268	0.014695444001206067	1.2742196012457008	1.6168320472700548	0.3979652468223328	-1.0548165392744244	-0.34511833417374493	0.08379685059988735
0.2213737673928124	-0.1017222589082275	0.8672257040471778	0.43424165552465965	0.10504539988943717	-0.0024138102723372163	1.085132325836024	2.342606332685721	0.5896283245199805	-1.1819811745936593	0.07857980847743182	-0.18627236894757507
0.22045982835439168	-0.12421409798061211	0.8658325892100027	0.431627442833189	0.1512800549006187	-0.007435706476848148	0.9242002245941672	1.6448402618673323	0.5339475795154092	-1.0697788019974588	0.26590261201945875	-0.23967320197341987
0.21798613275651468	-0.09691088915152057	0.8720931560555452	0.42725150982857796	0.12760915137040207	0.00013970739101410945	0.9927233108379315	2.158934375946177	0.5096106292940533	-1.0569971014865986	-0.18116902409899913	-0.6822366103508575
0.21491930811247612	-0.09812772474673111	0.8776342358974983	0.41705969430897843	0.1545101461842294	0.009740268893280356	1.0515380825540346	2.179160522161699	0.5969110549613927	-1.2852581014014308	-0.39056832203476904	-0.35862898540209015
0.22247064490482754	-0.09902209722286878	0.863342935354514	0.4419733163785641	0.08324745609999895	-0.014239170894051592	0.950480289749171	2.2931401974609	0.472216592559935	-0.887083577369559	-0.6186535826011396	-0.4180742362312968
0.21168334827507038	-0.10571646557297058	0.8704408768996195	0.43167912712110124	0.10746740728656608	-0.017158716784194426	0.8444862228000988	2.0829939393463928	0.6934971620548752	-1.3023682561459495	-0.331635999782897	-0.5975254582758384
0.2292211523670833	-0.1289642412250282	0.8636490607604087	0.43004207659300375	0.14765967542084316	0.01907027650516812	1.0580274539989185	1.677344630086056	0.40080776035169924	-0.8658735058508139	-0.36610501757520475	-0.4499170645590726
0.212486138283195	-0.10483805732354028	0.8681195752680103	0.4361502330741214	0.14420783352010472	0.009414132695130946	1.1085127293015253	1.953532298755969	0.445831539907527	-0.9578675267182236	0.5430969924920726	-0.3196132060322201
0.21001406293776984	-0.10026014849904137	0.8743569574170917	0.42584258477475767	0.14381419913727952	-0.023066034892371273	0.9259104686177541	1.8799560047054107	0.3724927146278084	-0.7788350900251791	0.1386902522898157	-0.7034827229219637
0.2154815800562348	-0.1112221808787687	0.8734761723273797	0.4221808753524354	0.11656864938456617	0.012989061862919177	1.306537206416477	2.205104292343213	0.6488699683261455	-1.4284177343410442	0.31417189321857547	-0.4822361451688682
0.227501056767915	-0.1060705045304036	0.8607873575236931	0.44276115724567044	0.10469715323060343	0.029907686210629145	1.117655577506673	2.024058734013794	0.4750956892085076	-1.0130320815498426	0.5075852241405349	-0.20717239442692104
0.2197010043652084	-0.09580122964603999	0.8668988874859344	0.437081127429308	0.17292189018210088	2.5325555883110968e-5	0.8164920747258688	2.190928296570119	0.5046863926009701	-0.9311831390768079	-0.177276628142489	-0.5463318223180933
0.2159626591728554	-0.11045102307748667	0.8718863719540125	0.4254113958804993	0.1255930820008788	-0.027444611504640046	1.0195766346884405	1.907793895988518	0.5545473801805643	-1.1588194434396988	-0.1778548223541956	-0.5769189601526286
0.2162121378852169	-0.10761149312820699	0.8689270349231328	0.43201607141113907	0.14654784045612357	-0.02015590937051569	0.8885272122976251	1.7970732907710998	0.5524343625547491	-1.108175858226572	-0.0053702676359805536	-0.3267593389665419
0.2141796806948681	-0.11879044178766768	0.8640134345853263	0.4398825754373585	0.14447067710859188	0.008722345624551408	0.7735878714684119	1.6971505182238211	0.36685269648390906	-0.6389141498888976	0.354301007213238	-0.6981849880156864
0.2326535544198921	-0.10154511494918364	0.8557546000945292	0.45082699305032725	0.11989250253658956	-0.024215856927384524	1.3287428868748996	2.090049054731188	0.2546735975519222	-0.698362324152175	-0.9288285882373049	-0.6329013006146584
0.21933243065661973	-0.10424938437590078	0.8706240554206064	0.42783069647055655	0.13148177831308	-0.01127713700859502	1.0001159159853379	1.9211458769876408	0.5082868728432579	-1.0789463266173032	-0.2567018096569313	-0.8936176729380064
0.2107985037148692	-0.10181832511664264	0.8688284269037585	0.4362730614030097	0.09681032026807863	0.026276937599653546	0.7882679735246606	1.8922624399271384	0.42640653176936366	-0.788434729715648	-0.20268888063667975	-0.35267322510457166
0.21847245377411623	-0.10279546367951196	0.8655675212906557	0.43874337109018635	0.10483214239561346	0.0035623943273775985	0.9664499809689633	1.991881320777397	0.32058545728240334	-0.6470176261461416	-0.5996866549430786	-0.6195830999163277
0.2013753263709665	-0.12244447371328812	0.8675367838779486	0.4379900197547517	0.10542937260652407	0.0017911404899306584	0.7637740781201326	1.6857276185234544	0.5727725650496531	-1.014403233221038	0.1925898419052224	-0.6212847534975129
0.2119820669142091	-0.11579544876296415	0.8641175385321784	0.4415381036260095	0.12569680528518862	-0.021559811213120172	0.7460789447909576	2.017275105809309	0.5642390216905634	-0.9334028293932972	-0.16753568832720697	-0.5319499177138787
0.21926139905886796	-0.1135521898925176	0.8662037844787001	0.4344206979508912	0.15367905184120265	-0.0024805973466678725	1.189587951969304	2.023633599878589	0.5720725664643851	-1.2121294321328302	0.2522215025966073	-0.6674156783590243
0.22812689540204434	-0.1216189620130794	0.8619315042337461	0.4361662867329816	0.14661811237211866	-0.013351056302832431	1.1509135593339135	1.9917951921030608	0.37171316830022355	-0.7811368600018054	-0.09820522956307128	-0.3659401998020948
0.22048013679220851	-0.11284962913028904	0.8670832634789978	0.4322268902785391	0.12475484601289218	0.0020312611322637307	0.9419041239351515	2.141945141494435	0.6373151352709729	-1.1997373006488232	0.35061407683332924	-0.4406428476687457
0.21242504434199563	-0.105221364044836	0.8690468155913404	0.4342369139023029	0.1432626557691735	0.00529831105584279	1.039294396860944	2.2299944752663694	0.4220688385121586	-0.8127514419152496	0.13114287255371307	-0.5210149444513937
0.2152536992184847	-0.10035157071128534	0.8684514817359348	0.43518666236362913	0.08220499496848314	-0.0025325788693371723	0.9702047472925872	2.149688314913873	0.53142341572917	-1.0446804878226081	-0.08177461448693919	-0.594527406539033
0.20525139028040784	-0.11171922452149335	0.8707918165318077	0.43256478580845026	0.13733863554388992	0.0019058836034226516	0.8403113425144816	1.8708285842428412	0.43217565223234006	-0.7855530202449954	-0.515501563569379	-0.5793233732711892
-0.14342068861819954	-0.4922600871542579	0.8494236138363919	0.12486006939085033	0.3294805808405877	-0.0755150546198476	-1.3537522857337245	-0.35523766603088874	0.007034513712668009	-3.003367636812395	-0.7440884922268077	-3.180462403295053
