0.21728260938145208	-0.11029637794500154	0.8678457472766884	0.4329742897752324	0.09610644444181922	0.05732250389232337	1.0145015367684815	2.003401541790765	0.4934892027135531	-0.987906495846592	0.5803131197047225	-0.4444677683974502
0.2242922403720986	-0.10089999294860787	0.8766292840719511	0.4135617011273338	0.08597030500249987	-0.053415138456999446	0.9410520592031336	1.990237988026609	0.45965408842523825	-0.9991300186601425	0.6409033613014199	-0.4549230446778289
0.21668922089468498	-0.12255409977466637	0.8572999021578243	0.45062528994349665	0.14475681314885946	-0.09675050859132561	1.016765142975173	1.9889058019199792	0.5374846101014807	-0.970560241480066	0.6920091337432476	-0.48675547229208843
0.22346330047870017	-0.11763966680761387	0.8653965109988891	0.43279780600588674	0.1491339676386223	-0.022948759447383768	0.9639487588522732	2.0057624732973025	0.5223202685751435	-0.9969183626929681	0.5910895678227305	-0.46565678693844875
0.20480021719450425	-0.1022843377852324	0.8786180162304609	0.4190765644081877	0.09208355428222274	0.044552444267140695	1.0011920899710351	1.9918509716055397	0.4644373756065705	-0.9768435657545719	0.632838498714914	-0.4949573469836606
0.2121934330954467	-0.11096517115778563	0.8714462139585113	0.42806795479043735	0.1322898330849073	-0.030594794594358817	0.9975892608566972	1.9924694409170087	0.4960981047311265	-0.987950599734309	0.6624353708845067	-0.5132904501721032
0.22814923211622087	-0.11330263052497695	0.8633618078045396	0.43556495569016634	0.06691195173606329	-0.043348368042859846	1.0018009950501718	2.0207298080366605	0.5032164076713344	-0.9965538932750428	0.6968000703399371	-0.49211081277273455
0.2451649526086804	-0.10891053458799288	0.8559788126677663	0.44196483313949564	0.14858310550816348	-0.02363149392595891	0.9495457989743875	2.0216742618633825	0.5312407370749306	-1.0574247236490928	0.5691734111001009	-0.49133408842723464
0.2198483780822668	-0.11043951050388265	0.8611032733630062	0.44493927425860647	-0.08881740261025728	0.017556138817067773	0.9889324562204937	2.014345052439107	0.5397272667108431	-1.0332035350434754	0.8196593354622674	-0.5746469066532739
0.20496732869552997	-0.1174916189756671	0.8734632620080371	0.4257300125198769	0.0313598657769056	-0.022318093284218656	1.0069910794520522	1.994524299213087	0.5224061913462751	-1.0061846380660673	0.6755245842727021	-0.43139711566469224
0.21343964415461233	-0.1072154701377986	0.876057121748987	0.418894116333906	0.05753617400397665	-0.005147137988260095	0.9886852811844558	1.9648971638330317	0.48332042502611455	-1.0116483982725772	0.6331700715161778	-0.47393645368175313
0.21220280086292342	-0.11426418555822844	0.8736515792249692	0.42266604467636465	0.04549120197962337	0.03467323929393352	0.9877895988910945	2.0095381384954654	0.503508075516926	-0.9934181167876021	0.6737329137431005	-0.47872393231540955
0.22413351191748235	-0.09662299390873746	0.8677949346395304	0.4328511491236	0.06104666110583803	0.04580599948066263	0.9723396926232283	1.942940815457607	0.45793677694247154	-0.987860071040591	0.6514440445982046	-0.5250530043978521
0.20177587569126493	-0.12046297995335307	0.8707881446243457	0.43186013202363416	0.10761218789858813	0.0015662759499441535	1.0450674491532248	1.988737964437647	0.5208005284690451	-0.9836680734597057	0.5690906461641553	-0.4750096454542762
0.20210481418337412	-0.11437029720426294	0.8685409652765419	0.43784662935530894	0.09570966910767316	-0.011336253363999571	1.0255585026126073	2.0199341702660267	0.5322944943357957	-1.0016507693250596	0.6135682448307477	-0.5096011525865356
0.2028477725287016	-0.11214868421160042	0.8686975047064133	0.4377671745649756	0.05858100229132412	0.08753880748038172	1.0277947777178535	2.029006425439961	0.5148387581797804	-0.978087553935811	0.569775441210258	-0.5337247994775076
0.2264461307385866	-0.09142434103816782	0.8619352544308765	0.44433248464234526	0.11725188218052517	-0.028288000046092252	0.978279321071605	1.9683309581393473	0.4766131652673653	-1.0181202404755274	0.6432701329821192	-0.46111638117157444
0.22943477091546977	-0.09684892367526719	0.8671762973851211	0.4312600620638781	0.10231591444280987	0.010427880137760559	0.9576938495493205	1.963796994958886	0.4616027810992347	-0.9966785058168759	0.633756667263558	-0.47984087185025465
0.21168820581037653	-0.11676877998033626	0.8708690171698595	0.427948957793205	0.19876660128345627	0.03679530527171346	1.0050020227841758	2.0301970585638287	0.5059920410740985	-0.9728642290512844	0.48322237764028936	-0.4650580437588247
0.20120250672283027	-0.12365282621334642	0.8656443864616908	0.44146044675062834	0.19161761633590077	0.06148288002203251	1.0193278678140059	2.021780139613021	0.5637953607236561	-1.0038017818283695	0.5218002103918556	-0.567980041011866
0.21630182705801443	-0.11260891494560361	0.8639231862333674	0.44064666136772795	0.1147705590137925	0.008419378270000825	1.0207970926897982	2.008095013874829	0.5120253260044278	-0.9917729214188074	0.6074180362832405	-0.5209424496480904
0.21459502254239196	-0.10998547427813316	0.8718644431924856	0.4262681837112661	0.09660816694798424	0.014774376954541465	0.9898633982850454	2.0022473493671544	0.4967323877880413	-0.9976933697429065	0.6040402581993812	-0.4872097681202859
0.21870035376468278	-0.10718034436773705	0.8694501519754628	0.4298127060409692	0.16649189192141686	-0.029020111840119378	0.9770454175003256	1.9811125939148162	0.4894942818823514	-0.9933041070625502	0.5977672332959777	-0.4366962405450982
0.2325304566582452	-0.09239509944689336	0.8622695075794145	0.44032264150649914	0.13151935979852314	0.03195087015973249	0.9648786057613643	1.9734977193957952	0.47306419829543167	-1.0218211276938867	0.5108628709562119	-0.5254641016232299
0.18623970625093667	-0.043595306121690394	0.8696649578742622	0.4550792042549064	0.08231876823072128	0.054088863834311385	1.0099655197858828	1.9290369950795527	0.43455661305461696	-1.0589747399754288	0.4798453502784643	-0.5499966594410862
0.2250418226829261	-0.10371223076333955	0.8710535088392716	0.4241058075202828	0.04229424773395041	0.00641859250754473	0.9592246853644172	1.9878222666796541	0.4775749550330891	-1.0037531264257697	0.6812675221966574	-0.4551147069090073
0.22642169028194123	-0.10626340909589282	0.8692319629333868	0.4264705155953443	0.14364953839291386	-0.029766199181310876	1.0031081554005667	1.9795042365888975	0.4652346790579479	-0.987579242836922	0.6438638906200608	-0.4803342797761803
0.21693106917058025	-0.10179244096892187	0.8741754369796957	0.4223701168068775	0.1332334717962407	0.03444212888943644	0.98838773630993	1.9873196803839017	0.4569785146115844	-0.974494320179518	0.5874544286476453	-0.47568614693245737
0.20065489780428555	-0.08569680456437903	0.8714825236786358	0.439217350064091	0.1150198478232372	0.0075428860646317075	1.004530007303464	1.9756298643258035	0.4790603696002056	-1.0239837734327093	0.5912959268154857	-0.5291234730205939
0.22342470356237684	-0.11874488478380323	0.8611950871856933	0.4408220457088911	0.05330006746741811	-0.02091648233666793	0.9968437100826911	2.0403215990971586	0.5347749482058618	-1.0003749124031749	0.6559354445611819	-0.513419574759865
0.21368911856388884	-0.08682472748780916	0.8654120861874194	0.4448149597133559	0.23821502391061086	-0.0004216107696122644	0.9920106666643619	1.9811541783607682	0.4984906360547783	-1.0596957775763436	0.5479211553754558	-0.45571451295295784
0.21716945132979903	-0.10128132897436196	0.867579067953505	0.43575920260991435	0.13645032072463545	0.024104977434394468	1.0079887461900987	2.0067544509985322	0.47249001745546754	-0.9766404281235385	0.5842253094930192	-0.4888098344395299
0.22878782469841483	-0.12261518484699448	0.8682336308973947	0.42283804215495013	0.2808633736993796	0.21410860892404396	0.9595080050892163	2.0266721328771165	0.5110593900669206	-0.9808529024408934	-0.19255815120114836	-0.9486665380800995
0.20846016966383496	-0.09017858662994784	0.8644389460050667	0.44850584032629914	0.19784193887130072	-0.013074779219197469	0.9816332618301813	1.9678631667703985	0.47765513800292003	-0.9812046616322283	0.5059787644367802	-0.5985546153925246
0.2128830445466054	-0.10210850813901938	0.8663387382101345	0.44012708685862967	0.1306969583609018	0.005461468476578742	1.009762963362853	1.9814195478819459	0.48308097524728566	-0.9796111062051339	0.5616817108667931	-0.49476427126368056
0.22087127029958037	-0.10195218713379123	0.8623918922595227	0.4439615497539465	0.0844918385141714	0.016008270504285795	0.9626969854358716	1.9774917899992719	0.49897656862350037	-0.994085727717273	0.6262991219486945	-0.5131463489462901
0.1978404484632196	-0.09103674625765457	0.8690298507207274	0.4442505895764256	0.14751959158143402	0.059859362657639116	1.0501048066003253	1.9450156998438757	0.4784357383581613	-1.0049738906320524	0.5230244862264705	-0.547036791702631
0.2056100129154364	-0.11346592851889688	0.8723524055589991	0.4287788312984753	0.10710586790051196	-0.02750870267163631	1.025594657707521	1.9923111302424956	0.5068066653222509	-0.9956814119766147	0.6836990220400051	-0.4637151196979991
0.19020106946355997	-0.125843883056487	0.872825085981364	0.4314663828779801	0.2107999923246631	0.028451459437183052	1.031709337802567	2.035920855725429	0.5557248538165436	-0.9851859693551918	0.5627038978300751	-0.5166552581829271
0.2228704984367854	-0.09205584941297026	0.8672364707630791	0.4356091887159806	0.22109821701094645	0.013719147926705498	0.9714225457880996	1.9955086293241016	0.4722733387293582	-1.0155337859338835	0.5620199324347305	-0.43557335763108135
0.20902031880856187	-0.10500347420943147	0.8686735100486631	0.43668193192397103	0.21519481363855555	-0.02508589774414594	1.0001782547099085	1.979260311070202	0.49150670537823427	-0.9805471495568077	0.6060503932788367	-0.48263213013597106
0.21652784353689453	-0.08603041657929865	0.8807976569955951	0.4122013437963596	0.17989398113331334	0.012872093115396867	0.984383734228215	1.9902097528288136	0.4106090464866491	-0.9791122839114471	0.5454661946328777	-0.5145613198211342
0.2244365967221367	-0.10378931145064002	0.8721684869243832	0.422111505761711	0.13085330791897984	-0.01485822156229541	0.9720240107244303	2.011570376956881	0.4626489236514722	-0.9781445485916552	0.5549254908833375	-0.5135886246331528
0.21627991325512488	-0.10535774988356494	0.8719003059895157	0.4265121335638841	0.18972015935767192	-0.009852794702362604	0.9969682056211318	2.0246447785628545	0.49258175505114615	-1.0123847080102748	0.530307178407812	-0.4956919090920063
0.22114652367244086	-0.09739479750113872	0.8681667111244887	0.433468603456577	0.06836243418435606	0.011135432512854024	0.9904868263455325	1.9883916886154211	0.47167527599185227	-1.0032479449094929	0.6313559697240796	-0.5095542023806353
0.20766848664302792	-0.08984563729882064	0.8790522253648047	0.41960546492502715	0.11503410333053114	0.017286752036401055	1.0061083686055672	1.9810755010137633	0.44940266787557764	-1.015226116605901	0.5325035563464386	-0.516895950057419
0.2315892741204035	-0.12669188094782716	0.8648758362997119	0.4269723213501789	0.20287199844081083	-0.010758488898333559	0.9716612148606906	2.005806720170337	0.5063908467189202	-0.9576079662540387	0.5608635123077895	-0.482604348822077
0.20659572768072074	-0.11991204812957781	0.8553416235304222	0.4597064422800544	0.16259373195286386	-0.032218619539575506	1.0442321818733291	2.040477763700398	0.5912088361796028	-1.0370565247953014	0.5493840519842407	-0.4705749562515187
0.2121442548355915	-0.11168158781081827	0.8602313053758484	0.4500268206848011	0.18824786483337652	0.03817859697456811	1.0346370411653105	1.9998842433482378	0.5430559942842554	-1.0294849150072434	0.5222583099874029	-0.5096224589858157
0.2139132003243192	-0.11199519985869388	0.8637220812842977	0.44236001654482704	0.12944804027722986	0.014801969582812309	1.0143410207929617	2.0016779401645133	0.5096248506908505	-0.9787883930183834	0.5962983987430464	-0.5090093406353821
0.22093811770182267	-0.10526705948422349	0.8671344276124727	0.4338007362639092	0.11158698962392945	-0.016788983272262827	1.0083663575119726	2.007799005134684	0.4856691367268642	-0.9971672715147092	0.5492022828677069	-0.5290979934000823
0.21463892779539853	-0.10540738078747204	0.8654754476763621	0.44019502975359365	0.14145044115272537	-0.025839835389168245	0.9990775888606798	1.9648452633484716	0.5080244609812685	-1.0154918097184438	0.6644289298163863	-0.5136096114000791
0.21465037202487608	-0.09835316359346333	0.8712910923717261	0.4302368014877668	0.12637422923874855	-0.04866907173150003	1.0103718893619738	2.000857324900074	0.47642827017048045	-1.0115214704568507	0.6649006836715065	-0.4765101484785617
0.22795969962393642	-0.10908135866811892	0.8617195141079097	0.4399717167547364	0.07521796822844902	-0.009736374279644513	0.9946743416889912	2.017294063190825	0.5158356721159446	-1.0255253564307565	0.7169449692041977	-0.521507219202643
0.23196433545694656	-0.10787964221742528	0.8697012963530736	0.42210684073210725	0.07309825754746617	-0.016989791250577587	0.9685542682088143	2.010925058141384	0.46560381627277886	-0.9776397209396941	0.6379095517108883	-0.46918842279521833
0.1960410437865872	-0.08946654682775997	0.8754814016392892	0.4325459068509228	0.07579167429310477	-0.018493017412500364	1.0185852526200545	1.9743840681487677	0.4702382777816274	-1.0050449006023747	0.6062711569502574	-0.455135558511325
0.21823552941463997	-0.11555546207460152	0.8803097868039864	0.4050615609298879	0.10976305428747785	-0.023274040155363645	0.994424998221078	1.9892072912948917	0.4589334247259114	-0.9656771247854301	0.6970778173072941	-0.5207480685979483
0.2196773576802703	-0.11552301670942292	0.8717899835642052	0.4223488080841375	0.10727122611769264	-0.015741083290069794	0.98128824309678	2.042110561477715	0.5084372233698107	-1.0013204876166837	0.7176651925247698	-0.5067286577212988
0.20446072917097066	-0.12459546002409108	0.8726724046808421	0.42557567561694204	0.18416196323522452	-0.03374728137660619	1.0311837665891876	2.04124576953153	0.537767533375814	-1.0005306695270342	0.5901644591855173	-0.4897069428449803
0.23202114470568186	-0.11176608967437097	0.8693770525141198	0.42173222567196217	0.12719400520733384	0.0158085663306372	0.9719030313011929	2.024298739816432	0.4819803222010651	-0.9918064255153778	0.5836738722144589	-0.4644907060485128
0.22423638167074225	-0.09620393845684456	0.86765205984744	0.433177504497982	0.061847760773865924	0.03037666158759068	0.9691627589912607	1.9968915847251347	0.4624922110227599	-0.9845733684991664	0.6888355212996773	-0.5713157626734695
0.20599277843111694	-0.12964550113690165	0.8694979302046056	0.42980503561393657	0.10304844329225708	-0.0327739936152048	1.0148189118394655	2.0150409576664985	0.5272770985508471	-0.9452442029678191	0.6418316375455914	-0.44632506537086075
0.21527729299537912	-0.105041729393689	0.8710846513621598	0.42875803475600216	0.158017783573883	-0.007812011950970668	1.0286378209259124	1.9909905343036327	0.4719069859366874	-0.9874478718348444	0.5573925931610865	-0.46804160056571464
0.19934113551447794	-0.1101513146571369	0.8673319117126663	0.44256655374751785	0.12339361293348032	0.030557074127962287	1.0455201055633543	1.9874752723692697	0.5076025567657879	-0.9710450174263945	0.5966930036608623	-0.5210552185381275
0.218956581944815	-0.0925278439947603	0.8719736174212434	0.42797035391488963	0.07258103737124912	-0.008949719959318729	0.9811864782023704	1.9810325611564028	0.4645950004356326	-1.020283636288884	0.626503825741033	-0.44078046093505424
0.21071125272768892	-0.12727589902727715	0.8786062230678451	0.40920987071084003	0.1268456248964463	-0.043893550486153905	0.9875761946593343	2.0295329680557685	0.5167208188709588	-0.9867232928014443	0.5632092294146476	-0.4879515208312463
0.2169767366513491	-0.12368574607442022	0.8635258518703374	0.43811646296590284	0.13598805892109223	0.02004421946058201	1.0345605046039092	2.029786994565424	0.5328003671362157	-0.989478302951189	0.6090183918014475	-0.45478597333503906
0.21508255850953548	-0.12299411170493255	0.8499507492547206	0.4649684562981085	0.1319238990980697	0.031299035798384334	1.0203654874228056	1.9836996623198908	0.5806784701008796	-1.0087298099011979	0.6144674842015728	-0.5126413748877482
0.2159898066661666	-0.10933813387026706	0.8700678695469205	0.42938965786353345	0.11773005054614212	0.00023873343717976858	1.006275211110002	2.021165531938211	0.49879103681285164	-1.0022057300718705	0.5985018913840635	-0.4693471954201624
0.23110828720354878	-0.09533958089740505	0.8777709110273676	0.4086778091043536	0.21206826856235794	0.029768408056655465	0.9342384864426977	1.9863809029521333	0.43479787165599576	-0.9987879167262527	0.3940743149313462	-0.5161197763059462
0.21691214731234448	-0.09448029684535868	0.8637008665622841	0.4450206814923552	0.13354165079588104	-0.013827851476649581	0.9994370355851757	1.9684906121354824	0.5008925171058582	-1.041362292748313	0.5708265466299256	-0.48731533261412374
0.21007335478953015	-0.11792513020066886	0.870517252654523	0.4291416573876847	0.03780319664442497	0.03862671756583326	1.0478508164823293	2.035810801214565	0.5050022815428276	-0.9779183027995809	0.5559017839990903	-0.4840726282202425
0.20038803599554192	-0.09770457470696535	0.8714956364835885	0.43679950400755396	0.1149262307382523	-0.017341112418105792	1.0248641971657748	2.0023192434712866	0.5023749802146245	-1.0246174103922456	0.6325580246533473	-0.4524058878682283
0.21098126271770018	-0.10165292728110568	0.8615712488874782	0.4503871359704871	0.12043953469295543	-0.03971984370595338	1.0108629531629714	2.0000429891930533	0.5192568781447482	-1.0154368946716381	0.628876159743034	-0.49979068423348094
0.1915321212412875	-0.11143346008551402	0.8740431700096263	0.4323731807891264	0.07057300160514571	-0.009087685409888035	1.0406055437474209	1.9761598435611805	0.5045591144081837	-0.9716271142607845	0.6298222767971882	-0.4933670146829549
0.21431203499308807	-0.12515990636717694	0.8678430470143946	0.4304111932141776	0.21948997206146523	-0.052680110275666124	1.0042434911257987	1.9797437961571764	0.5349000879559942	-1.0028694584132412	0.5812138068128381	-0.4902172213639741
0.21945114164813492	-0.11439749880108048	0.8614298311560511	0.44350090720520996	0.10712951383017062	-0.033606076635201446	0.9936115633095624	1.9847878662733123	0.5375546654382637	-1.0238086138710114	0.5978946438041378	-0.4548935799880926
0.22000729608871558	-0.112503728306506	0.8755432374557592	0.4151671231327887	0.17093433477004474	0.07098054896130236	0.991421145301576	2.000339756433185	0.4777537971791865	-0.9908499212785435	0.5519114806788458	-0.5054785737516925
0.20707415850420766	-0.10229844195529714	0.8702219260048935	0.4351656249678121	0.08855257433273811	0.023431871153887826	1.011688601369993	1.9933424269669304	0.4923684453256944	-0.9974330074034431	0.7116903174379355	-0.5529580691772668
0.1832284578850033	-0.10097447347798803	0.8842140817596302	0.41760860329368304	0.13855067542616772	-0.00931756811761704	1.0933949395569462	1.9777887529577765	0.44263073570756045	-0.9387144256466706	0.5885082718668969	-0.48079962110545166
0.20989398449724034	-0.11619277710819367	0.8680196831970549	0.43472472140682583	0.14418427423042726	0.0016564256385251726	1.021132956801716	2.0243552149576844	0.5237340748093984	-0.9977019365660567	0.526981140088609	-0.48999053315802127
0.23431405986793855	-0.10405452680116321	0.8530821761548194	0.4544451314816211	0.11836173993072537	0.015228933676090765	0.9779722701485082	1.9909762338276291	0.526472793038565	-1.036664465100916	0.6514957639712828	-0.5219303335765119
0.20180867457419036	-0.10551674731351383	0.8706612043565917	0.43599144731440975	0.28543476803150153	-0.04372233829940664	1.0326255732215055	1.9753070028735942	0.4931989425345572	-0.984822102162283	0.49286766550328664	-0.44007293805811737
0.22299000688934104	-0.11434475227156479	0.868755342404857	0.4271590915554366	0.16612650877626114	-0.03757149595979495	0.9726545680194599	2.0020087040750423	0.4995645428050558	-0.9878577637479591	0.6429651825948292	-0.45150345897182564
0.20617792686683675	-0.11169764336791371	0.8689118471127303	0.43589735131804913	0.11799271597007523	0.01611347573941647	1.0004247609392571	1.9985333070717097	0.5148668898979422	-0.9874067406499973	0.5721621635000207	-0.5154571131998321
0.21307320667068558	-0.10461223595668855	0.8704517533105184	0.43124219859129964	0.16170631097649044	0.004139505552135914	1.0063304117003236	1.9950965989210434	0.49151364037878725	-1.0053502256701508	0.5615425923475318	-0.5058954972165369
0.22537722363393908	-0.09766763049575297	0.8678955903552121	0.4317677445831037	0.07821545867112213	-0.011898004698297505	1.0007704036890164	2.0047369349725668	0.46987350714451503	-1.0134015318126752	0.6497178963783703	-0.44555497471792976
0.21291944787741213	-0.1038208777981368	0.8737036399057937	0.42488643619697913	0.13175139802494398	-0.02590857699492922	1.0069174279489694	1.987110879632856	0.480280851128711	-1.0066497736379758	0.6678006573868984	-0.3991255513555665
0.22105213363335857	-0.11973193686018425	0.8669477576452631	0.43035079066466086	0.08122926339390658	-0.022837142033434243	1.0068166757560424	1.982800740676917	0.5069708533567618	-0.9868034519414355	0.7304617985114797	-0.4749428291207123
0.21904043269081686	-0.11909582410935206	0.8645147157284531	0.43640781365058756	0.08655624959350995	0.012016827521721363	1.0155945347054773	2.027042519902519	0.5275493008190306	-1.0016275764670846	0.5847423997108638	-0.5155273479422561
0.20677120161349846	-0.1137033474025307	0.8720804526636056	0.4287107452056811	0.08112194948339599	-0.011777954030324023	1.019275592883272	2.029731336759452	0.5062829397742622	-0.9831548469595875	0.6600017932142567	-0.5250322110059454
0.22417708556024354	-0.11827490597973579	0.8667215864289972	0.42959210018714533	0.18493899526992275	-0.026896226399235015	1.01612007176638	1.9998275955446738	0.5114754749433652	-1.0115834306595735	0.5962828413487409	-0.4607546633635135
0.2037520177162059	-0.09297477798658067	0.8660989811440064	0.4468930082203514	0.014329550003085757	0.05499464602046686	1.00635171069382	1.98079537665911	0.496088432384845	-1.0081694248122703	0.6625566175979648	-0.40071941919061155
0.21855021578721112	-0.09254494541181629	0.864567047567645	0.44293911152465737	0.14392246065666148	0.0402726205916984	0.97981239267466	1.975108277241552	0.46305000064675733	-0.9746027904370705	0.5590872807414353	-0.4764639114106479
0.2254054099985781	-0.10874372373017979	0.8644576264046703	0.4359818985273021	0.12211084713877823	0.08621845667838707	0.9591661417333306	2.0289467874559537	0.5067869229442471	-0.9946785187228666	0.5081342816503535	-0.5386475870688368
0.20910600467868845	-0.11451570573686502	0.8644760531981032	0.4425403771340354	0.14962816183968466	0.002470550238549808	1.0660938303053562	2.015399022188358	0.5362085096347071	-1.0296714599280545	0.6433128582130948	-0.5261263914742463
0.2158125495705255	-0.1079448976076701	0.8729553348780148	0.4239361105595419	0.10999336736848003	-5.55314854959304e-5	0.9772769070421146	2.022681420106742	0.48017770897872275	-0.9712411013013871	0.6140818915755335	-0.501762444549761
0.2251609746616534	-0.12382629954632986	0.8657445752556974	0.4294833098566338	0.11195921909068003	0.034274301823950616	0.9745700841572275	2.015907196052712	0.5185255670631653	-0.97494712580333	0.6050893898629016	-0.5305994983971897
0.213111001926717	-0.11711293064095046	0.8664198499361198	0.4361019444707287	0.08731556084415772	0.052657609544238725	1.0099901808865568	2.0171946121756505	0.5028145885014561	-0.9508074711710192	0.5993834437846817	-0.4724228437217927
-0.16401718706268492	-0.2448067563755332	0.9462399229100984	0.13340923008557382	0.13100522977119647	-0.0016703274165200607	1.5576373638334609	2.119479749425028	0.8743873389332453	-0.3975582994645142	0.541841723112309	-0.3433670470982449
0.2301161946959859	-0.11948289672009585	0.8706428391191233	0.4180327989770732	0.13914601429711312	0.05307142372540429	0.9813634285711699	2.0201899314478364	0.4873775743025503	-0.9778688870263201	0.5229413719729737	-0.5300290686783421
0.22992722853838532	-0.10065207992520561	0.8621257129377702	0.4401612016919807	0.13109463756460735	0.05212887821381972	0.9789373271242623	1.9577938957156986	0.49286899457696276	-1.0290397028708367	0.5104445841260916	-0.5622099460996476
0.21239135715459956	-0.11788502151635666	0.8675015000613623	0.43409006035545394	0.19508133548808546	-0.0069727135023587615	1.045763655582435	2.0063975081769403	0.519564358967217	-1.005113568081966	0.5357883252791822	-0.46686088290840694
0.20345957393785502	-0.10640245448208083	0.8726006648579742	0.43110416275261926	0.09895553453869536	0.017103980153699443	1.0204595967488874	1.9852677274276442	0.4975782751014233	-0.9987656966616251	0.6376003716000295	-0.4837874957934217
0.1951032373829059	-0.12385145753998639	0.8686208010181401	0.4382846646490553	0.13299291549537465	-0.049067194010365245	1.0343875849295385	2.019859608758004	0.5380025040418173	-0.955931178435505	0.6735811908506412	-0.4387377306175089
0.22370249734861228	-0.10655705644003763	0.8692684223182061	0.4277560009669599	0.1318788731674824	-0.02109326725138551	0.981910178442641	2.0060255215346854	0.4896408509719447	-1.0088202466423632	0.6461676993951034	-0.5494530463083405
0.21592181513628197	-0.10808688071134409	0.8663564421704892	0.4371744629733494	0.20367307068490934	0.01434089962496068	0.9969209724392617	1.976197387826194	0.5077015654448429	-1.0099091642197995	0.48979965286992605	-0.5446408046259469
0.22854560452076259	-0.10898934909832407	0.864304721974825	0.43458667260902417	0.18604153020080805	0.037293068929546896	0.9929254361263022	1.9923687923972515	0.4930220893876235	-1.0030291160909912	0.49843824903429396	-0.5125664867218263
0.2104022259911414	-0.11636193591144893	0.8651160259256463	0.4401875337348039	0.10961348295585832	-0.02838422115648724	0.9987041766742417	1.99739045104119	0.5226603646039919	-0.9765638206800094	0.6364848156591817	-0.5155300381396531
0.21308035612809836	-0.10662893298818919	0.8657600135620782	0.44009843376125896	0.20552763552688513	0.009021675926179798	0.9786538523374104	2.0043256978417032	0.5082465819746961	-0.9880343468790884	0.5096766848462821	-0.5160988909237669
0.19808469750774035	-0.10663345191736084	0.8806280766788136	0.41699634304203265	0.05774708717007054	0.009237207334677826	1.00079401629428	2.0003326895862297	0.49029116257080135	-0.9992983650142753	0.6570261199707054	-0.44348898658190955
0.2265398272119772	-0.10914872053673871	0.8611762566427962	0.4417484787598719	0.10390432523986065	-0.0007999879745962959	0.9825770566888673	1.9818517406793512	0.513193365436007	-1.014663813884548	0.6122611955430483	-0.5736442567914559
0.22259321204466165	-0.11772996970765366	0.8738027521473808	0.41600560876500015	0.15086401909708785	-0.016705659519968896	0.9708638482674589	1.997957364788303	0.4830691657842417	-0.9687259028703257	0.6228480644497046	-0.5310224452744444
0.2089054208249257	-0.08645444896364954	0.8698245529880214	0.43850815320076	0.1838331253458928	-0.043850913202250756	0.9918354953426304	1.9800188864483763	0.46721247059838683	-1.0089008492488885	0.5842866073851501	-0.5186420006908586
0.21353259559500853	-0.10129262743725151	0.867635837759418	0.43743763816209247	0.15620480202574857	-0.02389174867460986	1.0159406358741763	1.956969058967007	0.4906975650061445	-1.01604584809047	0.6303540462006498	-0.44883469983901686
0.23371421664066772	-0.09994285245129654	0.8696849258370963	0.4231279014147634	0.1585208401094978	-0.05473674036415896	0.9596237138671142	2.0166168252524423	0.4568992914436949	-0.992819645617509	0.5894388780862405	-0.4632410976616898
0.22419205687864724	-0.11055231588490019	0.872140449244271	0.420579533354879	0.0729700772888457	-0.002527144007192303	0.9844484081432715	1.9940634812971576	0.48208976953933474	-1.0003034680737992	0.6513701949439203	-0.49504838908966003
0.2164723596904332	-0.11246666409398477	0.8715867954478906	0.4252380803250143	0.13503152232767593	0.0643617855967067	1.0046773792609764	1.9999927440989322	0.49142010555988574	-0.9897223822879962	0.5397877287541694	-0.5013158219366612
0.2209378415281884	-0.10309237975626823	0.8682279206607593	0.43213274488535225	0.12096318651085929	0.01828326556386711	0.9688381582497234	1.9912450268519621	0.48848584143591417	-1.0017474363689094	0.6007490143458915	-0.4965700651013832
0.2262724353063036	-0.12444982847949193	0.8578662138153067	0.4442730966490886	0.22744984393686538	-0.029775565191840977	0.9632994200724472	2.0118162725063096	0.5559750925624865	-1.0006236403880364	0.5661235206456711	-0.44946151809883994
0.21284053978461487	-0.10323711374272748	0.8631071976275723	0.44619162741331664	0.11658232781381211	0.008006595600863992	1.0011350265520707	1.9847158476643745	0.5113405844775089	-1.0074763734226855	0.6730663804444986	-0.4985378510356215
0.22756477961654048	-0.10660428893843031	0.8640347987785214	0.43622661903850757	0.16705145769043117	0.0738331054817396	1.0057196852335764	1.9846384560613706	0.48803724072653937	-1.0063039416829789	0.43650369188081534	-0.4991213641122067
0.21653551834397175	-0.10174655078430563	0.8592454565308403	0.4521694971248195	0.14307015225069802	-0.00365258382105749	0.983219356303201	2.0061838993485077	0.5152029085612873	-0.9984428012253902	0.6347641342015056	-0.47257061770138326
0.24417897012629325	-0.11249470396946157	0.8599180264142293	0.4338923368472218	0.1323293331421698	-0.00819774950679584	0.9637303405026394	1.9981643852700295	0.4974814725987005	-1.010234613268094	0.560985767104648	-0.46416940429875186
0.22514949052565822	-0.11233672483654028	0.8643493408970891	0.4354174824921523	0.10781780825998276	-0.013116676425469131	0.974235756061404	2.037300148281322	0.4987184187262942	-0.9681558766742723	0.5991191863272338	-0.5395100924119905
0.21884715403837018	-0.11250085224802821	0.8682373443173627	0.43082873087284523	0.1448588229966232	0.008443168906426799	0.9969380739658706	2.008503078672776	0.49765588900868846	-0.9848511698456752	0.4852831051218767	-0.5296167747374164
0.20772183140855943	-0.1116755212802296	0.8612073470399099	0.4502245263283013	0.05654533187847358	0.04878441155888078	0.9938983451005537	2.0027344711861716	0.5565905838565811	-1.0264608911957747	0.6519551263257289	-0.5165092734327361
0.23735426997162684	-0.11260393494996841	0.8624731080689213	0.43257767189021024	0.06363810647363614	0.01099277159960043	0.9544064569139439	1.9950384147563478	0.5060135485392274	-1.0132431199638054	0.7395956546277217	-0.4704080935014032
0.22014511706126155	-0.11791224579274179	0.8725753540991482	0.41981553228166946	0.17877169086836664	-0.011406106832258013	1.0174909555821186	2.006795051499209	0.4808338977221642	-0.9693156432624137	0.6600661219138799	-0.46510436799594396
0.21333053117429798	-0.1203370795911712	0.8669379623497686	0.4340825280763914	0.17396938411534216	-0.021532623843083225	1.0258057246714543	1.9995216060674548	0.5278724668831543	-1.0040758199226942	0.5764929869007737	-0.5179012488075078
0.21591841985249954	-0.11485768185456696	0.8736068797714194	0.42071126500658357	0.1813308205102957	0.050929012683513686	1.0159299386918674	2.0039178168356786	0.48647009372465544	-0.984466752153188	0.5429794131510518	-0.46386167349006885
0.21902498071040494	-0.10084432973084667	0.8676144090105626	0.4348605710606506	0.13377195338765507	-0.03790867580917876	0.969698833535585	1.9849669252456705	0.49457997911078916	-1.0148547715052478	0.6123730539541351	-0.5275757571760039
0.2227175014391623	-0.10206979809250007	0.8623426392188612	0.4431070338587527	0.15692366604906674	-0.008928395200364292	0.9828234812207245	1.9752158324227511	0.49579744529139486	-1.0038869897990974	0.6239662201587239	-0.492646228228151
0.24580221569720626	-0.13080998075474626	0.8637137065194038	0.42008172164925256	0.16228578365255322	-0.032496023631959255	0.9498252344564002	2.0472750852861155	0.5102996078582094	-0.967473416342796	0.6634855573142595	-0.43977755812603797
0.2213544284094537	-0.1143697870009074	0.8657138879010413	0.4341212194078451	0.0934653263136848	-0.06063443705772054	0.9852412974286503	2.0122004598798857	0.5245628579272985	-1.0183191183924225	0.7263620994942442	-0.4725040463248728
0.20037722805462843	-0.11407513485895851	0.8804416190203661	0.41431676961094693	0.11279719659899533	0.042996194814594914	1.0208015622472224	1.9881354430015405	0.4853383329793963	-0.9776592839822618	0.5650157488716275	-0.5314953114785352
0.2077900202260648	-0.10279483563775998	0.8629507059145741	0.4489683824304286	0.14891897349265557	0.02321675297323547	1.0187811969759313	1.9500243265450141	0.5141566110184054	-1.0132828137139671	0.5843021202813975	-0.4615939492349989
0.20648699731431108	-0.11486577870531857	0.8610196547459918	0.45034889470679657	0.13517719890597746	0.048418867312206404	1.0497474854597817	2.0155488571766838	0.5396528506016227	-0.9989884145562977	0.5207606467130742	-0.5173483403885369
0.2117330098322012	-0.1088703979690197	0.8672390793036139	0.4372787993055285	0.11698666429890915	0.010692113706336116	1.022729794605859	2.008575333409919	0.5179249717764814	-1.0223135403308536	0.6060761269689515	-0.4824210559422429
0.21654085230013195	-0.10712634036984661	0.8747017736789735	0.42015570162376004	0.05184116335878113	0.029455176320806343	1.0225646154722334	1.9752981040503843	0.45602986461977785	-0.9727600653611816	0.6624684190290032	-0.55014052983381
0.20836386001124954	-0.10623385981855031	0.8765951500947119	0.4205708165097697	0.1502458256482271	-0.011937819163515865	1.028121947879928	2.0016903852463157	0.4760168697302636	-0.9959089522209756	0.5723873453299376	-0.4619155262599947
0.20232107741158542	-0.105043536507611	0.871970006852101	0.4332439777115621	0.10649788282069002	-0.018542995882273452	1.0196190477698734	2.0172376594208417	0.5000551917761954	-0.9934951152589463	0.6458419410250871	-0.4362748976905049
0.22528674227549034	-0.11985562776383295	0.8663176029336017	0.4293883127142757	0.06457661805807724	0.004700038803478854	0.9939793016399301	2.0211288392924787	0.5075676020186055	-0.9813994204324429	0.649029643710271	-0.49260290795361467
0.22943387304900978	-0.13727537025087327	0.8677781001667738	0.41889943839919525	0.11377373913666218	0.012847466171382493	1.0173346886322385	2.0433956851199544	0.5144520600744357	-0.9532917289181263	0.6256517473817128	-0.49039901802746716
0.2094607288871169	-0.08820592984010187	0.8669973310007101	0.4434653820004062	0.07723275643470624	-0.012043484460061517	0.9974902933992579	1.9755001462379043	0.4912659111060867	-1.0386615710067963	0.639450356370681	-0.457568852623307
0.20333434697853212	-0.10938058473229113	0.871127978282543	0.4333902127134453	0.10290321555584998	-0.041163172722639745	1.0029249834853076	2.005325877518942	0.51177438843655	-0.9931151078940534	0.5981236352090118	-0.4933848635024451
0.2045206998463976	-0.12465679373024524	0.8760853057335583	0.4184572907585343	0.11461626202133557	-0.02496715712244767	1.0447710551757046	2.0310235946945694	0.5106412984737305	-0.9746795316504201	0.7060371264288743	-0.49418880236220614
0.2220593065588781	-0.09911137023714381	0.8678602990362926	0.4332263865658957	0.13713074611944967	0.028955409650757966	0.9971308524407009	1.9906568258954789	0.4853642112337536	-1.0279932231000435	0.6248346573572049	-0.5133180883089367
0.21662334421150492	-0.10120119959770438	0.8672123147517755	0.43677848514490364	0.12918154934215417	0.007909944281061154	1.0011679581234398	1.9816017483074155	0.48473541046268953	-0.9998303702095281	0.638260002996263	-0.49528151965237344
0.23713222376057522	-0.09968168467344878	0.8651197423212943	0.43058065637109716	0.08073494689665967	-0.018298284830578458	0.9658733106116433	1.995118682214751	0.4732484686696902	-1.0208992935816124	0.7054711564845366	-0.5031547297106698
0.21412830096117447	-0.09913702302364036	0.861465564309615	0.4496643224697813	0.1325192588565071	0.019143825902149594	1.0035934596544709	1.9624407245110564	0.49314486851008166	-0.9900152875715914	0.6228577085263527	-0.5066509385541501
0.2217221957008874	-0.10080558756175521	0.865424251913455	0.4378565583041365	0.17027051349053668	0.020999128192480426	1.0247345670675645	2.0052681834648505	0.4970896055788768	-1.0397413312091617	0.4661082019545009	-0.531436784434392
0.2209308803630906	-0.10111170045184112	0.8697757927060551	0.42948345783776154	0.05994854874337399	0.023161397444381126	0.9941916808756617	1.986052283391999	0.4738856365502612	-1.0035515153434045	0.619937243590873	-0.5856050584203205
0.22158813094738644	-0.10073810010183126	0.8714690693955918	0.42578421353767754	0.1330437820013703	-0.02512803006530125	0.9830696047737839	1.9781405953311464	0.47077396057435594	-1.0071471949593727	0.5589049170442003	-0.4990990926847525
0.21388934862261189	-0.10988514887856221	0.8540395784882185	0.461294915403798	0.14016190555423721	0.029033550731586418	1.0292782153102236	1.9999654107454135	0.5409367464212529	-1.0023230813417334	0.5917812802410328	-0.42860449559148034
0.23049469494268687	-0.10556633134257631	0.8673510096737207	0.4282874867517427	0.1378879642545732	0.024757758752170442	0.9527205423930648	1.98621154571839	0.4863364709950167	-1.008071464020394	0.6052550887849281	-0.5009605276476546
0.2203731409000905	-0.10202182242747572	0.8630004271392142	0.44300958147193537	0.08194464010124093	-0.04895864451701676	1.00702918451668	1.9624228320121593	0.4835687298430263	-0.9910220217400441	0.7065243112760272	-0.4413570349296711
0.20018072544564441	-0.10708027065289151	0.8764803957825317	0.4245510671354573	0.07946502016436681	0.011181035834094856	1.0107341700780992	2.0487818931021904	0.5014023668561359	-0.9949679966071019	0.6227457779117506	-0.5160738961109385
0.2118277568941404	-0.13032580449379938	0.8680046461083931	0.4297814798551516	0.1313026978432846	-0.005413983195884956	1.0067413674845196	2.036477816067308	0.5340601083961972	-0.9572697536007085	0.6793369656178249	-0.4637999253405824
0.2085263289306089	-0.110253852866915	0.8723108303086631	0.42829274263864775	0.13931251107984233	0.005558165988679809	1.0068636894665461	1.9873526148318952	0.5007312082875346	-0.9984702508283958	0.561533462019031	-0.46215040347527275
-0.20175935936450964	-0.3029148115328148	0.2534908397024427	-0.8962578714018707	0.14792834190559057	-0.30739144538651747	1.3830108843066578	1.767574614131288	2.11791476727828	-0.30971881776821897	0.7938437036196081	-1.0483958248921457
0.21888495601742783	-0.10350958921223184	0.8711311889491774	0.42720673287104965	0.09685815300304733	0.0028864333222764706	0.9708064120801811	1.9802875433797051	0.4802896567954721	-0.9969680617488441	0.6470664836539916	-0.44579193550095325
0.22340306830174128	-0.13315583202067072	0.8683698645112571	0.4222491822146626	0.168170649131275	-0.02084470287497335	0.995972009361562	2.028476604640179	0.5376012350977569	-0.9928649767721475	0.5615999850666453	-0.512415790487618
0.225338259224548	-0.10383885645335783	0.8657996382235416	0.4345470599050162	0.13536669747510563	-0.04069618310756261	0.9971798202709383	1.962160760971185	0.4841746257948302	-1.0128993881196535	0.6079177425773653	-0.484048727866262
0.21666587093002043	-0.12312497288576149	0.8766717789957956	0.4115127377595535	0.13703540923106378	-0.007090455225319498	1.0076274544728192	2.009510618344829	0.48276046374591425	-0.9577346653367648	0.6129984702707695	-0.5061442754256017
0.22493329255934127	-0.11262598430064075	0.8715975202489474	0.42075903347950977	0.17849454664727316	0.01298066002673637	0.9714769338245623	1.9979569736943612	0.49203184216009926	-1.003779680344728	0.4797208947757267	-0.47478823922622526
0.22068992735298698	-0.09417362132596976	0.8606956352555131	0.44903263630096546	0.18521833071850105	0.046406612086215625	0.9839982263474929	2.001203650482987	0.5104838599908369	-1.0423944600769246	0.4719396303268808	-0.49781871116022014
0.20877637516311232	-0.08929777392050987	0.8683096383536818	0.44099513000563967	0.1181393516616167	-0.0031391646766182582	1.0114659229488463	1.9873002749502715	0.4939452127937612	-1.049004979740168	0.594828518238585	-0.5390338438742237
0.21270432844181508	-0.10460582691297748	0.8696867072087585	0.432965958179573	0.13668248980805886	0.04116208859478322	1.0187932591225903	1.9751842238927984	0.4746105432630718	-0.9766320643587166	0.5486236402456869	-0.5505402213475352
0.2262718835701933	-0.11341328214348542	0.8638595534026787	0.43552856867714584	0.11277301794864249	0.061218641466237254	0.9721502690550013	1.9849642931529696	0.5162226835592948	-1.0120871181492224	0.6428808341938744	-0.5547402930008766
0.2055662601514941	-0.09420969591699739	0.877229548424837	0.4234800647644604	0.21012417118683446	-0.014926731120447867	1.0131292578708875	2.014795125309675	0.468383551064858	-1.0138183192381087	0.5303798071422446	-0.510311273009866
0.20855172935554261	-0.10704245184067437	0.873089067026689	0.4275085621659702	0.08826589297261196	-0.006699816693914634	1.0180666557321245	1.9908873621786491	0.4993187312253985	-1.0178973259757218	0.7448503680889749	-0.5600788108653426
0.2059313857115919	-0.13032180945721494	0.8728842684501119	0.42270739791375056	0.10383708078507904	-0.047797528546646095	1.040494168563639	2.0321473990834216	0.5296915860234636	-0.9741886099639774	0.6327020615428754	-0.42492942354793145
0.21589217873278613	-0.10836688714285193	0.8727976053262316	0.4241126325279344	0.19019427470807893	0.004145240995785249	0.9974999657607762	1.9791964589401687	0.48452596606681253	-0.9991831225825452	0.5475032023521194	-0.500106488222757
0.21180769524725537	-0.10549217874978378	0.8650893350709666	0.44230005969154274	-0.07136131333794234	0.0332814216340803	1.0047521155606312	1.9871364245734089	0.5201281879598739	-1.0245176715108093	0.772493869703978	-0.5505656248646005
0.23464851266441725	-0.09712182588123727	0.8746727158977415	0.4128620429464788	0.1580737738162062	0.009165317435158716	0.981681893040955	1.9916438510356642	0.44760261968077614	-1.037692650880464	0.5819253689423766	-0.5162926362949808
0.25896739920648043	0.5001842576425357	0.6438499183328595	0.5178888657015005	-0.19044730936623222	-0.33204331956948174	0.7586196625883354	0.46585414012975457	0.5309200185561471	-1.4893223815534198	1.6306729538325468	-0.6870540733362253
0.22211773425104755	-0.11293497441676208	0.8713806294938088	0.42261708700387385	0.10750486321968829	0.00843530063381196	0.9847580180701534	1.9980991352176065	0.4865413736341784	-0.9868026785903475	0.6211774799888653	-0.521885316640582
0.18845745904465447	-0.10879031177076143	0.8697943835598037	0.4428387793803455	0.17963146295291174	0.0004578385866192499	1.0410297823620192	1.9885394558618807	0.5469385742014121	-1.028771917473353	0.573334982986885	-0.49818252341510333
0.28133231618343457	-0.20286907050551495	0.35721020697554184	0.867235340686473	0.5966124764619111	-0.16857244610092548	1.2118360132406267	1.9279241132491998	1.8715169584587124	-0.7129984107650289	0.7161601819285329	-0.4170258702121723
0.20897801279851005	-0.10991342086121257	0.8628624599167284	0.44689551949848894	0.11330287587092042	-0.047027004734918415	1.0039081238501928	1.9820846759279898	0.5297713365284566	-1.0048362461116498	0.6850679149985893	-0.45848784110581836
0.20823751324043632	-0.1295954317979356	0.8644755416674016	0.4387757969571684	0.119487009888619	-0.018623095271792598	1.0101363978642341	2.0288860902316714	0.5486722952975256	-0.9611462281929225	0.6745266534087305	-0.5151677068598919
0.21554871114165233	-0.09398195358818139	0.8512610661233215	0.4691063235850776	0.17936540941421883	0.010066860392552635	1.009576749127723	1.978974845637742	0.5463450310192911	-1.0588373543097909	0.48954586958264074	-0.49138211001517607
0.21704468349204722	-0.12792765671197176	0.8640158143007591	0.43589309773637963	0.1557775755501295	0.023785279072662157	1.0093953098998036	2.000034491090129	0.538209482284936	-0.9824557124028672	0.621632802511046	-0.49058722410466493
0.21538678357820068	-0.1140009223800517	0.865020938405388	0.43857849842029034	0.11525432021771781	0.0014401118509385026	1.009955439221651	2.011163012775123	0.5258329974104605	-1.0103394707191762	0.609090137212209	-0.48886589152823134
0.21290710556010403	-0.09214539382589797	0.866397174460072	0.4421942185129657	0.21440104653698114	-0.007897648013001255	1.0041980935858867	1.9675457653631196	0.49765167854263814	-1.048554275106475	0.527539987657489	-0.5080194659540654
0.21458615773884154	-0.12021194115287816	0.8654308706928879	0.4364988867831025	0.16685008433833137	-0.04129911212296041	1.010102481529713	1.9789165471197299	0.5372149679897078	-1.0166968160957086	0.620011785812918	-0.49577896320831694
0.22764822286681322	-0.126316090468932	0.8676544755202035	0.4235519366311372	0.09047765153130412	-0.03521681951806981	1.0084889432205695	2.019809386902703	0.5153911376273065	-0.9954569468347452	0.6172777619748642	-0.49658276772917015
0.2063085445846154	-0.1106789074104233	0.874278636027761	0.42523385386308393	0.16090687446290322	-0.04597233500993373	1.0156701825618761	2.0331742784958333	0.5043038160996891	-1.0004235976085807	0.6267544125229716	-0.4636373419235667
0.22591999161384985	-0.10035320048347324	0.8744758442152925	0.41735044078792294	0.20477663528509515	0.019730128083418858	0.9693387962200957	1.990727548512651	0.44653433069748366	-0.9816705044409973	0.5467228999974624	-0.4929941482882019
0.21228011532951213	-0.12262534835358808	0.8633294327164724	0.4410923567489057	0.1475934883728667	0.041973211774939845	1.0090363989365831	2.028731816004558	0.5390705589373174	-0.9767113184668483	0.5666910039650702	-0.5192941925963239
-0.2887726679649917	-0.45918860392316146	-0.5907426017809604	0.5973100959338795	-0.5714167635946105	0.26609330794221264	0.6350622526098507	0.6303931616584669	0.48933696215188444	1.275602358290295	0.3777034694990466	-0.3047870213621176
0.2108330579609	-0.1010490563095392	0.8720287649095833	0.4300050500401993	0.1597005436194382	0.002467401760489466	1.0292173416958859	1.9984335300126896	0.47491184075149734	-0.9981045642193055	0.6020213616708178	-0.5045122497890343
0.21470238503332598	-0.10370298098013042	0.8685543093093787	0.4344674779278013	0.11450759765259771	0.015220977064616925	1.0062825793212389	1.9878260591280157	0.4871765874380094	-0.9967307755129151	0.6215226218634725	-0.504448132028473
0.21858599684714916	-0.09256807006625262	0.8635589139139151	0.44487899094738864	0.20547054225915803	-0.02739181901175666	1.0016245170485665	1.9935828139707994	0.48905418950419005	-1.02662992397045	0.5263212759883713	-0.48994040706078895
0.2206686309168766	-0.10248071744236772	0.8612933533604741	0.4460681756624635	0.08491906496917147	-0.04408193816386206	1.0238677923054813	1.9919693404358758	0.5104087348672761	-1.0343905547396075	0.6722873464368649	-0.5060339320888919
0.23318869775804024	-0.09995888703475533	0.8740671133942747	0.41429208708745885	0.11832149741684167	-0.014680711790780126	0.9697185546963343	2.001986739999335	0.43537457338390256	-0.9813309253234201	0.5955338518376867	-0.4517303026332859
0.2125859845955435	-0.1198962158583056	0.8674709824396917	0.43350454576799813	0.20390544748012415	-0.04022735044990625	1.0445856729091387	2.0238970370580818	0.5093224574603009	-0.9716833062156746	0.6350258106712652	-0.43592795350860625
0.21760946530746955	-0.10114486485172272	0.8668211747382908	0.4370776680957898	0.07898839994751515	0.023845992639670053	0.9932513919518088	1.9956551415559716	0.49524389525957724	-1.0148734702887354	0.6461879159953589	-0.4928845192528555
0.22322007097375826	-0.1037410704213293	0.864347168187048	0.4385368434571235	0.09402554004980586	0.017102480725536193	0.9462271137992079	1.9930969867490695	0.4974027831650318	-0.9905200947162854	0.6429564723927689	-0.5423772603240166
