0.2141990129425231	-0.09990633781256154	0.8649706616656447	0.4426773779820105	0.24357425580009187	0.13730042113178964	1.1678540335492436	2.0385939136578433	0.46477824209724894	-1.0131628471413292	0.20545410283770316	-2.171054237088757
0.22675387277740472	-0.11183463665416848	0.8679252812521371	0.4275294158163592	0.2625708595478913	0.12258560653782828	0.965843998271761	2.0601751108358504	0.5150988601547831	-1.019057962089519	-0.001882050280649139	-2.0028723698887894
0.21840157855349368	-0.08896545968811934	0.8795920027585242	0.4131631713392084	0.25150994011813793	0.16636414884234915	0.9128459342621092	2.0140034890684215	0.41788002626443016	-0.9385013062960116	-0.6155099086484899	-1.335024228941217
0.2188150032775199	-0.1088029177947085	0.8641009227892478	0.44001308464043143	0.22878560218912358	0.11387256680110469	0.9962886789979688	2.1160686519250285	0.5391617153942014	-1.0310116190122387	-0.2754964765678403	-1.910421185568569
0.21055325384973175	-0.11617542402331624	0.8685924127070697	0.43326414429768434	0.22133467980431779	0.1024112896097667	0.8102354197149966	1.9959806478110427	0.5510100542393882	-0.9631929247633045	0.510852024041696	-0.517418177884664
0.23192674511910566	-0.11683847178509739	0.8610131602236961	0.43728148180660925	0.26647731684070347	0.13703527904936633	0.9572132728687586	1.9718931070314054	0.5160521255440154	-0.996927771251346	0.4110569410977811	-1.1081177883772
0.22303951407087722	-0.12875606624297156	0.8653654887453804	0.429904432934962	0.22607861084313516	0.1640792042518516	1.277441648358836	2.0937451608308053	0.38298656613771115	-0.8066000355040706	0.14288008129998564	-1.3592186453705324
0.22626059413505142	-0.11754292052062079	0.8629767414074184	0.43618912087186495	0.2426368039886084	0.11866752785670946	0.8572719817117656	2.104492373642818	0.5124425317178793	-0.891413049251107	0.10395341272590301	-1.813463182317119
0.2166985483915293	-0.11734272122915881	0.8680824757022285	0.4309353086928825	0.2811675034515933	0.10944509228733479	1.2516033794600794	1.700859629531965	0.5250362796298124	-1.2238772756567986	0.15417872125411203	-1.5638465738554153
0.20231260695581074	-0.11452603452644501	0.8690180762013408	0.43676192567314287	0.26490596230269975	0.09777660358955727	0.8040508915514667	1.8214847239401528	0.5246516363393838	-0.9387126972370762	0.1644138910659832	-1.6347286730176729
0.20132840607142394	-0.11750054108563276	0.8677112720553403	0.43901895642606004	0.2410513073658124	0.11561849600297987	0.7284014538407689	2.0238416935024635	0.5153152330026437	-0.8108767076025811	-0.558695262134977	-1.6024093348855255
0.21132046249391181	-0.10164660426856628	0.8676710759607763	0.4383589099278094	0.24070146943654205	0.1057957706049999	0.616932745595959	2.0665915371743715	0.47809775152147166	-0.7645335451155779	1.0495000710567466	-0.4780391840417846
0.2165653040827371	-0.11329916308716151	0.8674970725071945	0.4332569652097328	0.2272034609424619	0.13230811828302672	1.1693832410018086	1.9735776660764321	0.5186432890657163	-1.1068827803626915	0.17555625757671722	-1.744828871327089
0.225147547127167	-0.10927515646748248	0.8638114629133065	0.437261110483428	0.257146788987407	0.14148585298617072	1.097737138077029	1.9754317644756525	0.41429720041173357	-0.8899988366512255	-0.06537028069658946	-1.5804884526348946
0.22490992139995775	-0.09781596945874624	0.8656650797158062	0.43643044478511966	0.29190170694494605	0.11887173699443881	1.0216554269042406	2.0899142751003903	0.43644669325797336	-0.9237900728204772	-0.17055334829125354	-2.189671657689632
0.21359544626599125	-0.11518850914310931	0.8686406355914948	0.4319398556454633	0.2355726416351138	0.11054908017445593	0.9778196240771665	1.963851997512551	0.518601818340109	-1.0027397162872198	0.8542644280486682	-0.8270972578074183
0.21153942078788462	-0.12755666847776984	0.8713538811627433	0.42393724012193423	0.24832638945246846	0.13257845488817735	1.0490869617268608	1.9070326276123961	0.5593155337966118	-1.0992907360943922	0.2859394917276588	-1.1990307841056007
0.20379073749736087	-0.10770306732829532	0.8710849051795643	0.4336824559129271	0.25866604681199984	0.1293198629325926	0.6882079103499493	2.187763433019203	0.5886301329016571	-0.9623824600023841	-0.059823667605581145	-1.4254951040935764
0.2073601930695346	-0.10312789503231805	0.8725750663689512	0.4300920147452041	0.2580555516523781	0.08922111100757373	0.7853505258333326	2.1505494493912365	0.49363788337195025	-0.8644775882463318	-0.2372598470859056	-2.2060882484362243
0.24347016028220292	-0.10179119520580965	0.8625935143926714	0.4316170322849084	0.20927080851938082	0.10470600417763916	1.1438279754375231	1.7719346721541473	0.3854370227538113	-0.9976346534904089	0.09849676847268342	-1.2818914093319116
0.21024293341740286	-0.1086229550224167	0.8647229602334247	0.44300470046646984	0.1891939449435621	0.14328770724210085	0.9043022918637292	2.1578316375090774	0.5660664707660318	-1.0050091826368848	-0.5492262850338749	-2.2048174717111295
0.2269594586183384	-0.11570235650216971	0.8626039975327512	0.4370545873046446	0.24531115754441093	0.10829959094926046	1.1758440878752576	1.9856091215137834	0.49918227813521104	-1.0701773310602698	0.06687805292629101	-1.6694678489362726
0.20043403651334976	-0.08977237406790058	0.8785940063617725	0.42407509930005066	0.21258180574774785	0.09930911382470965	0.8921892088810787	2.1082849294870893	0.6138432640085646	-1.247133714321959	-1.2903300702579925	-2.0162633423776204
0.2291603501176394	-0.10502416011155502	0.8623750640527938	0.4390497792127483	0.29251516501380026	0.11750109096960305	1.212464576979717	2.096993998840705	0.4731028008200903	-1.0604852881929292	0.6552104996453517	-1.0522887842771427
0.20990491752714538	-0.10488518656238822	0.8675808456465025	0.4384546721212982	0.22944748170094062	0.13004977176136137	1.0058685966927194	2.222454432235676	0.55889517172697	-1.0558011859138072	0.9619870035268363	-0.20777223251858812
0.21947887004256486	-0.11291511785249549	0.8711449987550863	0.42448273570216805	0.27334301319794313	0.14873115867176723	1.1910302149898422	2.0157388392725832	0.4896071506530245	-1.0844195985046903	-0.034354553165309276	-1.7104725778991774
0.21046422134984893	-0.1122698987015456	0.8704790231801228	0.43054216005000673	0.2359411926334732	0.10967778680572005	0.9054423065592214	2.017790850167201	0.5027825113322163	-0.932981023200797	-0.30449543690423847	-1.4534265692301929
0.20800977279206015	-0.1103461274210674	0.8746758885179787	0.42367175576317745	0.24744365695402573	0.13872880697263945	1.0592942008057689	1.8627647184999792	0.46494989173759077	-0.9948152714574572	0.26697766017562174	-0.9720796856234414
0.22664487734603234	-0.10227892007388106	0.8643025230063536	0.4372096417122731	0.2572191185451808	0.11926864882345616	1.2464858524604265	2.148186713860641	0.3621726147248298	-0.8595924809259782	0.27825852856244027	-1.863331940445945
0.20269407063726233	-0.10842095586833496	0.872510160378692	0.43114502211325845	0.25168419512375	0.13594043476361262	0.8933837349675925	1.8758011840945088	0.5488767430765465	-1.0590588785532264	0.060401951794248475	-1.5069486481479217
0.19895668831602822	-0.09677927843336366	0.8729742681876017	0.4347021215988685	0.25585574733020233	0.12035909026365978	0.8639407354401261	1.7617393331366562	0.5091832786859778	-1.0257387854930966	-0.9300155735796479	-2.815860430873131
0.20816459831152329	-0.10055004380327123	0.8691592890341886	0.43717195585552626	0.26030031370046125	0.13089249677038386	0.9877490655652279	2.1679349806427477	0.6304078443352821	-1.225040300070646	0.1952011610574126	-0.6861130856617099
0.21305765837828325	-0.09635374595854894	0.8683578677867317	0.4373522645408382	0.24928891596891303	0.12433510577304636	1.1849546450015491	2.1396791301407556	0.4451782062351376	-0.9897549313389995	0.5600947680323537	-1.2494440215890454
0.21472203762898448	-0.09458065669191713	0.8691674995495663	0.4353123058942135	0.25116584257994157	0.12928765949392404	0.9669500587987349	2.105465358916977	0.6687961045969983	-1.3548549411021427	0.5819499226808127	-0.14153033615803154
0.2274138827508158	-0.12046329791714384	0.862545831948805	0.4356445885981687	0.2344482523769488	0.12056661926169598	0.9329520871182211	1.9052622990259847	0.578879898674968	-1.1063204571554004	-0.15998438497456116	-1.5631392060888374
0.23617238827655154	-0.09669266278833803	0.8564985926498614	0.44864606625652864	0.2710305353230396	0.12023845994765482	1.0096024004249453	1.9613033120888768	0.27662784913169197	-0.6368671326816345	0.09797627191512402	-2.037333539409056
0.22145378180231376	-0.10464107460735068	0.8725596527587717	0.42266786062813405	0.24294874357043042	0.12556342950811483	1.1114596977802798	2.043731820799344	0.5205034360769876	-1.150901221059917	0.5680686226958245	-1.085393972680257
0.22534606476948074	-0.11207928313512222	0.8583695998807048	0.44705594212074284	0.2653752916194223	0.11226016538231247	0.837775458479289	1.8731734326904463	0.5212548014838027	-0.9535154382881933	0.41987094602707536	-1.1973298548822093
0.22263225983378393	-0.10369867870325036	0.8640713548411623	0.43938838703299915	0.25452257306878917	0.13310628863180116	0.8297257728768537	2.0913190908071844	0.5310522758605353	-0.9711766844137515	-0.18599677261061773	-2.0356770825012918
0.21842183385397437	-0.11486156731940239	0.8681992850278926	0.43049822801708887	0.24158444500695708	0.10850824084505585	0.9548835219821362	1.9330702969566849	0.42524611544002483	-0.8263223311410461	-0.41073170772930084	-1.7368441112026192
0.21795617090019606	-0.1012044440658905	0.8735755533108494	0.42322396048130584	0.2358656379739218	0.12899928823270193	0.9730343892269537	1.9983513428778332	0.5484952819403686	-1.1553903559221763	-0.8958595861839171	-2.2234014732936935
0.21469718632791665	-0.11194868978225864	0.8669436711719952	0.4356389331243652	0.24007619482889983	0.12565842251224588	1.0579054750287882	1.945939106453195	0.48249799457687415	-0.9815068070502748	0.13946877743336558	-1.0985299794900152
0.21265117437813677	-0.10262207054579212	0.8660046664119155	0.4407767081247382	0.2442394725973103	0.11749185728885352	0.9243507235221775	1.817940590993295	0.46096979091620005	-0.9283735319558878	0.4839767586083894	-1.5470449467254401
0.20977564729719161	-0.10654055664730196	0.8759226314830366	0.4211921547775548	0.2213636524733226	0.10436983183379483	0.9456011281407649	2.152091143542313	0.5390870065409685	-1.0476871535099876	0.1200241985162492	-1.6625405184928184
0.20938609039962208	-0.10498137926868531	0.8653769573410757	0.4430113958546754	0.262972097541838	0.10942853429787791	1.0740947690459632	1.9965588141387611	0.4516665139078904	-0.9168179501675351	0.7786167243325801	-0.6928172440627742
0.2134378866641062	-0.10436207864576177	0.8655361597804676	0.44090813236951865	0.21845063231627393	0.12031138902108211	0.844680557892852	2.0402179770060953	0.54337714092324	-0.9926739289818325	0.5623971960262423	-1.1344806101900733
0.2330535604357898	-0.09244407301628021	0.8706351999078275	0.4232428144857509	0.22729157434748185	0.1351502401796932	0.8371364810293628	1.7707132258193397	0.31927341116755237	-0.7309666090115656	-0.2825631370520341	-0.8682118938362305
0.21488862363241182	-0.10509835878142969	0.872540738253872	0.4259693351665184	0.2619475894240257	0.10377860764008474	0.7896013027026602	1.7752235851844476	0.6277077468605154	-1.246108085524539	-0.6268252628132047	-2.388587317302543
0.22168923756940914	-0.11571021955705266	0.864814015506523	0.43538689187828805	0.2562629603467281	0.13941170248614684	1.0038545036295317	1.961220048438524	0.44027888390720865	-0.86444928336398	0.11110800553283247	-1.8367658267159086
0.22373448485657518	-0.0921293510807986	0.8627349201201424	0.4440084690191006	0.24500340772093307	0.1317611788582542	1.0021568422674005	2.1867184333679077	0.4902126734140809	-1.003763930926709	-0.9656658784830077	-2.381209300096336
0.2181797645580294	-0.11692687458137652	0.8661153905622807	0.4342462740993662	0.30091316880644237	0.12173986372505667	0.8962706714340593	1.7777754334888722	0.5700530517885253	-1.108610825775846	-0.3383424866142472	-1.9176884426557086
0.21164143540854538	-0.1086447706784656	0.8734543191383941	0.42483145952356055	0.24240732744231178	0.09620862919371338	1.0044032732058552	2.082583994309836	0.6087236512002883	-1.2193159915073328	0.06418363430474629	-1.3640609160999688
0.21646406340344396	-0.11106350816327269	0.8651342750596639	0.4385782627152495	0.2679373346872536	0.11426923206399192	1.2611649242377567	2.185188864873284	0.518058144332542	-1.0910071031878916	0.04269472236998976	-1.6258293688602083
0.21065473209638289	-0.09831662070048798	0.8654054149532505	0.44388274770374864	0.24377241847651057	0.13138199346758136	0.7306062740096623	2.044712938270034	0.5885111011154911	-1.0412143715485722	0.6960288762549688	-0.8656827088785657
0.2290498663457673	-0.13326599099495445	0.8571112837442986	0.44174266451104677	0.21936597820346038	0.12489188509371885	1.1776806292669035	1.780609077114119	0.3808619163185053	-0.8124503978298689	-0.506234639921655	-1.4193618225715197
0.21696285387876332	-0.10854238305763605	0.867375648004945	0.4345171531308673	0.20662980187850025	0.1454128568591855	1.1594113040998641	2.1441269610506293	0.4182719767121663	-0.8782609835297596	-0.2701784216856265	-1.6436216882348373
0.21738483335090167	-0.11353408352217613	0.8722050584630034	0.42321647191399453	0.233444414776849	0.11607131999855302	0.8114315982969778	2.2216059351032715	0.6482791245119147	-1.1568483108966066	-1.123215012434699	-1.745483358958853
0.2186202533526461	-0.10037654159521318	0.8701111492672663	0.4301584854936679	0.20607931951355507	0.12879644944535795	0.8749183970554846	1.8870903263630776	0.4752481998742189	-0.9656302325225747	-0.44926969357409635	-1.6150968836342798
0.2057587398178535	-0.09978966512853821	0.8746709096498422	0.4273829237749452	0.23785592711496154	0.13063428980071196	0.9002429287645338	2.1729716677185023	0.5895420138470363	-1.132586161257987	-0.7258726454676525	-2.257688653593025
0.21698943612050817	-0.11161205739914808	0.8679273883548801	0.4326203668329891	0.2858149289029333	0.13265259194746554	0.9983655737449803	1.9180560219732496	0.59119628935986	-1.1919735986402662	0.09368110374823733	-1.3449222499495093
0.21755018646980404	-0.12204655704528476	0.8774949401899791	0.4096085743991827	0.27169312632016607	0.1089270036511984	1.1742290340307409	2.2521513861447895	0.5777850212067561	-1.1903800012721817	0.9087651686274002	-0.33746675292207934
0.2143072869151	-0.10113564095203802	0.8700422459687038	0.4322851595116849	0.26908468818681186	0.1281151116615443	1.187596206173695	1.9864654937311597	0.4854385259827776	-1.1010326746390902	0.22858898277518458	-1.0333683256121742
0.21228171204942275	-0.10158829289400394	0.8657119977142883	0.44176807318974975	0.24361864652870824	0.13899671695539534	0.8843751370281452	2.0037493773622916	0.4413520221403969	-0.829084201776855	-0.6580954935724008	-1.83305698127327
0.21243314207907324	-0.10587536096213247	0.8719797789628732	0.42815164739541667	0.24547939786952921	0.10550861355278097	0.935822665467874	1.7973709896020273	0.3652328881071668	-0.7636970264576702	-0.8281426688939675	-2.5798908593057153
0.21602505721637516	-0.1130550352710967	0.8714946029399365	0.42549840270096806	0.24854275254519465	0.1212720404142801	0.9701953709801664	1.9093146006158024	0.5809520010754532	-1.175152271644682	-1.42507458129297	-2.791491082688529
0.21407093942349478	-0.11007501856797215	0.8683595174179389	0.43359989816798555	0.2587640861862457	0.1338278130456097	0.9650620289554251	1.9220462956756512	0.5675316054159958	-1.12510156601765	-0.39725089811245345	-2.0138020850796114
0.20602140701455285	-0.11330447388474545	0.8699191893765087	0.4335410937892314	0.26811407774145346	0.14134018463368184	0.9626342519417094	2.074845059238207	0.5239846011912214	-0.9665941723020417	0.29611961795081004	-2.2109777094077683
0.21915447978386843	-0.10436988032186686	0.8712477284406134	0.4266211876587148	0.2507117954865168	0.11283380578259701	1.2546184905284716	2.0649046036810477	0.40041875536578975	-0.9570676729277263	-0.5493509509487714	-1.9786202551980325
0.2289631040887462	-0.1150848466528376	0.8620276443796441	0.4373096332831242	0.22159872521546461	0.13429781126871687	1.0845331644481089	2.050070852680945	0.4631960312560546	-0.9413782420706943	-0.0885291480765301	-1.4055777389588746
0.23959943374395865	-0.10580663945645152	0.8634763085069704	0.4310518890385266	0.27918290715830296	0.09573811372931791	0.8326378455806963	1.6148790914395394	0.4788917311436347	-1.025737972497595	0.11089785185511791	-0.7809823395514259
0.21359206275245846	-0.1081976713021281	0.8724187410520834	0.42609533547675044	0.25312843099641186	0.12221675477024367	0.9108669288491096	1.841316335693958	0.5364940007371183	-1.0874919030968349	-0.5896946100260942	-1.9051661672090585
0.21234036540506318	-0.11473114623419682	0.8649452201768811	0.44002056701544995	0.23616089649430425	0.10387424582564185	1.0821924361669293	1.7421080413017531	0.5291723787357705	-1.1081850283419448	0.2186875169989552	-0.9199058255206914
0.19649732785332055	-0.12722593443030317	0.8655394950445167	0.44276827378768224	0.2162414129023962	0.12318063717022604	0.879238979263248	1.9372633176936798	0.4978222669326127	-0.8067037067173188	0.4809254616329573	-1.5771460405532258
0.21237293675685956	-0.11562202556370729	0.8643396028440143	0.440960694272476	0.22363075655817707	0.1454653322105163	0.9412363377238983	1.8731839380692377	0.509497745227957	-0.9608359391555569	-0.17655747323002122	-1.2028839514325487
0.22915957138951568	-0.10580103605407751	0.8655456152389764	0.4325769521727191	0.24840019482336528	0.12107495728867564	0.8542121444409252	1.9498809655192535	0.6044186345885622	-1.1849992444672046	-0.09047041463727246	-1.2683132034810392
0.22023295370121826	-0.1068240547626102	0.8698489214301536	0.42830937570278604	0.21767534278433512	0.10494448931098799	1.0210828470820117	1.7540341183072938	0.5416149502397691	-1.1875206657311947	-0.1664649695794143	-1.122137343595691
0.22107823978198013	-0.10926044702284811	0.8657631415310721	0.43547761065009694	0.25180103571590196	0.12991572797443143	0.8685242206560548	2.092424517748684	0.5698964996373331	-1.0489355605022666	0.30683258414739045	-0.7915441527104466
0.2078265750979558	-0.09757504475093613	0.8681315609887333	0.44003956428958924	0.21922236866033387	0.10080519730304288	1.0698705610449837	2.292324805751239	0.5890513556995775	-1.1590955752914782	-0.4718623367060606	-2.1243578488494816
0.2127128684217648	-0.12002948945175874	0.8664028120766816	0.43553682335177296	0.22539182747438216	0.13148879064077693	1.2765433469167824	1.8773352998946267	0.3439829026939116	-0.7903564868809032	0.2684890214945283	-1.5250533757940257
0.21407512398623849	-0.1069005505704071	0.8734300791490286	0.4241037731684807	0.2710154759974349	0.13065114792065521	0.9506675470400394	1.9461755103160843	0.5554433994167692	-1.1332321053586183	0.47276800654737894	-0.9046356740275391
0.22854762257526556	-0.11867978005824319	0.8652657946205147	0.43011184438498123	0.2477945102340886	0.1028740482699439	0.8896401089733972	1.757834795585938	0.39345041847120765	-0.7792040100548561	0.818692091904211	-0.5078804416248864
0.21840991371410545	-0.10598211751967392	0.8702522138877716	0.4286326919180048	0.22442131134105725	0.12455971348226702	1.1030800152842635	2.1269054040544817	0.4303060537133068	-0.9098337007858847	0.28960504151732064	-0.8366725361282933
0.2266054548468307	-0.11664901914534159	0.8625198001922357	0.43715279759191356	0.27612441857240483	0.10017200393417709	0.9519993279471209	1.9130292760348235	0.4505883533154172	-0.8720443530227171	0.38511452807807167	-0.9163520647526294
0.22119201041315725	-0.11762773384872825	0.8657633143387123	0.4332339948621833	0.2021409693961201	0.11567457079064473	0.7219772595841432	1.8433047808394383	0.4726115313587797	-0.8125898874883732	-0.41137977300644235	-1.3811355529678926
0.21665239168421127	-0.10301453093216925	0.8680408610015754	0.43468932725106085	0.27234408874990224	0.12570458972822898	1.0713788298008857	2.0243701286634748	0.38919048756317315	-0.8314225123545593	0.20323847386623606	-0.9058188003932622
0.20349930961459356	-0.09757245631254934	0.8717444854313606	0.43488986982399547	0.23429034833773224	0.12688173065007138	1.0649109271742692	2.26577017287096	0.5517778087390518	-1.0960042353224768	-0.727156165394017	-1.6646333090317171
0.23596027049491497	-0.10589043530926892	0.8629780073570483	0.43402641080473237	0.2220391553476465	0.11809957775580986	0.7182087241093639	1.8611414049882278	0.44708758465279663	-0.8253378026464231	-0.26213366303880997	-1.027962489146616
0.2187186416725328	-0.09907272716474029	0.8686735350537986	0.43330478881983286	0.2319130672322078	0.14091951914234516	0.5416689485393015	1.8136572612547883	0.6138251801170557	-1.0893090197524558	0.5470157595779533	-0.5618529058662857
0.21351092388875978	-0.1119558237342847	0.8683702670990446	0.43337288578137867	0.24681552989825242	0.12196282432807419	0.7898737860899514	1.9515288724333708	0.5598981784143328	-1.0068940730341664	0.20511452902536076	-1.1783257216856973
0.21388135329861813	-0.0970086093970944	0.8673707340118222	0.43876201544092963	0.24630177206576362	0.1432064318926277	0.9737133167990635	2.1935643827605764	0.6042468295697606	-1.184173855827908	0.4337142068509367	-0.9704805702033584
0.2089889679520286	-0.10897473523649899	0.8736918857643516	0.42557091900647065	0.2570249139911584	0.13362445497242625	1.0963456057534486	2.0096475219964067	0.5895660856015066	-1.2341595999439332	-0.0021740375674821253	-1.5096315372228952
0.22422211585598922	-0.10177959379849295	0.8692942112743731	0.4285941335251133	0.20207643399039477	0.1203102985328256	0.8483403817233811	2.3483950444436106	0.5685303184039772	-1.0392538337221178	0.18658241102359593	-0.7599174073528386
0.20841083202602972	-0.11320307875917734	0.8797333602653937	0.4120912555367082	0.1954301391883985	0.13528682629098873	0.9449304622458438	1.9592223775237179	0.5672447004019328	-1.1506379199762653	0.32455667633942537	-0.7802835957357903
0.22461356624130957	-0.11643959103879924	0.8662499720349383	0.43081498749294544	0.26700926790217866	0.1120881567713976	1.1375598930739343	1.8593456692094212	0.47468092215637336	-1.0450014128739213	0.023675452077234416	-1.4132390127827887
0.22137700263766877	-0.11000025471405947	0.8688396476709558	0.42896367363800536	0.22877066881489413	0.12624041469183309	1.0454649623147207	1.9107131324555808	0.557655574765528	-1.179065437583333	0.0828028839095949	-0.7911896219603785
0.21887862743952927	-0.10162351074861026	0.8658489513043935	0.4382583736089896	0.22184230731079332	0.08903889091547551	0.8382100750872638	2.098820703676088	0.5097148524853108	-0.9389730754066116	-0.5293075384590566	-1.9445630063002788
0.21778373685333718	-0.10812414946590543	0.8661603689575962	0.436629851833005	0.2661850068704609	0.10859130180513672	0.8037717030644091	1.969431500688896	0.5252760689261904	-0.9552223949914698	0.01858517413129357	-2.1443363210690465
0.2245871561235431	-0.09754425241325629	0.8654571192631586	0.4370694485344326	0.27715095055336986	0.11596845516068781	1.131677291893741	2.216636029879147	0.49777848034598937	-1.0724748925654144	0.5442900231038906	-1.0505173340224554
0.2242660672641334	-0.11744408104208527	0.8679537417233923	0.42727967554099955	0.22420300061151563	0.13396364983553508	1.1602458514653085	2.030143847955783	0.5764160461161731	-1.221864482358419	-0.5904205051461576	-1.7349421365503839
0.21054214077097982	-0.10741565401854959	0.8729606526891981	0.42670081214803113	0.2496204371662513	0.1282870248993673	1.0471646004706736	1.9426944586460055	0.4384427316182343	-0.9246285050716639	0.06156191143913566	-0.5908688341650487
0.21259676967906593	-0.10410850445529926	0.8704137668144393	0.4316756969786533	0.24820864445359528	0.13763736758165965	0.8081733807726248	1.9847830744407646	0.48166332727831196	-0.8905496562998597	0.29227982777867384	-1.26436068176638
0.2059154342777835	-0.12813714647120428	0.8668466002065247	0.4356106946928626	0.2377198991092694	0.0896066599663249	1.106723631271118	2.061596891762818	0.5152692970120991	-0.9420883774889417	-0.3969674697735955	-1.373245696948291
0.2142363925631745	-0.11740205674229831	0.8621128064512518	0.44393809717903454	0.252195602829254	0.12370056409745818	1.0572535596905388	1.462132331559334	0.2863433050907223	-0.6796106889128136	0.6050291340468689	-1.4013825148400116
0.21307287552502321	-0.10824806501803137	0.8718681271567327	0.4274672794303223	0.27418236135685464	0.10562821942302815	0.72318766122627	1.9795773444338356	0.5886664710807679	-1.0598373557342673	-0.21171679575185567	-2.0690367483614445
0.20309120436955005	-0.11922150047853021	0.874254043879006	0.42452333657006236	0.2805394951867534	0.13633950173632156	0.8400315974170433	1.8042269016971846	0.5941585848590135	-1.1187746232270368	0.3494584352917109	-1.1233327160333781
0.2258425038437726	-0.12260031326720251	0.862603933218481	0.43575082448615726	0.2489922735587344	0.13780843881581573	1.2425979049548606	1.896237474176064	0.48021650059031606	-1.0611311097664904	-0.16657408074381735	-0.64748007728746
0.21005884447295076	-0.12125226698632224	0.8671529166834894	0.4349930904010819	0.24403143596195678	0.13357915290444367	1.1172394970386594	1.907624377494573	0.5095339420933372	-1.0235245370055148	0.2094836791006257	-1.540175320797667
0.2114807251406478	-0.12324204699970374	0.8706556093538799	0.42666861924206767	0.2506450676876368	0.13322205862806866	0.8707127318999678	1.9962576499108584	0.5366854904871645	-0.9501151368694013	-0.010056757403605676	-1.4862330841131948
0.20518550871634073	-0.12408266381800913	0.8681903311807678	0.4344513187882759	0.21951664916177646	0.10600545531988263	1.0787186774689501	1.7603185229314078	0.4239980411160282	-0.8540046094833165	0.2659734120801305	-0.7855032387096769
0.2193316769039823	-0.10348537795285036	0.8612304072371597	0.44661681305853096	0.25882370867835597	0.13722820421454263	0.9418206612307901	1.7870327451035481	0.45001533537390936	-0.9162356286457496	-0.49424145339692194	-1.8147540558777935
0.21856013116867157	-0.09791974587912505	0.8689001189002785	0.4331925389541958	0.2564329064714859	0.1111985767707782	0.8677208732042293	2.065150336725422	0.5445512730206402	-1.0632474388359714	-0.038818635181050797	-1.1915658189084737
0.20341365045931403	-0.10653230448122657	0.8681682228362654	0.4399519198344931	0.27114822263466043	0.1481760419121124	0.9307719298725763	2.1734259518807604	0.6368985793569779	-1.160869462023719	-0.10050448501188976	-1.778910563074211
0.20862731993393757	-0.11506176140288463	0.8732394313195625	0.4250744970340322	0.30629837449094005	0.10808972917121311	0.8696108748432857	1.94251313169375	0.5275112315103699	-0.9846726031844975	-0.07053775675335565	-1.0386073202473336
0.2133758329586458	-0.11815561652477771	0.8659335029722682	0.4366568133248704	0.2815750284703556	0.12044529948031533	1.1539117817279376	1.9836051934005008	0.5898858484069106	-1.1969232956750524	0.4398725717886358	-1.9327636433484843
0.22051997139795473	-0.10989565991489997	0.8682288100513412	0.43066532196514956	0.22098548258129536	0.1536714647181581	0.6300346528320617	2.1035897171670714	0.5798180396509408	-0.9547426948615197	0.5306087383698995	-1.1623612165167858
0.206426529324596	-0.11028676580706666	0.8714311173335214	0.4310831996513775	0.22957246267630327	0.1410763666392797	0.9475877227421179	1.7433123726903281	0.49825001626967963	-1.0149630748866205	-0.013367004580586742	-1.7893370583789878
0.21445624306408276	-0.11299199099036952	0.8643508137108868	0.4406120749822899	0.2695838860204545	0.1269557353988039	0.5479149871250198	2.083405997086518	0.6994920355125789	-1.104604561970753	0.04315927093144597	-0.9490410039211524
0.21454735315446694	-0.10606738857914437	0.8695758516750116	0.4319224241899132	0.25382374603189445	0.11481584979333927	0.9201821710896321	2.1813459661787973	0.5237007797791671	-0.9757551518580183	1.0035210364193219	-0.4321145623413824
0.21132423069431852	-0.09649690348832608	0.8699446861794335	0.43500190818752266	0.23395280852238462	0.13080770405297898	0.8246202613261008	2.050601812767786	0.5672319614396883	-1.0801008891278174	0.7753948161387977	-0.851512949166553
0.20827176123923707	-0.11856321338492065	0.8700340145224889	0.43082067206208885	0.26822759382447353	0.13434380499760598	1.0707891022021339	2.1307590052035783	0.5499852644457558	-1.041944860795552	0.053081373232520844	-1.1126968034517188
0.23730906074323996	-0.10277030187235013	0.8649390316594229	0.43011992078289885	0.2466403893339145	0.1105242000814149	1.2184235185262582	2.127083781936195	0.38971000789541677	-0.94768290319287	0.4940916355320692	-0.9169324387304129
0.20435040110833308	-0.10719730709557002	0.8671417780203989	0.44137828189654127	0.24114478491696814	0.16823132286786294	0.9675825042173419	2.0969321011276216	0.6471802272206821	-1.21015789239959	0.4513524749323729	-1.1159579045708445
0.23330850526015612	-0.09526394530868203	0.8673177554549658	0.4292456559710958	0.2582224451690743	0.12941129072830718	1.3500421327034984	2.177682774885633	0.3180656673979963	-0.8931614208663167	0.5240995388581624	-0.9401956161789281
0.21451723410263399	-0.0923753098504997	0.8722531818993555	0.4296784205303191	0.2561359854219447	0.11197224481763941	1.176177939401657	1.9998351920978825	0.41048659933036097	-0.9905623948269082	-0.3809827576291562	-1.4680094127103072
0.21860938353442627	-0.12389786357803186	0.8662736489454582	0.4317745036175926	0.22570998988716373	0.12212133745981085	0.8467080926769086	1.9550195070995946	0.4298277101783816	-0.7300662967908189	-0.12191797825167668	-1.44655328153807
0.21734751673794095	-0.10932796289797259	0.860601557628351	0.44740631701406053	0.2626732528552873	0.11520097036745292	1.0656227349520455	2.0496065453405405	0.5314297311035356	-1.0390564092549355	-0.1315251034380138	-1.4939793935951016
0.20737223041184544	-0.10437588676934362	0.8720011813334853	0.43094822434735236	0.21697598122649278	0.1299755447738761	0.9850336127050224	1.9972916651117993	0.38198310683855835	-0.7631757841094654	-0.6546560230699621	-2.409346826996463
0.22109053579491653	-0.11221361472241997	0.8650474812922891	0.43614210386376534	0.24899079056779083	0.1341560770017912	1.0692586425044979	1.9916388610869922	0.5000089980430599	-1.0213311000815921	0.2065062579997837	-1.2243157142274224
0.22693965369572092	-0.10021651604245363	0.8694665898562501	0.42718016411875004	0.24060619430684563	0.12839231751368232	1.401870808351102	2.186561534002885	0.39836702260964607	-1.042598301120825	-0.5555946095775691	-1.9771455346875477
0.22990824728504647	-0.10741465734562608	0.8577543296560803	0.4470590555775465	0.2280972384408441	0.13162058481469532	0.9474557316262904	1.9372339104619871	0.5357910138999996	-1.0497888949034124	-0.25327461725837275	-2.585826129642395
0.21627942999373484	-0.12043391099124034	0.8678206004454845	0.4308204808123424	0.237650337457931	0.10582980536885439	1.1203898145387785	1.8347501855698498	0.5662291651737298	-1.1901394823736382	-0.04796260684622974	-1.5320484455438688
0.22704068771707928	-0.10930348950186053	0.8653888849087786	0.43313664261987006	0.2555715528319163	0.11673358301619681	1.065359163607247	1.7195930786496352	0.5192786756887378	-1.161989768906069	-0.18626520030675606	-1.5003969997160034
0.21738542248992032	-0.10917923082997326	0.8729217562308225	0.4228842408309286	0.2581151305279456	0.13323079051582792	1.1447345059393748	1.8990139277372915	0.4823189386791262	-1.0937801994062801	0.2155315445676482	-1.8286714935704211
0.20633765665381348	-0.10906714545345195	0.8643089005980231	0.44553255052384794	0.2183628438719397	0.11776627339456996	0.975682394446729	2.2052268443857024	0.3516924989543955	-0.5942847020326072	-0.05171596306163071	-1.5501759449466768
0.2155735031927435	-0.11441646270936201	0.870437715593851	0.42752207083850485	0.25784733378519636	0.12386577719376252	1.280078601958227	1.853817959398107	0.4645688047155205	-1.095199467384685	0.2537110001730939	-1.734877647085521
0.22735729736318228	-0.11535247528150251	0.8664510931143409	0.42926095678864573	0.20674699439547772	0.1497636040876145	0.7976794816994196	1.7847882888697013	0.5058395055354147	-0.9638978111442561	0.268007094667371	-1.2582990683007453
0.21151834209732098	-0.11763347903706227	0.8713467430059536	0.4268222217960943	0.2606002084762861	0.13372740569927996	1.0549007925073874	1.8674373524519574	0.5519555507966456	-1.1349043250090085	-0.03163562850721922	-2.2571163457150667
0.20960742593378123	-0.10776870774392226	0.8675202921165481	0.4380173231627246	0.2754692653825401	0.11136163227696466	1.0369806708506066	1.8273393226316461	0.5670422330164654	-1.1697014439516533	0.1155986592549898	-1.0011933233736354
0.2149546743877328	-0.10141384455895337	0.8656690654986896	0.4405982173468951	0.2423261976283342	0.12075122602581286	1.0767129862631144	2.121772433821118	0.4638253680173379	-0.9482259483030165	0.3403236821901758	-1.332120573295726
0.21768769330397175	-0.10519918809923953	0.8591415768937389	0.4510221168188944	0.20953709274365362	0.17124636849245115	0.8680519990736236	1.6574636028195042	0.47389083753513295	-0.9350755045796618	0.2621924123794754	-1.4314370365887523
0.19717295317692946	-0.12133444527546682	0.8782246063861264	0.4184761876894747	0.27963505182640147	0.13251579432217794	1.4373099492353838	1.9549425060938395	0.4929957578972275	-1.1450061014794757	0.7180668416682697	-0.07268520571168856
0.2165071532016354	-0.11207198841915908	0.8705223561507791	0.42749894674255684	0.27155489997163956	0.11427485690815443	0.9069861382829932	2.019583910679631	0.5093408840486386	-0.9670733267530052	-0.17086024227979837	-2.7118378974702737
0.22457404689874677	-0.12051062778589268	0.8667502534589789	0.42870465845260586	0.20159553229379476	0.12303316054073775	1.154573902024465	1.9099551927376437	0.5561334924760181	-1.1923040017973012	-0.3876081249211465	-1.373893365764838
0.21875709990482148	-0.10155893639847756	0.86703866591055	0.4359759918790203	0.24400181780953037	0.1185717030529317	0.9697040057133913	1.9300116121096922	0.4307113555023353	-0.893542570731162	0.2510332100537202	-0.9193397660664301
0.2101298421822944	-0.11503286250745669	0.8697314387024276	0.4314859377782663	0.24278490214625378	0.10539187875124874	1.0060555478315218	1.865817203830775	0.40276121442523405	-0.8043508715088051	0.6387881266052262	-0.5171419193782036
0.2161397800769484	-0.1124178457287228	0.8648438524491985	0.4389657552826081	0.23943574794996722	0.1352366035670363	0.853422747388659	2.098617821954402	0.6054678486448325	-1.0756457683888576	-0.28404290057933435	-1.8539377090946456
0.2221919754463625	-0.11398403214965316	0.872236927285259	0.4205248020534813	0.2357803316068384	0.13561691155399738	1.1701676213998369	2.26187302728846	0.48308334378856105	-1.0071881061043266	-0.05380407846688481	-1.7397146903995224
0.2242337647209221	-0.11509642027945952	0.8705860830624986	0.4225540258663176	0.21868013688147817	0.12628516059238756	1.0044284490428876	1.6833815824552067	0.5862363532313448	-1.2823089019548435	-0.3122680597196931	-1.500257065482934
0.2150184831111115	-0.11529191310336094	0.8663564744897834	0.435776646693231	0.2513136077636628	0.12058459075819128	0.9002121921016546	1.6301587561637703	0.5800536557466001	-1.166082171743275	0.44793897465418286	-0.521055912841495
0.22446135923391314	-0.11155234768425513	0.8714503947090761	0.42160097426167137	0.24556773917465427	0.12560908445755595	1.0400595793646215	2.2001152061957607	0.5450944130898754	-1.098308448393093	-0.589762046287714	-1.8956807253246841
0.2119625186588701	-0.1094477124224625	0.8653887208742899	0.44067612904812337	0.2530556802858426	0.1309195360409895	0.7801282007305392	1.8760353015176792	0.6222297086721645	-1.1312179284213317	-0.21331449212038045	-2.530723078600264
0.22159504428955576	-0.10485974854148461	0.8667512674811525	0.43432972475061166	0.26952758507611047	0.13162679854846346	1.006133811995009	1.9909880235932707	0.5689562253257969	-1.1680602631120474	-0.5064723362918025	-2.0115598957952705
0.22530883674250474	-0.11230145158381644	0.8622103929924759	0.43956518319092014	0.2982833955626693	0.12111721073940464	0.8089017121634747	1.8671896065874376	0.5787309997384831	-1.0727703224875769	0.1932911008611209	-1.9979368175699095
0.24288123894872968	-0.13015371926477007	0.8460112642399809	0.4564358157587404	0.24456998474815997	0.14649782976933787	1.2154119413552475	1.987098940134567	0.654915881786224	-1.2940234601941216	-0.6437112342533811	-1.1435539546316218
0.23019957890608386	-0.09136265638701065	0.8712168072883464	0.423842298016221	0.25333657372683566	0.12292418367445486	0.9734703137142297	1.9900858390758203	0.5402470226290574	-1.2102265776709724	0.6574786367059502	-1.443581584836066
0.22927068295700936	-0.11698994190919201	0.8633676825807284	0.4339868109789666	0.2522981272475016	0.11356838737380381	0.9527955459440488	2.3175352388438895	0.7094052972018737	-1.2898949135459856	0.3908162406505313	-0.9057622070702273
0.21568582081357565	-0.1146064737432676	0.875794048528891	0.41632891736880623	0.21476860368082332	0.08520644432795778	1.0095459660778798	2.0937263636663133	0.5244736828341202	-1.0499416846136547	0.01626016877307702	-1.1815319226649406
0.21490768814245392	-0.1012539555090326	0.8684719441177832	0.43510780773426566	0.2597989990640629	0.10936163914231072	1.1716958798797745	2.1607571849064926	0.5392692430362174	-1.152269483275839	0.28830290965755817	-1.1344725660690675
0.21371941903363448	-0.09968969748522148	0.8664228687793725	0.4401106526765207	0.2480882903236673	0.12410168063750376	1.0564181696537611	1.9654614657844536	0.37277430567486614	-0.8016643080926358	-0.520801101474159	-1.9584688206710543
0.20567709150612282	-0.10066512203545247	0.8701520349166694	0.4363472279796779	0.23083712846987595	0.1160895819792625	1.1524422235712939	2.08434694595741	0.6106122915955823	-1.2800252121620128	-0.7428730161603782	-1.6332890781953608
0.20182355188163179	-0.11047691036359278	0.8705639605394507	0.4349488438796715	0.25082062399475696	0.10143835208674856	0.9915420020770115	1.7928801154898495	0.5698790060568587	-1.1453319268192526	0.24463972344402993	-0.7967309988420673
0.2213867440637493	-0.10592669377176755	0.8661033453401525	0.43546807034503776	0.24305226514150172	0.11962209955410931	0.7160327375723301	1.9538145234552484	0.47324905410730095	-0.8300071974423447	0.16007785157843807	-1.5827737346645119
0.21502355707782111	-0.1203666976252387	0.8724628714036484	0.4220015000287276	0.2615743852934324	0.11047800164461041	0.810070470383856	1.9305113314686069	0.5264415320981068	-0.9505076427970187	-0.0370394844149993	-1.2249376929723683
0.2172887396746364	-0.08767623097990374	0.8705717578129725	0.43266996270852653	0.23220479716664885	0.12219549157458136	0.9082779685093819	1.9842881795663803	0.49239291308809546	-1.0447848686819243	0.030262724620597963	-1.2228488450059956
0.21186291865834042	-0.09910414092012317	0.8743854366815721	0.4251383081648019	0.23321565474032202	0.11407249177516383	0.8309639647856856	2.0007250511461274	0.43198453997041053	-0.8361780090447808	0.7922612702550939	-1.0485183369585025
0.21531370914734776	-0.11121525765246416	0.8673937663658619	0.4346253871878083	0.2546387835568869	0.1172408282642979	0.866572116360104	2.156848134107655	0.41088933943389216	-0.6974127519737028	0.057818082298896845	-2.2928961385343953
0.2092896712844156	-0.11201378149062348	0.8662571625349305	0.4396012677492676	0.21553589931770242	0.11367348819932094	1.0331679149444863	1.7079606472972266	0.5580369116825877	-1.1563199461773208	-0.20142720951160822	-1.5539275312167906
0.22376460336901774	-0.10500198086157153	0.8704301217718814	0.4257409886379746	0.26551861164049423	0.10118271407334582	0.7515839932782883	1.7373162886523852	0.5539698445197216	-1.0991384296427522	-0.013278194926659742	-0.8450496614616831
0.21174007030523684	-0.0969101953802546	0.871478996505892	0.43162358057406675	0.21747128398152502	0.11988921686198205	1.0028223860395162	2.2448639188609514	0.477252140065498	-0.951529796178191	-0.16778867602008643	-1.392577074528802
0.2095529365259759	-0.10761233765054382	0.8689948361735533	0.4351495447342498	0.20244263542951005	0.1339464941885455	0.9833512019305468	1.7961657476625195	0.42251809191440465	-0.8731264498567896	-0.2680906367319352	-1.6609809209356616
0.2154276513317172	-0.11015711062335187	0.8651088451980218	0.4393666168258118	0.21948652387182818	0.13547770591907707	0.8345921857573503	2.0186121570613507	0.4699907717225783	-0.8285174875482733	-0.02145542168379601	-1.9946782571865
0.22435885965860997	-0.1255907585190997	0.8628770900138611	0.4351243396967081	0.27927899220145486	0.1075468875202341	0.9238602546389805	2.496886777494144	0.6663086702387877	-1.0770089663249214	-0.16806947243269899	-1.578747585823385
0.21751735387903479	-0.12242203069021887	0.873098987943248	0.41880449426387706	0.22284485642317042	0.1198441711696337	0.8689405407115379	1.9518338407766265	0.46439843401286485	-0.8489115860611589	-0.990246130331164	-2.2436465714578975
0.22203970862522623	-0.10662769454783998	0.8655062679615022	0.4361511236582907	0.252410488009251	0.1093124586356438	0.9823834386261181	2.0106213757248845	0.5540254964732162	-1.1079938217820657	0.006251372678910701	-1.8763612771167015
0.23830714039155226	-0.09280981350072375	0.8605619286027213	0.44048747132685495	0.276619917035243	0.15299880568262364	1.2020213755707958	1.8196160698117292	0.5894647091556842	-1.4185260109481177	0.32705907819354163	-1.1618830355062812
0.21708653265683972	-0.10618128137999393	0.8693989160284152	0.4309808552965548	0.25652326325785846	0.10338518270502595	0.8403301416304623	2.1122177570492724	0.5151259892085538	-0.9420287244386714	-0.44239262811582813	-2.2267725092773167
0.22289993513101808	-0.11241941045387062	0.8682918578197816	0.4286569079294819	0.23644156878137854	0.10972094815247353	0.8526333247433967	2.1982650621096425	0.4517686375733455	-0.7819570241255833	-0.13312352579195993	-1.403952870398817
0.2319759350010551	-0.10305921497023962	0.8694658299135213	0.4237866614263549	0.2552485451019398	0.1611188246730965	1.168261163853261	1.9507622978815407	0.48322217355773656	-1.1565007999838435	-0.16294231543804352	-1.1745489256600343
0.2127853944820429	-0.10272045453121122	0.8714311478536516	0.4298588590066392	0.25324988441231405	0.14113397675601813	1.097684788402716	2.0720999890658716	0.4854808524041614	-1.0324025320853483	0.6639403083088712	-0.8579380999281838
0.2129982952748761	-0.10262826806146767	0.8627612206864561	0.44692531913544176	0.2254198867798293	0.1081131395463703	1.136809550190063	2.0110470975912267	0.38287201515492925	-0.8190973460549525	-0.16197568317131492	-1.1561520721314142
0.22246708168491552	-0.11262036970293894	0.8663513890295895	0.43273585548354027	0.26479807286107476	0.12847458647509483	0.8919201502886602	1.9806497220895436	0.5082153015134279	-0.9605268343311597	0.023650750197429942	-1.4572175645836856
0.2257926222633781	-0.1096429445735925	0.8695636634293505	0.42527068048477873	0.26222163183658803	0.08939981429596111	0.8297750633968066	2.137620871353496	0.4598373825181874	-0.8296831544042155	-0.03059260664214362	-1.893746045705128
0.21098920572127197	-0.08654347372366339	0.8772669724208617	0.42237002891360953	0.22525765308296727	0.12787553971946783	1.0004173037966118	2.1116145675671536	0.45837931189289843	-1.019134394424078	0.021576337158911312	-1.1030132171443559
0.22644953532781478	-0.10497545499451015	0.8684268962681692	0.42841041961715476	0.22901505649177692	0.10108178869368528	1.0340187412650037	2.273772986527676	0.6354609845181303	-1.2775462385775769	0.3277741754401464	-0.8324533403862278
0.21738694743649217	-0.09451242643806466	0.8691101988048849	0.4341172406923811	0.2496571961242207	0.11313793141002874	1.1657552129364477	2.0900832696436233	0.419442594318784	-0.9684548851179099	0.685615191119012	-1.1269846923926528
0.21279423859455715	-0.11375681453127846	0.8686282139849442	0.43273898026175694	0.23554152275645893	0.12295768532299474	1.0935365065473945	2.1001305276759004	0.42806655619332135	-0.844908395609589	0.469690968330692	-0.3435876302175515
0.21810602672635954	-0.09349415986775904	0.863346138697093	0.4453336366962217	0.2407087780572248	0.11646760167627264	0.7721931193497308	1.7634610829602235	0.5017544148129338	-0.9806903438933958	-0.40760140781233695	-1.7741415988280782
0.21549533017521957	-0.10329653559663146	0.8715049884806337	0.4282179859134568	0.25321101723769723	0.1589999228910173	0.8804686786661263	1.962236097776845	0.4728120762935572	-0.9320084487984933	-0.024778288737751637	-1.5013094512286305
0.2140625432206085	-0.11497392998159395	0.8652121181611843	0.4385957291191397	0.222219256108686	0.14054524819175432	0.9267944634485624	1.9929900997006598	0.7117337335194764	-1.3339179750603898	-0.1793655580173059	-1.159739869368553
0.21651534689824287	-0.12737488108041067	0.8677450613617113	0.428853416343679	0.2461986471781178	0.13607501150073154	1.2699327742413238	2.071890898657521	0.5562531527289639	-1.151300154447139	0.06897844788811759	-0.7109086766434302
0.21804655202971732	-0.1126862647352349	0.8599757334146817	0.44743630253462086	0.256007183432111	0.12525767275461255	0.9442594683934895	1.8707662114455956	0.43628345557839554	-0.8275503067903057	0.19602472607979485	-1.441570199965594
0.23037344399649393	-0.11098087342448205	0.8594238896353251	0.44272101820358833	0.2649655172286058	0.1275490463623553	1.0008516705997526	2.2042237015002413	0.5808250955024252	-1.0957644148299415	-0.44197061823547584	-1.901059631177974
0.21944133190608947	-0.12048898136771767	0.8674259406250829	0.4300001683150153	0.2709975246664838	0.14052575707500378	1.1507180050584522	2.176815934248956	0.35676588417101984	-0.6969781918227029	-0.3598578772468644	-2.052182512049809
0.22357628953204897	-0.12280118273339091	0.8585978776861488	0.4446832543633756	0.25023458366394247	0.13998214095214082	1.0710889954434728	2.001729632837657	0.6344275140419389	-1.2106897409658102	0.4006976652001817	-1.1564890132908086
0.21657241873569472	-0.10227492060361391	0.8656863001475971	0.43957190287285175	0.23633637577092179	0.1061894067750771	1.1555484776231209	1.885892934870629	0.621262427913163	-1.354041846931701	0.2031058719234046	-0.8269864486643806
0.21245312638675176	-0.10822863642365446	0.874180169243399	0.42303577041185747	0.24602531343647635	0.1219444532087226	1.0790493114060729	1.9873466226388916	0.5478950546091882	-1.1656663826562965	-0.14609072553720487	-1.1798497923192968
0.20315536120519687	-0.12220375211657383	0.8621229285936277	0.44781491508810156	0.23848271306891497	0.1524333553997506	1.1403001167125422	1.7990797268759011	0.5132117476227204	-1.0143820329694775	-1.2649115301653635	-1.501589924166061
0.22543118189541278	-0.1073971755894788	0.8612486093359981	0.44260305220530194	0.2677504911740923	0.13875453859880985	0.9539447543058813	2.0595454162509763	0.44509895372409425	-0.8522317814006194	-0.12262939414388181	-2.079874804249009
0.22342914917775933	-0.11049063880512418	0.8669793789312514	0.4315298257851012	0.2560969456736874	0.13424774872071815	0.7871884913421784	1.9730396481086492	0.4888416347822191	-0.8845137412704617	-0.12038250915856662	-1.6631471223337948
0.21313599341250408	-0.11178205102804609	0.8662647850492694	0.4377934941996873	0.23869728735145998	0.11428818260626054	1.0864232310892161	1.8228508308315334	0.45625048409840246	-0.9662720510398219	-0.5814509903356946	-1.784039340152483
