0.255213533311113	-0.08167643813049764	0.8521585431590781	0.44946727265749825	-0.03172792514661749	0.12080112240956853	0.747613886915233	1.177025119370082	0.3338921044136597	-0.8436542427644883	3.515012806672873	-3.409094638328123
0.17673793421079698	-0.1265837533866838	0.8341445446725738	0.5068955854832666	-0.11114814066697072	0.12220153121561417	0.5483210415454488	1.5504757411186108	0.47119255503938645	-0.5793832043688056	-2.930339985952971	0.3859667180246908
0.22433255271021824	-0.10192196250550657	0.8799324134747305	0.4062090189423163	0.08516638573847886	0.13182028615871375	-0.6440294347169101	1.3671299163544088	0.8969113561205089	-1.2441970008312118	3.4573049581983626	-1.2680747772119279
0.20098695624362606	-0.07838834514882194	0.879108057215023	0.42500415822010457	-0.02795982626565592	0.06190616212850956	0.1429424964628983	2.4548964241010154	1.0180159402819802	-1.7205486356239843	1.137519885588172	-1.3938549775269855
0.25645685014508784	-0.0801914208239338	0.852454188763067	0.44846524514191755	-0.12612302678483275	-0.04011936507901124	2.576260557650589	2.954136581676555	-0.3497821444950714	-0.2801331989648078	-2.0202565900046703	-2.9630732643402866
0.3048474361151372	-0.11928837058359795	0.8585101379586814	0.39471340027886487	-0.01723574592537726	0.09785294491782343	0.9727725732007101	2.719434864915651	1.160174595665567	-2.4528478699135534	0.8068797975947137	0.3780854547590639
0.2936792964902564	-0.1591847604766406	0.8718718794619593	0.35812303562945114	0.06374228728785254	0.06667279782896525	0.7728005366326863	2.06951151831831	0.9636318695016406	-2.0598628916838155	1.5879761745555492	-0.7685810292149227
0.21592046085731564	-0.07114610595788973	0.8815079858284619	0.41383602684015	0.012894026493817578	0.09041217419091878	1.3802414431240349	1.5444463601583802	0.9308264760648933	-2.43737115852648	1.906449570416435	-2.306944462458766
0.24221095438934925	-0.14710756141564746	0.8606838802121333	0.42298519748464974	0.09571702624147271	0.06052266852977952	0.8710029898737104	1.8879634475422016	0.7753240722575707	-1.4197700088495135	0.1348269056578766	-2.57937101057319
0.20469234269673517	-0.13454382898393194	0.8498551196977414	0.4666318446561514	0.06974406795137734	0.13946343862110364	1.1211300285702883	1.8341775810769037	0.8962674399366646	-1.5952767437426654	2.9391169785110485	0.004520821944176208
0.21072543063684368	-0.12043650650234858	0.8642888166703625	0.44056178018862596	-0.018442369727050444	0.16526266886811303	1.2989934617876209	1.2744397643552792	0.3783679196860977	-1.0152061875250344	5.2840364081998255	-1.1719037137504884
0.28611848775566795	-0.1232948075001187	0.7891984747079039	0.5292450934365254	0.07589914391153112	0.06464736263373051	0.585682201909505	1.1725755543984993	0.6990756158818237	-1.0859079196833403	0.45081309854028456	-6.041483561370886
0.17874622064076243	-0.09217410833061544	0.8639922520501214	0.46159626380361796	-0.05526221626717628	0.05460065892167743	1.2117834892103057	2.5624729477876316	0.20607432070846557	-0.343275474070105	-0.6768921282040955	-2.3866963237612793
0.1995752501069513	-0.08831455961141607	0.8921090010022485	0.39561570802504736	0.04826996414345496	0.08930121446625672	0.10213329227904579	3.329350515896359	1.112824965279997	-1.8177092219204316	3.1321224759176274	-3.271033268892116
0.2693187593232221	-0.15389335141687246	0.8377415708357052	0.4494143998138115	-0.003644422622138085	0.07087353524130989	1.6625342645225014	2.13217196503113	0.33453156210656804	-0.8897702709498203	1.266472974915488	-1.2337543028544546
0.21459288022617504	-0.11798387500172837	0.9008667201774534	0.3584255201189351	-0.06523495906699663	-0.02593814900694853	1.4493593640199902	2.3543581758968686	0.6554075936064248	-1.7400568706663946	-2.049736815821068	0.06698833926240766
0.24701885192386214	-0.09835066014032327	0.8784258769921692	0.3970853977102636	0.09467058049678456	0.09100371025435218	-0.009680606049701244	1.5649024771253255	0.7223528952811878	-1.2043580409152408	0.7666303442565411	-0.9429196475423947
0.17782457784914202	-0.05724468770894892	0.8380849555484693	0.5125573846167857	-0.047742296708017	-0.008735181954363049	1.0681728890313016	2.1804559457711217	0.6869538023434276	-1.250305896505773	-2.7921644867168283	-0.7938084671055686
0.16899633407660514	-0.1390405862710888	0.8610361986343216	0.45904751287793455	0.0054220223521321345	0.0971839908694238	1.5887428171906373	2.733586795061205	0.5658812307386242	-0.8183388746104077	-0.8182827682927605	0.572624890958571
0.23481256669848918	-0.12439679689050175	0.863857438285726	0.4279472184303501	0.048429813241617214	0.19850584118694167	0.9839450730704697	2.6749413160518873	0.30273473837134	-0.3734296782365127	1.12608916881515	-0.05574850893138538
0.23862979182196456	-0.09113285341232844	0.8781893527793123	0.4043934793601222	0.008476570126013981	0.1395729103161268	0.263037996913747	1.6556042049743054	0.9607882918482045	-1.868583085206556	2.7933206943805544	-1.0077692585323332
0.2657001045957367	-0.09139308102135267	0.8539172459590653	0.438036637980117	-0.007330764815330515	0.06968972797282795	2.254753842211799	2.043306839725156	0.3267270373301425	-1.5782745462664463	3.0284743191315466	1.6261307184692255
0.2188128147152853	-0.16718319000402185	0.8742292233644378	0.3998674756867146	-0.06703105476748705	0.04561952576789394	0.9276960878037238	0.7422172970075672	0.18675101700562527	-0.6056224826144194	0.6223008717674842	-0.4608863005925306
0.19852526388904065	-0.09625259669137066	0.8653732547749178	0.4499469825970835	-0.18324060733366013	0.21087353056583333	0.11925898556700988	1.7529123425576594	0.7549932613672843	-1.1296987254496447	1.7523563297143492	-1.1959393715185105
0.30569256388077765	-0.07702747884428975	0.8642611912344041	0.3920094606217784	0.04381017935997645	0.11599400065725879	0.4373085180800921	3.724647520938613	0.6272391656810423	-0.9920174423362819	4.048735162483869	-3.417240718041711
0.2037748967335455	-0.08634824414931754	0.8806667973574119	0.418862464570176	0.012122223825326428	0.1424026391932526	1.3764557761863645	1.368654757534961	0.1014602697270238	-0.600815089861719	0.6483737858944179	-0.04721672246038059
0.18360765726687497	-0.10396432532138611	0.8827941197214504	0.4197072663639125	0.05826929267974254	0.25588764742579156	0.9717270251732384	1.6207034549218458	0.5876328606416636	-1.259639891078594	-0.7873524727880291	0.5879433265867361
0.25164871871559175	-0.06365385670257456	0.8681277467017154	0.42305475331485304	-0.1446826914563954	0.14304094001586884	0.5136567519205718	1.0398698237777049	0.9313737500159005	-2.0603024238285395	0.17375836326940608	-0.2310236307209803
0.20540376657580056	-0.16164944266752407	0.8639885161479456	0.43035171003055644	-0.12100649802417858	0.03218321921442321	1.16081550171124	2.053624122859649	0.5946296097138473	-0.976461405408804	-0.46369998045098887	0.26897484958370727
0.21680699243651497	-0.14120008472049772	0.8791053110929835	0.40028879089185815	-0.14420652775121706	0.23114533441298568	0.2111181286815947	1.391586707690928	0.7800359276474275	-1.336568658724042	0.38140511638917646	-0.1389344368072383
0.2218683529852844	-0.13222068603391637	0.8301595698957425	0.4940923118596704	0.02915034448080211	0.053969434939889864	1.1965615076238043	0.9179862776241456	-0.4356269343570354	0.44027706502287284	2.6650685860721404	0.4215879301185818
0.24600457654413316	-0.03128581336899796	0.8856504370297503	0.39258916132541666	0.06985601290886358	0.0937309145434639	1.797295751179239	1.569838891390704	0.3490902916312562	-1.7886414912560087	0.6136148596411233	-2.021747384307781
0.19190178302676644	-0.143766528237439	0.8719565429087497	0.4268450284451291	0.036505095801071565	0.14373130002202744	0.6511635845497548	-0.15815722717109557	0.5341981496875974	-1.4372774644884019	1.8278425498623614	-0.34194115826876725
0.20195868935266773	-0.10595105217343857	0.8636686023404851	0.4495148581187577	0.018792105804000987	0.09934191636078125	0.5453441353458968	1.073131899258748	0.6847927353399935	-1.3077910707057792	0.9127683778601335	-3.1254849979901422
0.155344209923622	-0.10930795984593766	0.8893459589040968	0.4159131059950829	-0.20709981506089403	0.12618046965890808	0.8056847928536884	1.2964674344712421	0.6514915455175074	-1.3532769765553356	-1.97757365702624	1.144595649721807
0.2244280898939482	-0.05547720094376177	0.886886753685084	0.39998274810288087	0.08500907341325686	0.07694178756640598	0.9963219661234746	2.862687919203494	0.959506701319957	-2.289505011552989	0.704309010475851	-1.7031876446154055
0.12773639304268847	-0.11780559341307496	0.8895702690343795	0.4224570895406285	0.006068429106266707	0.1463032710254698	0.6172253966822765	2.239273512381723	0.5998538525896776	-0.8253035931645879	0.19879487988281333	-1.1187414971922396
0.21582656543731263	-0.03701368091691415	0.8807276399313596	0.41996155221335646	0.05158288011001063	0.10780767531129593	0.7801069799843867	2.1925984754849965	0.47564618228543254	-1.2051732038619312	-1.2674508547615304	-2.345230824494209
0.2111259193800992	-0.08253274297862165	0.879384199987367	0.4186855876608496	0.09168830536171448	0.08054901409902863	1.4731377134251589	3.641245545660514	-0.04182260762291286	0.06277399973179082	2.3764864667786854	-0.80997299216994
0.20280196845129764	-0.041624306194527325	0.8867536636895335	0.4132876947832986	-0.011483912020135656	0.19777520125935855	2.1942281347078927	2.3289930877331497	-0.02929687409196857	-0.7792923843871193	0.9682090509778053	-2.1539795488076616
0.17367759575786595	-0.11309121576045657	0.8748851254634336	0.4377470581196649	0.02031837631016196	0.10758306832119402	0.9974359869994291	1.419038296303269	0.3820663648071784	-0.7927310785482775	1.7956688842978614	-1.5272272349239024
0.15143319549448125	-0.10337303047672766	0.8932028884224705	0.41057350619120986	0.024246627676182787	0.02636273400760583	2.2869143902698355	2.2995787369149823	0.10944165367877012	-0.5025992402189589	-2.5300568489501014	-1.3825128072765471
0.2055590514039441	-0.09020028496875503	0.8601321340135458	0.45801975614024515	-0.0035983128628273692	0.09251487669173687	0.9489841158317509	2.875548347139986	0.6335148626836071	-1.0493073248930236	-0.7383837526565364	-0.22652504516612101
0.21186998744471433	-0.08338004982954149	0.8403502192399072	0.491904853334504	0.1769076023972678	0.11177709615732727	1.386613266318756	1.4065142207541819	-0.3539432110790691	0.2458397080163642	4.707096070498541	-4.163351234715114
0.2926368583307231	-0.08058826405676027	0.8369121954275051	0.4554636955755703	-0.025795862285023657	0.04696782436201811	1.6151350563425555	1.1951108536635362	0.6574819770903246	-2.0343900809602595	-1.0109428764398993	-1.0778108891744231
0.27911163570101144	-0.1615925831215566	0.8729464813107123	0.3659903996878265	0.11944347026151632	0.0483768449883282	1.0567216343922343	1.574420126090103	0.3250860058072351	-0.8861198925758682	2.5961734830430663	-1.8095795494097249
0.17899454786235683	-0.15634904852439538	0.8603149536211457	0.4509701846429679	0.06773041829766677	0.017965518337702095	0.07893735779704332	1.3436514657671974	0.7744471440418748	-1.0429052812615207	0.09668170350444377	1.2941687504395052
0.21735108902362638	-0.10233307018662952	0.8504225502888864	0.46804693440569456	-0.12322192770482249	0.23980411365479778	2.257289181413646	3.9633597310579174	0.5196891579606744	-1.1259487726970223	-3.010837711731337	2.3844223679415397
0.13307627219694956	-0.03705823577255675	0.8824445515593153	0.449676557497573	0.02700010834697499	0.04263615136776366	-0.312888147943154	2.7495769257966636	0.43348813789276136	-0.5314859828255799	-2.15021488058222	-2.72827144689215
0.2915724394218779	-0.0550491380596092	0.8124725292780168	0.5018401081390882	-0.04871167218688313	0.05488272042008033	1.5178057125552318	1.661241750896274	-0.5511283250084839	0.19264350323089832	-0.24625198739514062	-1.6631921517726511
0.2522504436915168	-0.14476434564747911	0.8774960944750501	0.38133135468739526	0.07727984868764844	0.20396011182018806	1.436314221094225	0.9853594302047534	0.27948607568766337	-1.2191862026858373	4.113139087739768	-2.675962913296496
0.20397505835325053	-0.2307608128523435	0.8764942052061134	0.3700020689964009	-0.07046731795463228	0.04630283059888058	0.7312923628876522	1.3024702890093856	0.6761216431234697	-1.1924879317415673	0.9911595179114183	0.5498624380183946
0.25746398429161255	-0.11409400725269156	0.8630353581248295	0.41936240285468906	-0.0994134136493391	0.12622182535888574	1.576814442105526	2.3151297707805276	0.2928626113417352	-0.9409076299386324	-0.7144863083862605	0.4264400652363747
0.1446184852605202	-0.12588751267847761	0.8885964275098217	0.41669439267808855	0.12351846334194944	0.22547639336742445	0.04177316797659414	2.936946070266599	0.16518237158047117	0.5205330379210134	2.119652203116869	-2.357326487765938
0.22223696110346913	-0.13954513275473485	0.8482476228358349	0.46001506431563066	-0.050041098619939973	0.16375805086800602	1.2374691826917366	1.4919095086676077	0.16911909187076582	-0.45711013430374736	2.6888250516046917	-2.2164960979674375
0.27498237104101797	-0.14197431189695733	0.8633412894955219	0.3985847566456285	0.0976363401022039	0.11333654073411731	1.8691572955709015	0.9238472649479078	0.633739759986607	-2.3331459904876852	2.698861240760438	-0.8594039346873436
0.22201684895258958	-0.13822416123344375	0.8880019303722618	0.3782263498060528	-0.06925353368189933	0.17198588333862927	1.6002445689348785	2.768335127048209	0.36557674084848807	-0.785940237966465	4.1683384046718475	-1.4444309792117072
0.20620818493518314	-0.0586430299541812	0.8387591563156347	0.5005219847321544	-0.15818324705323253	0.2381527966008166	1.048801087433853	2.338115556310882	0.69101153472043	-1.3161248855266634	-0.09642222634697317	-0.55511836995774
0.2061222721873447	-0.08794661816407315	0.8875025095996563	0.40263916440920255	0.08301546117712384	0.10398606190962538	1.5505130348727145	3.1221736967873213	0.595725806394382	-1.4248956653307916	1.3051416695242348	0.35108306738609674
0.2762073902999983	-0.05760365761600237	0.8650809067286925	0.41476055861953154	0.13468047715678869	0.2131958433077358	1.0247817720831827	3.0746810904874624	-0.10617240302951102	-0.03397551455672587	2.8612761398729627	-1.803037419483368
0.2386523719363772	-0.13973309202241757	0.8698065056465457	0.4086029259537201	-0.06119281255011427	0.1328594394867788	2.4601625249219006	2.067533500407084	-0.15397492850641042	-0.40208321598523	-1.9365210426188497	-1.4096222530975127
0.2135478980969274	-0.08231371717518095	0.848963663153013	0.4763217881107331	-0.01948100929126947	0.07346932749349448	1.5566862592718913	2.545469857968474	0.33280391803383086	-0.851185975915379	3.0067491074650903	-0.14304243263156516
0.13340614585744737	-0.10531840342390483	0.8860950805333231	0.4312149607821426	-0.11701570036433868	0.026030005468968248	0.9426042436319338	1.5946131160412995	0.6759960726915617	-1.2912443603844908	-0.9224234796538177	-1.822162021012619
0.20713031984716426	-0.13211438787055688	0.8683782542005015	0.43076911071859436	-0.06671964190430188	0.08002596317728751	1.4972706212144997	2.471024085805985	0.596162215216781	-1.163887101826196	0.4772349967499985	-2.3394697447207826
0.19619508855218099	-0.08945038666663349	0.8534695606732002	0.474442646225533	0.02100513406803955	0.02144743810792012	1.1834666515542491	1.8954763887830315	0.5203577716595363	-1.0680927851000606	0.5248575250635388	0.3669953852325356
0.18571933383449982	-0.17391147560048859	0.8544716545630814	0.4529252910169188	-0.0380285636324287	0.14085157421607514	0.0863297851847332	2.27430068463882	0.20397890643163324	0.45305415313600633	1.6314561105100676	-0.9487018005279878
0.14288775408015128	-0.10179227342881361	0.8851229081428992	0.4310207190899075	0.10655433379671651	0.1819331594292376	-0.09632418490897568	2.615713406478777	0.5082474481938805	-0.39403789922498716	2.1161323282268625	0.449728492039208
0.21075515094662894	-0.18022641284773844	0.8462778186521382	0.4548786213033962	-0.04283062706324098	0.09138033015658835	1.8373540162635837	0.9716533482515929	-0.06917690630641084	-0.33760950062461603	1.6125785732481617	-2.4258401244934418
0.16354737900534774	-0.12376628054696577	0.886347298422091	0.41511760887718496	0.007880241800231568	0.11768289230294293	0.4464102284278212	2.3394773180155295	0.6395597784499257	-0.8439364918821014	1.029073187201224	-3.135859752041035
0.1912777426301013	-0.09162136257323328	0.8795369843491153	0.42594957947698564	0.1074723183733632	0.13806180335559118	0.5653897761647927	2.6125266334073456	0.3936873194088962	-0.5048620734236503	7.704497260190011	-1.4114775362233718
0.20541398642515513	-0.19477516409739867	0.8365868985932563	0.4690310125502089	0.02486045396790654	0.153051526174627	0.8925329634051556	0.5442016099057859	0.5606319599121933	-1.1648678533685544	3.1737138140491172	-0.8359277679453433
0.25750311464617864	-0.13935707702354339	0.8652162363568914	0.4070290104837575	0.06820187641281412	0.15045426936533282	1.813810421162387	2.207269162627071	0.16714738135746102	-0.7470766812731793	4.37872870844419	-2.2535420413919334
0.248325571454521	-0.09729070677930644	0.8511419824671356	0.45213521718406646	0.11750699126681825	0.01846087262043544	1.633791231642288	2.031484673463964	0.20388898096032734	-0.844008647184725	0.9934306431798032	-2.2494917296942734
0.21331303155698228	-0.09563759958622071	0.8797079229293797	0.41408328926513316	0.034868862438592385	0.03748188573296987	0.45155698316023746	2.2528171773781436	0.8601127831115492	-1.5395863786124873	1.6100128588887481	-1.0218855908153903
0.14291919004431972	-0.07796573754758476	0.8948064136688796	0.4157125580768213	-0.04246510313045929	0.16527543709593187	1.2574117104290548	2.689746702026571	0.36177025700728643	-0.7065327190754721	2.453458665072518	-2.1456504898003925
0.29096022296935986	-0.16397302335366984	0.8278338450932919	0.4507173406692188	0.0018019506439017087	0.08016692825955667	1.3683195076028085	1.3222270167674715	0.23353195216756464	-0.8312141726895282	-1.0481179269075172	-1.5017091723166711
0.23920631230911907	-0.1074204629022565	0.870785799027272	0.41590056084811	0.08248288080150198	0.08724382491250203	0.8220091559695464	1.361760583338792	0.008340512847284914	-0.13852259945512796	3.731375575045638	-1.6073285037724558
0.17154569104503803	-0.10918098161228738	0.8909660167609484	0.4059940222653372	-0.08078150085218776	0.11211561626600103	1.6298947671473107	1.6137740908376323	0.21225822843307426	-0.7205102466839302	1.1166852976838186	-0.3489136138717324
0.20237823974519845	-0.08378481156073499	0.863159223341602	0.4549497868882778	-0.06187853785537804	0.1375691745508916	1.0645061709786576	3.224417269058986	0.1035936149818853	-0.07625781360945481	2.898411951016884	-1.5351642972858022
0.2834943091857578	-0.104580218872292	0.8687542619060618	0.3923773526848453	-0.11731076652929318	0.09553042640893894	1.29542542251273	1.8050471898894733	0.4177440568547468	-1.3797698341595865	0.4707070128255452	-2.160158844013094
0.2522785201097789	-0.10613618817347871	0.876243915254969	0.39659457740855	0.16559309268198674	0.12226059120131515	1.068797472367101	2.0490989457482316	0.3595464214636208	-0.9258862281789552	2.6573899271891173	0.048357126401649464
0.2034634441791025	-0.10871660146577226	0.8297453051280252	0.5082381883197187	0.0787894334617551	0.09681539367342477	-0.41897012033080144	1.1924552106611797	0.3439064995259083	-0.13865550328625065	5.342605245477503	-1.4005631303198032
0.24109844770577551	-0.14981776815164702	0.8842796898696372	0.3707770286088159	-0.053442235044004575	0.09824260957064335	1.8061391721065283	1.7635204474945252	0.11349857620191063	-0.732556544793639	0.8718673572194393	-1.8242089950323521
0.23082833116873028	-0.09146391427083048	0.8836376939368745	0.3969093848349261	0.03793003565007874	0.09114788871885426	1.6696483863078542	1.1737063875790015	0.48973030409677953	-1.7908231801978025	-0.4280133242262853	-1.6314559966331599
0.138219281833691	-0.10961888850249855	0.8755265014614432	0.4498138222104131	-0.06729933958889907	0.08357675329560361	0.8965803597922875	2.1105705284375422	0.7628938751708214	-1.2460713207156835	0.8956909703063184	-0.44581649719049427
0.18878604169708857	-0.15717797634599015	0.8794851814602144	0.40762817592018624	-0.1014532845031464	0.05051783448676809	0.23549166804718705	0.6005971837655323	1.1422085888460687	-2.3418705436434792	-0.7331032022014906	0.8506392088252427
0.1705171224323227	-0.1256915628590973	0.8709289363629333	0.4434053786200249	0.005533963266678527	0.10213864129165906	0.2154649016635402	1.8886307652930856	0.29345074566629875	-0.12388268367962377	0.4581244461131773	-1.7780779730755878
0.2151710997935284	-0.11140853109385765	0.815464420290604	0.5256494233358024	-0.018850743301135568	-0.029808042588714587	-0.4818523427385316	2.134150594656477	0.8238382747105901	-0.6284940209667722	-0.17812624311259784	0.19979818630484658
0.30132343615608037	-0.07642496105764693	0.8311334093172351	0.46106471136613697	-0.0047934741098542635	0.06678815204987798	1.935620889847881	1.9866471133335157	-0.22573815118241566	-0.5287760787960996	4.9337843618100345	-2.200973240720056
0.2795114619091002	-0.16211654109021076	0.8841958225505914	0.3373267216667943	-0.13597913594857977	0.06249041489517796	0.6105942505582331	1.5025491463058356	0.9626373937908593	-2.3070807422700126	-2.070837610249714	1.0477958872601931
0.17233829109824927	-0.10368863995489504	0.8997733046420489	0.3872417586200718	-0.08003218273101842	0.09703909828723771	-1.0388688331911782	2.9055498039650756	0.5702457766112508	-0.08465652081207975	2.3356772881404346	-0.49677508632744743
0.22451870116492373	-0.08325082889580461	0.8753674186904802	0.41999111253756644	0.12508570844954509	0.10997550577242406	1.1588997933616572	2.813252294113321	0.6867849529381976	-1.4933131767181727	0.36257414184866693	1.1685436910521363
0.2955421058749028	-0.10859564193345435	0.8635406566379575	0.3939027602611763	0.031176020322307128	-0.0007651386485834888	0.6323209101637474	2.5084843177353147	0.3851483266564768	-0.6272061342098542	0.825900693403011	-1.934153493497232
0.20909006097355806	-0.0882975206467994	0.8544415614914852	0.46734838423353353	0.00047918641416100474	0.09370282242210681	0.6927507724197769	1.9487464415183469	0.1765080995913186	-0.26445727104156846	1.7418187015163913	-2.3251300656854252
0.2669201273326878	-0.14478782624051484	0.8513949991136984	0.4276876038435457	-0.06006642104614101	0.04429479656590255	2.170425376797269	1.3524529273962924	0.2800018202959093	-1.454107255960275	0.7848911836128935	-1.426796040241003
0.2346369734431373	-0.08031328152828608	0.8684302531538738	0.42932989985639414	0.09136501138841037	0.06976389933972339	1.0328091634953678	3.2079923129765318	1.4648259047179608	-2.9273292127456787	1.4375304047341693	-0.9607135307416867
0.2178716569604554	-0.15991194816627996	0.8665228586457115	0.4196406145399117	0.07345819817310414	0.05824743683344063	0.49461784955176163	1.307902707122332	0.671001403261304	-1.1439598027749722	0.7785557946013859	-2.6430577002171227
0.24225970347185297	-0.1127909784736028	0.9010715770810743	0.3415529888982425	0.011004201462129671	0.1894875619597066	1.3807057832846805	2.096286688282018	0.7436730975480828	-2.2489917017741887	1.0753017958223046	-0.25877530618143
0.2818576151111302	-0.17343783280010386	0.8339195022048013	0.44164903124536076	-0.03574422902783194	0.10516422825263977	1.7707823258305284	2.1918887933274696	0.7168373246208747	-1.6228647984907627	1.5760862591955398	-3.4709976144569503
0.24400948662144722	-0.07757155541176979	0.8603412599922072	0.44074362228483555	-0.15125505504806355	0.06502015824681473	0.48027213557641607	4.474791725881171	0.4676668268779111	-0.39121943300981776	-0.13453153427484663	-0.12941381454173317
