0.22565746744829518	-0.1750226203285209	0.8446073387311003	0.4528622672730953	0.12216270439732789	0.0021748948208462886	1.0401141481881029	2.0411804681832493	0.6717214915057765	-0.9821919463945666	0.5723876778722135	-0.35489114137613065
0.19991908088888144	-0.08067914064379465	0.8759353866468	0.43157900294319784	0.0035193161014185643	0.14905055750489304	0.8975686346445835	2.094222638676242	0.49652595968290636	-1.0320374001172077	0.39563914960978575	-0.24235011198277934
0.14771008237391015	-0.04435777974779103	0.8915111473374285	0.4259366069194344	0.14285564445804652	0.2181846510992885	1.0886914397082565	1.8977865315187548	0.3479847585445121	-0.9082605024479027	0.12016354317620519	-0.41456863292033025
0.12044107520796844	-0.09254354448267649	0.8828264691026672	0.4444626702312005	0.2716877102821695	0.24100024171018045	1.0604131432294497	1.9843362332033416	0.5561599214927234	-0.9788729617960896	0.16109166110916517	-0.3437268095567139
0.20924076512947742	-0.1899760902666027	0.8836120963939547	0.3733055724755887	0.22230803611991437	0.1127378864005732	1.0472202520002696	2.132925133371623	0.5463343174315153	-0.7946948091575249	0.6791450429607302	-0.3140505025750407
0.2927335885283718	-0.07953235889360133	0.8448436107555464	0.4407050299255183	-0.0033637407730517654	0.10846244576519315	0.890845882398266	2.0304437147837113	0.38456623237377696	-0.9625323726115451	0.5860447462828188	-0.15300667168837204
0.22606267786602557	-0.0720000805905203	0.8675708003115338	0.4370727176544023	0.2678676132482822	0.15643408246738066	0.9909069445910582	2.013282476549137	0.4779387126594558	-1.129551738984254	-0.14964048785883946	-0.45615718168240504
0.12732623400168946	-0.1555822936032439	0.852129497620951	0.48317439846950344	0.13660457304504936	-0.06313137925704805	1.1800285792426808	1.9582705580893036	0.7216033825232805	-0.9530221372983242	0.5753042193231596	-0.6836015445474692
0.189911883333861	-0.028886787030682357	0.8665312361832226	0.4606762928808101	-0.08851132818609207	0.24259563854936386	0.9696092525532045	1.8145226865909851	0.42952894852059564	-1.093880556403696	0.5021146847940362	-0.4672738233835388
0.21667674659118194	0.012962969548626899	0.8606265866353938	0.4606571689265816	0.019107327775687112	0.10552436877672755	0.9526306672290086	1.868756672177613	0.3396061989463287	-1.1351428102840189	0.6706483474164643	-0.35881644738699264
0.20961412919395345	-0.12723232843518809	0.8669719041904692	0.4338589272880908	0.10041648326884438	0.103390734949472	1.0115364024759848	1.9699924034297214	0.5092173035581533	-0.928556891742905	0.08404022864120415	-0.3353957934950647
0.16413300570329387	-0.14793565850685847	0.9045247489921197	0.3647058757981389	0.058909737976143295	-0.03342954384627733	0.9128520070502032	2.005790228257465	0.5536060048588842	-0.9702382152376132	0.6176009804884048	-0.343408118692713
0.17504850307661293	-0.04707665653307232	0.859422003980849	0.4780540022359875	0.05301158843237405	0.11646789074785435	1.1007210556070819	1.9994612029225867	0.4855876448099952	-1.0791172737510673	0.2745452266585469	-0.35996585523504687
0.2656631535186345	-0.09667414109215483	0.8348136077700038	0.47240177771538794	0.07973635337820947	0.09622567221753685	1.0046444965068257	1.9626447827858946	0.5013387342383975	-1.0492856870774987	0.804966331297066	-0.2674147166964819
0.2044510229844664	-0.02874289285580871	0.8523873730165877	0.4804262603488334	0.031512505101135305	0.15437178945975039	1.0525011539835454	1.8469547260647627	0.41401504453618004	-1.0719632845445666	0.3846697054584425	-0.37561090165323807
0.24045421225277602	-0.1901735084961066	0.848630797725345	0.43109346739219184	0.13209240114543633	0.1769822176735242	1.0333980390669544	2.067008703379244	0.6127513528434844	-0.8707955744620945	0.8813969333044175	-0.34450008417253847
0.2628855850919972	-0.06232608572340826	0.8828437072438149	0.38417914671313685	-0.026997181126154277	0.12011385531245973	0.8374303784647965	1.9186543511408185	0.31895630203667014	-0.9947305231481528	0.7108733256896896	-0.19670491508051804
0.19258132916131224	-0.14907366500865657	0.8626598202777054	0.4432916743384496	0.1547493837673918	0.05109122636362054	1.1307610847978147	2.092835323805437	0.5832516511448825	-0.9224730102557807	0.4729888246670762	-0.5039538062696024
0.126172651821836	-0.09995202589727445	0.8666904230893101	0.4721628585314065	0.13962463237985553	0.03400812722607671	1.3288734710764323	1.9371471527794797	0.6008475485444981	-1.0479319042568223	0.25756985117676795	-0.30873349027709684
0.13138894181059735	-0.0779390149117749	0.8919595698532296	0.42552389083542097	-0.09669121178388607	-0.041531931577849256	1.2586927463811466	2.0066444708376983	0.4615655406191469	-0.9886171488991121	1.1658883694314408	-0.15404364886068445
0.24250437897576352	-0.13471871668451643	0.8618300142439618	0.4246074894543302	0.03718730774156003	0.06041550326903954	0.9355602813014562	2.1604394990126736	0.563908330548148	-0.9934326719497076	0.6281438323569939	-0.3996097351481011
0.2526513483144398	-0.15001654229129482	0.8333999838220056	0.4680884533924551	0.21470579804753834	0.04543207731111291	0.8218920136411567	2.1023551452466083	0.6706819849683544	-0.9639426651294309	0.42774346038909655	-0.23825157852097642
0.24755798841877255	-0.21475843488012636	0.8208910349435661	0.46768767972565917	-0.014320220146623876	-0.0012581151644716687	1.0773491163581288	2.1382886918586776	0.7202931097632055	-0.8526480831290473	0.5308197500635992	-0.5813081124077935
0.16617159569090606	-0.13736732778122562	0.8951964481202337	0.39005196745651866	0.08714966207297914	0.12183310319591885	1.2230118517108908	2.0636734771559246	0.4850849016137075	-0.9075580447587275	0.34990725027072056	-0.2514870311893556
0.18760610640271186	-0.02478214390131309	0.847913479655623	0.4952095770503257	0.06487672967202274	0.06550676318266009	0.9856142269635193	1.856106648150794	0.5387891448608237	-1.2030371618684643	0.5571481608634314	-0.2943537168384565
0.23901972351658646	-0.10411832039733158	0.8530147109908309	0.452100486574525	0.08574110685351242	0.011208236013575542	1.004348668124969	1.9095661600091511	0.49059049328537396	-1.0168518751873503	0.6732823670533765	-0.2154924147680911
0.17634545679099733	-0.014926843513371759	0.884021945267943	0.43264843637367284	0.04706670069164746	0.11209881440421587	0.907672787828827	1.8831272005948523	0.3671490620751088	-1.0551815678169365	0.33356541845480026	-0.33563438918847915
0.2258133763204279	-0.12830558904103415	0.8690131632051247	0.42114381993782757	0.016493822416396672	0.13446536866651987	1.0140547961001665	2.0180988388318415	0.4943803419189414	-0.9490268712440539	0.4802366639507189	-0.48981723820445905
0.2414564076084314	-0.1040345983638799	0.8437505052319245	0.46793235674504197	-0.042066882021011685	0.12406157990591334	1.0142684533634545	1.9655917551997801	0.5135184460261771	-1.0123119501196058	0.7371062129263688	-0.36812557940112883
0.3201573797975547	-0.20803837388910673	0.8463931153221474	0.37126537878721	0.16326504767697872	0.0004894460100125527	0.7914819447874465	2.1350838052395464	0.5837188752290762	-0.8168686800514179	0.5894580391857857	-0.308326061000264
0.2234587515505465	-0.14185914027417354	0.8739264369788136	0.4076699074320536	0.16646047099706926	0.19758981671596085	1.0294873290392812	2.065255424121404	0.5475773237108278	-1.019488773333257	0.02250891832437547	-0.4639978421631789
0.2209245323349274	-0.04851489383221818	0.890635130415326	0.3944714445420829	-0.18146400576374422	0.09408363729824719	0.8856586586330083	2.0278170530220314	0.3319727282903106	-0.9961455398620197	0.3862953752711924	-0.020640110590339544
0.23246824684399084	-0.1099142520794182	0.8433972553621184	0.4717609999213046	0.0887546398603561	0.10113011045976901	0.9868088502299169	1.9497900979162432	0.5943928130367376	-1.0946247575934822	0.3924196538669151	-0.2861143578796778
0.29170146480519726	-0.0849412290027184	0.8787829217770484	0.3680160586700041	0.04977224442803609	0.07664953844884308	0.7591718777931684	1.9443296920359372	0.3148883719019582	-0.9048961609455263	0.4252573566007925	-0.29337099137044514
0.3017087761572391	-0.08206226879507718	0.871160116781457	0.37857317569952537	0.2513713284499291	0.2257352633343488	0.7073723971123245	1.986485972337521	0.32511672986380913	-0.8812923476150551	0.10868694208933859	-0.6370740898125768
0.20950910461565236	-0.15238065173424684	0.8619412832263895	0.435824845930379	0.18720213567733765	0.164250778186398	1.0265029158296306	2.0408271844936405	0.6283640897362764	-1.0226403664984687	0.3862092204000384	-0.46140053012611376
0.15745885426517725	-0.05397711600818198	0.8748548740072684	0.4548869415433501	0.02881820806699077	0.15552173028173064	1.2124250498897076	1.8490763358334517	0.4530503208256066	-1.0715905166276414	0.7249631202194262	-0.6122040456222373
0.14730563410701436	-0.046625925906280244	0.8617364721340075	0.48325699766040375	0.06025823966992777	0.1539757837279527	1.0269813598834534	1.8925856412109026	0.5156424696408045	-1.0499268664136594	0.20217371029126988	-0.3142074006339293
0.1732550773450822	-0.08432198859275429	0.9068494165421076	0.3748287824209232	-0.06070552209717372	0.14198769195677982	1.0190056284556572	1.9372735174232043	0.32389971173010546	-0.8188309503721425	0.5249410977540111	-0.3861155926058775
0.3093952750276105	-0.07766099837066617	0.8450039307085166	0.4291988935328432	0.10643788404749348	0.08729581572975618	0.7274895126491536	1.8510026856516562	0.43238346356759955	-1.040768823755361	0.8418569782552696	-0.480182600654258
0.15415223313104162	-0.038176011710792865	0.8791145642470815	0.44937430286926106	0.34573622774501106	0.06216257855499744	0.9695622319927338	1.907307240852354	0.447823696343058	-1.046644479502691	0.12143351718815022	-0.4037386405579746
0.2822040702172106	-0.1005476965390521	0.8835492316600123	0.35998858135575945	0.17378247657345916	0.07244178442468575	0.83536092999966	2.0816236149378615	0.34167892624740126	-0.9120565617021013	0.3977041173958064	-0.3788317144217357
0.19425828912852558	-0.048264294930910154	0.8881564309285508	0.41365738134347213	0.2643807688771485	0.11253962395647592	0.9808198669713247	1.9183385553052312	0.39834597430723284	-1.0920599768795278	0.3882223126951824	-0.5590092984478671
0.17075952953429266	-0.1287001449894964	0.8770472257525067	0.4301925377697071	0.08011706114185314	0.005915110953176726	1.1085597693887956	2.044255843361183	0.5539590729114322	-0.9578255156607298	0.8286970018487319	-0.25996793351356823
0.2631010520214975	-0.1266682173961347	0.8607109801157964	0.41702470890220894	0.08918570091313217	0.1808331600038193	0.9229721887415484	1.9788979798866821	0.4837631858498784	-0.979682381976126	0.32976439558521187	-0.46029903529589716
0.24135676843045664	-0.09318814343090313	0.8923801084861992	0.36975751815868146	0.0313980661116057	0.12006470099538613	1.0153267472498004	1.9787766022659619	0.29985357864687445	-0.887719161100469	0.6066081548205857	-0.3476308323890455
0.16298407333274928	-0.16990226257093027	0.8393136804633171	0.49002240642675154	-0.11392102252970826	0.021104146984720032	1.2279466293787469	2.190675329715634	0.7905016080639471	-1.0028395764064753	0.9404759722819493	-0.2059194206355501
0.16904502750041384	-0.14880132702816068	0.8855174143397884	0.40637526087720743	0.4023018091647992	0.20619999008899847	1.1982005079950528	2.067999260678952	0.505625182941421	-0.8429861291916402	0.3440075120141217	-0.526882743597009
0.25501218695346073	-0.1446214473249953	0.8565089641469749	0.42478914276934265	0.04451747122974812	-0.021244475561708904	0.8953653060845187	2.049915792985345	0.5313273566266357	-0.9109317561073	1.043619042904824	0.07428833496915442
0.3201349499706749	-0.09164038150583977	0.8203304349092027	0.4649447621453715	0.1805653645335534	0.2710198727403092	0.7603462436525228	1.969801287709023	0.4973843162718443	-1.012850549142869	0.6043527648113701	-0.5748148800880185
0.2703583394599228	-0.08820825634077234	0.8319487854637572	0.4764314118140964	0.3273107181596289	-0.019796258384584833	0.9480668301384643	1.9425673968585915	0.5300125434401298	-1.1038537127201882	0.5290507488948996	-0.46676860079129123
0.2753162118564756	-0.0218846075006051	0.8592637439105656	0.4305669121569177	0.07811166043091329	0.07259808027556734	0.8002066380373006	1.778208762739729	0.3549123018871827	-1.129575262305311	0.5721753656271709	-0.2835453186691288
0.24940473930803053	-0.15267519176613592	0.8837843798475047	0.36525707627290194	0.19989758966132545	0.09379830996271976	0.9645960557342718	1.985756547774504	0.4512891472567449	-0.9205608517071323	0.3912495751391123	-0.3914789632822327
0.3096601894973538	-0.0514385199102419	0.8636449405770468	0.39443892090610894	0.15537248318605376	-0.036619740939118246	0.6905121817065911	1.962822527809766	0.3041739371814387	-0.95213151988119	0.7268262879267781	-0.20662067256761954
0.1761188580553508	-0.05164750316910834	0.9020318317937613	0.3907086608772161	0.15481211015296603	0.13104178323433366	1.0413390872816803	1.9105891792600025	0.368480768233939	-1.0675567611532093	0.2663609226967818	-0.5247461636665386
0.23376452121040514	-0.09719008244556768	0.8707526383893476	0.42154249991606296	0.26034879278343254	0.22824983381813227	0.8955628749824597	1.867801757191549	0.46382824508950227	-1.0240929162962462	0.5928031256877498	-0.4883294452609596
0.21623359845265336	-0.06705368722664344	0.898935936407459	0.37504801847866515	0.06314386118918078	0.038335226003254536	0.8621181045547843	1.9069300624486965	0.316128822881026	-0.9138343641455152	0.5188628407656904	-0.2138845918312808
0.21857907633728232	-0.06086514871109797	0.8477424099909725	0.47942822962630655	-0.0263037926085538	0.09848601171868406	0.973607111783981	1.889084839858439	0.5120035175444972	-1.1094002741659386	0.22440506184637857	-0.33508524596840567
0.25679220083340815	-0.3244631663271844	0.7964100940625194	0.44103557834193086	0.05108736188324858	0.051654085955116315	1.2436992875178818	2.3005447504578806	1.0096371048112778	-0.8548412947428373	0.5871846638118111	-0.4272519080421724
0.2503595057840367	-0.17236586129799122	0.8504974577717812	0.42926006341879963	0.1669699939724576	0.11753841029039175	0.9671490443753047	2.1209525328346737	0.6291169185505453	-0.9589000273290479	0.3449187455694347	-0.2611463528927927
0.2963100171790444	-0.08743515829779076	0.8461895512777707	0.43418741359131985	0.11361257795874351	0.15702242989698015	0.7379508033382056	1.8850561800943786	0.470818340155376	-1.041586134329428	0.4297219438726003	-0.26463282613642897
0.16915116061598043	-0.06999787862591329	0.9028282277443022	0.3890878731574929	0.0639609904627166	0.08689179788534511	1.1369799282897592	1.9169821129833056	0.3613412422350644	-0.9878639069716298	0.7423343809152336	-0.10212780401346037
0.25714386153982893	-0.002470353105157626	0.8450176758243847	0.46884545361160984	-0.09828568091579289	0.07349127865006626	0.7979175817406766	1.8415034894431301	0.39367494211041315	-1.1374595291484553	0.6135884554836982	-0.3008049601758355
0.2172339801611456	-0.08925334875653577	0.9102758745034196	0.34094144643343993	0.053077068923987114	0.06551821338818717	0.9945327882137276	2.104667106209878	0.2924297620901708	-0.8634605420799126	0.6146695025699819	-0.4366730030614114
0.23931976565409066	-0.04615681724940378	0.8392175813099255	0.4861167032812129	-0.18051484775807036	0.03508773757963984	0.9283584858133782	1.9186556119543996	0.4863694016289208	-1.1145168393176659	0.510495860702734	-0.3145178176430244
0.22047810276458352	-0.09806256124518718	0.8745152219394391	0.420709242683801	0.2159737366486858	0.04481875349819484	1.0672317321458065	1.9915530464954097	0.3992055944776944	-0.9249043388981426	0.4533586684594924	-0.23136060251809346
0.3430742026741175	-0.11846705785069726	0.8543323375381092	0.3719971837264203	0.05271778495456284	-0.12045886848610037	0.6944344811587712	1.9704876531152344	0.38103573636736277	-0.8880062724251616	0.6962219254809705	-0.2575279444868634
0.2897094063403027	-0.10254759449720553	0.8427435017121094	0.4419681448507325	0.04289063275586294	0.029719270360412636	0.8550689985938352	2.100362710806637	0.5232794324923838	-1.0709476129103872	0.5420458028568649	-0.2409976128290343
0.1998103290199572	-0.15910309026678165	0.8859036088697432	0.38721678020982225	0.13843825993118328	0.10779914872959562	1.033625288611595	2.1269083868428678	0.5162313417793802	-0.8405176047831878	0.5995976928403377	-0.22558876557693588
0.32694209964880433	-0.08140873582550462	0.8386219528678952	0.42801250142555675	-0.03816154986876604	0.22949895353215513	0.7770857064549601	1.8522558250793513	0.4284710734036155	-1.0808036543669142	0.5028342065981338	-0.4082676507709011
0.259174413716962	-0.12743192621370775	0.8752856234854485	0.3878979308730876	0.09207494045288711	0.12274038761117038	0.9192982299862662	1.9941094592579651	0.42717559128060373	-0.9230418508792392	0.44339555870510466	-0.3322880091106784
0.2496291943100164	-0.07232852986272349	0.8444057583102124	0.4684365105845021	0.05331451225650422	0.11383870045786548	0.8759778090712755	2.015083213953886	0.5176325706080487	-1.0887570462207414	0.3134217196440848	-0.32570976445844935
0.21781787821926382	-0.09499742257017059	0.8554367195908693	0.46017266369124427	0.0683346041233872	0.19934514542016024	1.0085612648096831	1.954269488744713	0.5020948817930362	-1.0073230017681511	0.3236176285817875	-0.48507028008644726
0.23353965776584637	-0.06884632142594944	0.8591469084854465	0.4500955475414371	0.09341316408778734	0.00303860149601448	0.8704849964017165	1.9308088418671219	0.472442010953051	-1.0581326070901138	0.837951066579207	-0.3089716353736514
0.1848579053195569	-0.1784155931103981	0.8974999563160033	0.35845398503671677	0.04595702756579991	0.259791125391624	1.0255847998785976	2.16251480267057	0.5865211084803427	-0.9210771248933157	0.7365982242538259	-0.4219126471850269
0.23696830346128728	-0.11342603632858575	0.8766326827247944	0.40310755018505373	0.0790456812642954	0.09816975921589571	0.900716970485859	1.9241669328482998	0.43013991138425306	-0.9234891488889204	0.6703956744731498	-0.4900869553835521
0.24055081562924838	-0.06491629349951254	0.8791959266426532	0.4061227677850068	0.009353455323125854	0.18507649745882834	0.9109054612653684	1.8566662488739654	0.3451376312040446	-0.9899340591131288	0.3629734999827538	-0.52512792606135
0.2986549302110436	-0.12044472444444093	0.8552018244055345	0.4061134577277444	-0.21631554582062354	0.04015805049676755	0.7578151911547195	2.1686509644332155	0.506427794364353	-0.9805650152497077	1.1394997598435166	-0.46158681959540787
0.23699979978839172	-0.13545287515547483	0.8717074501965667	0.4069517597752561	0.0697113002093684	0.13409038202310716	0.9779358805217649	2.0466139907329595	0.5030449932589994	-0.9658612291942577	0.5628300704490095	-0.370720196627391
0.14943169331431727	-0.1017911091835946	0.8672170471198721	0.46394324255136943	0.05525367576049254	-0.004438386539245699	1.1330962283758101	1.9373918960339156	0.6061831521245877	-1.072983795464693	0.8760465373731944	-0.23640364452460358
0.26563118166625255	-0.24434550424064494	0.7987056613899627	0.48146091881646824	-0.046546564863924535	0.14932211422723643	0.9763169253304206	2.1471499700266112	0.8300068120859556	-0.8258716350905021	0.5600663116907625	-0.3161775929333806
0.2601913571743641	0.023025981448051427	0.8592895137513256	0.43976333792976285	-0.027145728489240555	0.18590186732385908	0.6852307516024441	1.5064016171235517	0.2850352447661531	-1.0412539025171845	0.6831567984957377	-0.5549796000231468
0.161616746086137	-0.1026111861532312	0.8871213199459788	0.41996039760679904	0.28307923975864985	0.11776234922516787	1.0535135323657066	2.0036651132257517	0.5156405977522904	-1.0051013029749223	0.24948721601032112	-0.45917610888395965
0.22291462612632415	-0.07988846253436549	0.8532861885464126	0.4645746263505925	0.23286349663775477	0.022824182717410758	1.0178040194895468	1.9625296330122126	0.46721360794116934	-1.0090237812908156	0.42111814880421833	-0.27099439414657195
0.20059179108063213	-0.01833730819733208	0.8890107143111649	0.41120144250609403	-0.10878484828207967	0.0901306326642381	0.9763728256688693	1.9358501917879347	0.2669135629185393	-0.9670275159512657	0.6019199560253131	-0.47543829930603215
0.24220424101443283	-0.14014753067643157	0.8103307754036295	0.5148395961012263	0.06380011569492668	0.11482582179681323	0.9504528939716737	2.0703706235731825	0.7406466580009626	-1.0492883144469451	0.5140778871266366	-0.42289227687624603
0.4746304335600028	0.04054790667337464	-0.26227058443050455	0.8392234263564934	-0.001313225047112468	0.35664923733681775	1.4826997215252566	1.746488515149508	2.1257558343560623	-0.2586053166965819	1.3612133100078907	-0.3512158147926458
0.11696591214322119	-0.0937700919547006	0.8974106970766611	0.41494600374469504	0.2491620618349789	0.17689026566125002	1.2667534289099809	1.9251812266538224	0.4931220115239772	-0.9885033571215311	0.23178237451140027	-0.5348592780029335
0.22287665636241083	-0.03531373646923206	0.8453471580603419	0.48421804842921423	0.2709025959953297	-0.006295068940416065	0.9036243362773744	1.80931636378249	0.5161123179211443	-1.1849974045227594	0.2536425332626253	-0.42293757055089826
0.2177029017376592	-0.1863123314555899	0.8651789728699402	0.4115319023190073	0.08174997774909158	0.08617558675744624	0.9359922682670914	2.021409543470636	0.6521821158780496	-0.9511023540801278	0.6129473338362057	-0.45085544505541564
0.22504272347248913	-0.039405007400445065	0.8752684015580315	0.4262724988055225	0.1798207622185658	-0.025937719801338455	0.9691829754803937	1.7631775022463845	0.3331421901988666	-1.0327158973694555	0.43794163761140686	-0.29969060746151693
0.17563649720287403	-0.11475452918825375	0.8549947333513832	0.4743070996964775	-0.0438026875148245	0.1049218127366894	1.1776766888769257	2.0741781093185145	0.5865029704608311	-0.9915066150692048	0.6798400950166035	-0.4947906317757553
0.116780366815022	-0.10171139464595283	0.875214167493123	0.4582764440215577	0.04026368361515079	0.12862636052672996	1.1517037584683107	1.931172393201326	0.5876610969918498	-0.9871846428843186	0.5295994809204282	-0.26353056978453643
0.17943384016711633	-0.032896140558233145	0.8465595329939641	0.5000582946380313	0.13018177484562135	0.2657103761913392	0.967257936394389	1.8970016287216906	0.5900394261135622	-1.2211741737080681	0.4273093835125923	-0.35537928294018406
0.19871102475089464	-0.11336935634528142	0.8675648029766265	0.4415796987186265	0.20188434227433313	0.12486830702168798	1.0505054036977763	1.9513001967281325	0.5272349864294016	-1.0076094447973503	0.4286233709179696	-0.4285893172580775
0.16381877945266715	-0.08968056199298409	0.9169274220444089	0.3526540897285262	0.044315136860872205	0.0970620338967652	1.047830692770891	1.9344918163746856	0.3429112914312258	-0.8864006045755688	0.21404625243406009	-0.26190984161969944
0.202294560547872	-0.11717905973262617	0.9022079444427433	0.3624455872504461	0.05786946489563801	0.14089217351348457	1.0216027944013324	1.955185083956401	0.363972185370253	-0.844089558724463	0.4830855458522106	-0.46671585220746764
0.2347024391558721	0.03235998645302532	0.8822987782676129	0.40671422669796276	0.1830532791114952	0.2277302556740839	0.7647902168751457	1.6678241146040724	0.22841455924318765	-1.069544051085294	0.10152044134262626	-0.3099172213080708
0.07365055264355731	-0.16221207181249966	0.9205085957957473	0.3477452586588875	0.16119692641981462	0.09947735218643365	1.2673830828751154	1.9508573079915936	0.511632561123745	-0.7127430869488911	0.2686093971482038	-0.42791574216602785
0.18439732290137836	-0.09870717541067223	0.864335317939605	0.4573608848507853	0.016337026906467194	0.11740598652088763	1.1194267109076426	2.041170255806203	0.5595583871475996	-1.0682750336490856	0.5679697776059839	-0.29704388322230807
