0.18419935251374728	-0.17130424926841545	0.8470458936604983	0.4682293313633698	0.11824788148497638	0.23367855590786177	1.4639147554812564	1.638367740689443	0.6474843134677616	-1.1478172920481675	1.6150953386758682	-2.655227180114886
0.2567079481589238	-0.07114852101085531	0.8969404197256773	0.3528977199874337	0.07122645220944473	0.2892561955949024	1.7833703250952875	3.3195754838836677	0.6372812364646837	-2.247749718095896	1.1667912930796362	0.5772100470284433
0.21284649453620938	-0.15973281001761738	0.867647847666985	0.4199631074348933	0.2264992768972358	0.11987906401285237	0.576604552455758	2.3916517701558364	0.2847282018644498	0.029176821420897104	5.472255657255747	-5.289099109659879
0.308015879806815	-0.04377381787139369	0.8245466531157115	0.4725810909161244	0.05216434557139744	0.1853466512399686	0.7029479702838441	2.974652800888551	-0.1401750720677592	0.06194420279979734	0.4414518654560624	-4.612414733793237
0.22857305091625116	-0.0747076116076833	0.8707990537354106	0.42881480988443715	0.12150267601062935	0.07947798181412807	1.6139465562135022	1.6213866324737367	0.23353971050736952	-1.0520647003908241	0.7808270404044647	-3.18768886479624
0.1972825613720806	-0.1216467484713827	0.8792577118878422	0.41615806570408753	0.05138113517076583	0.21369075198852286	0.20244294719502645	1.5957279514565377	0.5891494541452538	-0.8742772936790714	2.97606397728172	-3.611845726061986
0.2926316128313136	-0.17703364702048383	0.836178155268316	0.42875624735558865	0.03677643746439031	0.2142434000205239	1.1121230358193657	1.4563286794121708	0.4040790963464973	-0.9457711604864681	-0.041261256202767625	-2.2643497921196585
0.16448814720694643	-0.03778793219022399	0.873380731857075	0.45686083092120416	-0.05040919939443037	0.16294108392905107	1.414550339622658	1.1511182607118764	-0.09179442441251395	-0.23859980275214052	-3.214682852920521	-3.8237490382025343
0.20686707029895354	-0.0922105479277867	0.8681510245025219	0.44160732413764037	0.06137159989620445	0.228325052450253	0.0016732347019920012	1.817896256785644	0.7752719129138615	-1.1452935788565084	1.964049634921759	-1.840408751296405
0.23028517451879144	-0.1309133641399262	0.8508680037415851	0.4537114387969811	0.11862809047497613	0.20890771642678826	1.4300749887905218	1.572906795594748	0.25078549987645066	-0.7423130146750361	4.125887533650459	-1.8260051349258415
0.2301779786376638	-0.10665995381468596	0.8939766597208201	0.3693879861025981	0.019008870918319404	0.15788587968981804	1.2070267284719678	2.750832598190874	0.1772127604122058	-0.386724451346588	0.7645166646191915	-1.5573000473500347
0.25875630803726446	-0.09712882909095993	0.8647074853673913	0.4193949550959647	0.09887525625721173	0.17296894259111203	0.8943188329003077	2.4810405286513393	0.6648015432503923	-1.347867783811128	0.2286357326941315	-3.922530511635152
0.19367815549735728	-0.04204414507251912	0.841463356683976	0.5026534405595949	0.24857432336622654	0.19958287804725772	0.6068049349216328	2.6103419694783474	-0.523681080217242	0.8611960857581853	2.5873546742121416	-1.6362591504833894
0.21643067389097836	-0.10050744070833287	0.8340226900954855	0.4974556966879037	0.10063845788786185	0.1736803918388329	1.4462576662559747	1.6946825333932058	0.4841005947927981	-1.0984640462807882	5.706814247207112	-4.548831349465197
0.212913532873159	-0.04598282784988992	0.877454198386939	0.42734943172482615	0.22720711734621746	0.07119883660834388	0.6546085904830493	1.5974307891900652	0.33032086618937645	-0.832485191530993	3.2208319061419703	-2.905220816796166
0.16620519886047253	-0.07535762434246228	0.901791593276429	0.3917511743711445	0.12763440346268276	0.22146697700751752	2.9746485748574014	2.977708623798972	0.4164086993820594	-1.6477879755096474	3.785798397880551	-3.6296068401309305
0.17846322942309534	-0.11659868373532521	0.898854606488727	0.38290471280602545	-0.03187017780595385	0.25162098061513893	2.0062867790574157	1.545432003320479	0.1338739884698894	-0.7787481365528881	1.7816814841062811	-3.786171181593304
0.2363561744588803	-0.0774522072922362	0.8616311491086411	0.44241233851063244	-0.0007117666766747003	0.20607000480681836	0.148292134368223	1.227990184553297	0.6555581552880854	-1.140991093518168	0.7058450421758621	0.18012191417381276
0.12843173368608746	-0.1257402388804413	0.7983982247141435	0.5746781332902615	0.21520393649651803	0.1624807601361465	0.3028847758262177	0.9880580686646339	-0.6778468016380688	1.0902282294682313	2.4943145358698526	-2.184709225004514
0.21527320850618306	-0.18091100836291252	0.8654994370370981	0.41453513390427343	0.13314449801072495	0.22423343027957687	0.8091374162728193	2.0794022421282117	1.3714008209795574	-2.376024151538883	0.3881174819914113	-6.187288011290154
0.20145023138584292	-0.09954239863923317	0.8642999644484461	0.44999409618588665	0.07026565482737931	0.10149304552487519	1.1895679182818617	0.5493686543254405	0.4290204693232226	-1.2350287256934047	-1.0221949156784775	-1.0536327317416738
0.2416759353282611	-0.1487901486687437	0.8456646360937287	0.452001722566192	0.13332259061994378	0.18772991158339902	0.7678279638461649	2.052364490730091	0.6148491176026747	-0.8852844114260052	-0.03459443282099869	-1.3945452508525402
0.22981701642115482	-0.10119332946239794	0.8806463334529935	0.4017537609175456	0.14618433997511573	0.2248044804208346	0.34284628918986754	1.0388701873786161	0.8697660460139263	-1.8409820379216817	2.598209324485916	-2.4801953401545838
0.2597542257164032	-0.11392294437227944	0.8538813846216123	0.4363896034104165	0.12913018291724582	0.25110594683044457	1.4255010302681024	2.0998800186003423	-0.07977596242615763	-0.1442201924150756	1.2875145906275667	1.9454470932378092
0.26106050242433493	-0.17311668840247632	0.8495122384961244	0.42450793033324785	0.19256142265360732	0.1841580645888636	1.493259627106255	-0.7258262014773542	-0.1270988972423408	-0.9599624389377276	0.07245118698984294	-2.668305094505096
0.2516240431731665	-0.08383238969920187	0.8816337102663511	0.3903581333295073	0.0204733223240374	0.15140298481708755	1.6982765383829268	1.6957189592733164	0.41396620146564805	-1.6654900692799228	0.6752451148970234	-4.333256583817483
0.24399070054645372	-0.03996913439814462	0.8779919512703076	0.40987942110683206	0.18968663948550088	0.2023128923809673	1.4033638424693435	2.45790700060813	-0.41609539658830463	0.2956018065941559	3.7644468833907303	-3.7413768170691344
0.1380067349084567	-0.04705369782238669	0.8764761387978663	0.45883512154054845	-0.019783637517354586	0.19607592064593382	0.10127953636131451	1.066116696046065	0.5915140197614523	-1.0510539117695208	1.474909784646681	-2.655717301926649
0.18986535011757205	-0.19190785474373756	0.8920619306208666	0.36241969600086643	0.16394026314334112	0.14946054507674936	1.2735874157347382	0.6100473529754884	0.4802995203839331	-1.526390991787689	4.443838436481096	-2.9493687796235513
0.23688232046776098	-0.1606202958208127	0.8553194486357103	0.4318755927414146	-0.0020927447016767585	0.15281842230058165	1.2028019557213536	1.6666456372142961	0.46619135127107963	-0.9631661051834086	-2.4027287840868867	-0.6902976733749941
0.23819067201866176	-0.06988715638303099	0.8345010816244876	0.49192370740141445	0.0864354964576931	0.1459386286760197	0.700711366783237	2.279017684398691	0.4001729100079155	-0.6943629004561204	-0.39620713952662096	0.18258235011778093
0.2781894200944565	-0.128920204009123	0.8049276449597103	0.5080174346667354	0.034834731592082106	0.19255932440609028	1.3979428016165028	2.4861372147767984	0.4755690479644039	-0.8881156893225791	1.659090320696678	-3.175274807635414
0.21228838900977529	-0.2375280882842929	0.8626233724952018	0.39293124639387983	0.15913622203812655	0.23394224220270474	1.1263439148891956	2.712337002158087	0.7711239224213479	-0.6618028808215233	3.0180125142789507	-6.816270259740732
0.23859009635030842	-0.12671093640545628	0.8624697252128966	0.42797789383330725	0.04990663905119396	0.10529657414362903	0.7127096244030399	0.8651624768955886	0.33607557295052953	-0.8184416122101112	0.5741317837316432	-3.9352196159517905
0.23506673135495604	-0.007537384042555311	0.8819589991872687	0.4084545793652992	0.14506011766590662	0.19777184920617605	1.0649435834086431	1.9394429620510238	0.4602248560095883	-1.570833004737083	3.77683882416412	-3.912831685525519
0.26465041349550344	-0.11629955379878179	0.8287380998782442	0.4791948812675912	0.037271004740349306	0.2754185649183429	2.027064931413543	3.154421407672041	0.5347194628056455	-1.2787034786929214	0.11769652943817788	-0.9827895521383149
0.21271685669854917	-0.09281593445609072	0.8576701982568946	0.4588448236706073	0.12446436246413317	0.22154884571806188	1.0085177841022839	2.4938510498053885	0.11600953357017733	-0.17992474312606277	2.025483296117752	-3.4259357235705323
0.187247169030763	-0.0709129687146475	0.8677021638984048	0.454975607394579	-0.05596397466228666	0.11506591969159193	0.030783355509294785	1.9608374761200076	0.06733458169708899	0.16453266277535686	3.0319341687210617	-1.4697945869119728
0.23159206192311374	-0.1386889009266419	0.8748447046832247	0.4022154252408551	0.14652059592208336	0.24293471198922933	0.887313453188147	1.9961891474369986	0.3236828980650894	-0.5266275964880163	2.823489572723503	-2.942282004032682
0.20745054298115098	-0.0684016637973984	0.8661069002108008	0.4496046285502531	0.12794213196562865	0.1850494116779268	0.9706822675900411	2.401279366301237	0.5216591055911061	-1.0874656963900993	2.530082549631056	-3.4847841827174206
0.23133626543889113	-0.15890872861270758	0.8527261920911693	0.44055600050978105	0.13951657495430794	0.2021653334258303	2.120394671783581	2.0870456661906167	0.43793659169843907	-1.2082786589136498	2.8798863125210215	-0.03455726668424477
0.2712397299930599	-0.06813337526943078	0.8605795837390652	0.42566375473979967	0.05388961367642516	0.20066526327179787	1.202975323075606	1.2542736518188324	0.4413363048198225	-1.4580565316856147	-0.5385418406506298	-1.4484249712238544
0.21474022439378188	-0.09246145563669235	0.8808263494435751	0.4116824715417902	0.05557823579663834	0.10109508450931777	0.6694990129740921	2.4364187983749748	0.6070406080051917	-1.1008263253353947	0.6704327415681944	-1.0451914634852713
0.23989115746581371	-0.1727172369795947	0.8634011312897993	0.4088514095699578	0.12319347577323943	0.22234259677126209	1.4741704496727999	1.059225500785209	0.6215200046407866	-1.7300051123953075	2.761643337048385	-2.2322912426401915
0.19912679501608138	-0.14535015294021095	0.8494293543437941	0.46657435048014145	0.19735366317503442	0.2611226796645139	1.2050676033534706	2.271307222027168	-0.08388158864140272	0.34597934065009517	3.474608393567138	-4.119176037872275
0.23636676728964306	-0.1676035171235156	0.8531874264866727	0.4337176819705644	0.19655357465091217	0.1184377882915499	1.710777681719589	1.137150635135443	0.05953036960197543	-0.6100076572111143	4.446994255110781	-1.9182417651204806
0.2010861733897644	-0.07749285872609095	0.8577014198315992	0.46680561493707246	0.02156956812709911	0.22912544285995814	-0.20044797351585528	2.3491523815636897	0.5751295354290439	-0.5804119763479955	1.3574366552800015	-1.4587828567163843
0.22224734895192702	-0.1342556062458737	0.8751970871550421	0.4081808504948791	0.12379994396135609	0.19928354084804287	1.8187395258346397	2.981381656053353	0.9117588951874102	-1.964598693570621	4.519169845477716	-1.2958980072900754
0.22360335216030228	-0.07759818333974479	0.8638565394975871	0.44467059944671505	0.2561389902886874	0.2677516755928762	0.5812636643983429	1.1133540042503884	0.30812978950292497	-0.6966014613201893	3.975550734614726	-3.2128534903123036
0.21677628925827877	-0.08994993873517117	0.8415202370272554	0.486580660950003	0.03693490280812592	0.20523562462733802	1.7106161858957079	2.5480676895214374	0.9168595396681408	-1.876725540052162	1.0681982657174676	-0.39074290164371933
0.20032987442581446	-0.10708136770168848	0.8852514652216418	0.4058711192319671	0.16017536117269787	0.1919815120876025	0.17935420016084105	2.103617972922667	0.8252863884301277	-1.3335703716564598	2.7852257345549796	-2.015812141338109
0.18380478166007228	-0.07166874636666401	0.9006088305611125	0.3872765515086983	0.19431096720246	0.19741216543586768	1.8659649136879943	2.3353006062349615	0.1402366077486333	-0.7795554180542233	1.6900659636325959	-1.560543556735964
0.2543385225642276	-0.11908547152930347	0.841321208317453	0.4618540796028007	0.12264115064402403	0.2633849745903028	1.0875850015740876	0.9923762501359432	0.3398794134449791	-0.9621760361311045	1.6673221585043623	0.06171809878100428
0.22299747917039192	-0.14408231463734028	0.8843189619095515	0.38404737272843115	0.1083712789269568	0.3380159810043382	1.7757283078240735	3.072525902225031	1.530939659131321	-3.403552153952576	3.778938539987817	-2.624105035920284
0.1504635936932094	-0.14803446547920088	0.8923825384320131	0.39887329956371936	-0.039526341811902906	0.2530513501164383	1.461935582991541	2.625816141516172	0.49557711977555563	-0.6856843038683378	-0.03423056173429554	-0.6083747936215359
0.17288536935456675	-0.05778825681048143	0.8552537429325433	0.4850898902655219	0.09312713850093356	0.1569672444152297	0.375507387625748	2.2905196696000316	0.5345485313626379	-0.8034165101284736	0.6693026048417127	-1.8371903066938675
0.23797133253057873	-0.1360673767173587	0.9076653018121439	0.3178034200148684	0.07053250635585666	0.09427731555856876	0.806877183238236	2.5136601395902467	0.5684640926773149	-1.151534585634379	0.74890187772702	-5.438057296211508
0.2971291904180431	-0.057789389723851	0.8682860701374038	0.39300627354052103	0.13188289068155676	0.19525757300100918	1.1876285892398228	1.9120745190985655	0.17233269518608263	-0.9974791923819276	0.6369277292346944	-1.963429934955279
0.2754827672398394	-0.10818087294227159	0.847920973922478	0.43981378521561265	-0.05787049252704721	0.2768930372234428	2.064863486862242	3.101199266236452	-0.10084517960706293	-0.336131166429083	1.99910412696239	-4.351791760468155
0.30915391348342136	-0.08614894816327967	0.8242339841658377	0.4665196200100864	0.19160628641093522	0.20441946326305616	0.13835144308720812	2.1497729815785567	0.1060182789721377	0.11799058443359924	0.6904095998778863	-1.4982198162765832
0.19715527103867556	-0.09935305160300824	0.874910039536832	0.4310350252085036	0.025768316677777136	0.2242858544322639	0.8013832633627442	2.5336613053776103	0.6610199589362334	-1.1242774302379084	2.2684763712961358	-5.551481384372994
0.2662641430061005	-0.04548347983406052	0.8407919383525722	0.4691519749641217	0.1559231949536001	0.276493902357683	1.1876760055436402	2.058158411965069	0.3688561904553339	-1.1355694251230597	3.47451792540398	0.17626144036063718
0.21755125324714367	-0.07039803395900211	0.8765440755511203	0.42353990678746684	0.114376220309104	0.3394025758912536	-0.11239740365639575	2.5305683905417697	0.5776031237411395	-0.717040722132946	0.16650605459362708	-0.7247009209574914
0.21696387075347415	-0.0637242919626567	0.8801037540211692	0.4174724847931575	0.18314043333655394	0.2088358595996648	0.5357903035804867	2.2356908189097733	1.0610272866936177	-2.174019737569511	2.569119088884602	-2.2427768798326535
0.28460445385363925	-0.18365182420047338	0.8487537825839956	0.4060656706296034	0.2436755174178743	0.10693898921358623	2.140540935092884	1.4512279412365663	-0.07769499860153727	-0.6815225248287405	-0.8887107215136316	-1.7626302898390953
0.26376673116182064	-0.022443118620049395	0.830223772986469	0.4905628448292085	-0.12238121046595951	0.2210657534521768	0.46359087018637607	1.7454567022072716	-0.036520304239756135	-0.10760360755319712	-0.41727521142487234	-3.9733269538503078
0.22070916396821677	-0.16984167237700087	0.8362462137919909	0.47237013155278385	0.18351741676321745	0.16215683171103315	0.5737802877466002	1.4566263006415987	0.18222051753111787	-0.06694737120096834	0.9296276629529103	-1.6224788141755664
0.15076734210102866	-0.13016011489279686	0.8649942713368344	0.46055668880317446	0.11982197454011578	0.05791637371982405	0.16582925101348658	3.806093920893214	1.371207273098253	-1.553959516442765	-0.2471246321330465	-4.601393771315524
0.2030337707085465	-0.15023449741196906	0.8759205243844882	0.4110597507677509	-0.01201523061910602	0.10867086617504122	1.2981405280373328	1.9263531068251454	0.8642737550073308	-1.778809029118592	0.6475244858930665	-1.5041668649160966
0.29116535404751503	-0.0663634523917505	0.8189212795425254	0.4900883254082535	0.11169806691383705	0.2600132963560716	0.8657759161565306	3.376757594093965	1.2138152125918573	-2.0853583188131295	1.5006154356395012	-3.5459336498150855
0.17758461399346992	-0.07190686247811016	0.8518095779768998	0.4875587665791276	0.2348907818879058	0.1839251248258961	0.7499818857276723	0.7263878972264834	0.46098185031636935	-0.9714146414461943	0.755238705009246	-2.7625674142724255
0.1248913859544253	-0.08744135613185175	0.8914190805296336	0.4267647757487819	0.13498656028177758	0.13505362220983289	1.7103485257922029	2.6036228575469527	0.1376422331797912	-0.2545673950809622	0.8838827017817721	-1.1071176724619578
0.20420012714159677	-0.0936562005316847	0.870182067596217	0.43853619395814697	0.1882637967290669	0.06421516896065109	0.5743655308926481	1.8198833315325214	0.5478423005640911	-0.9658603049163651	0.9828668158482889	-0.683660198124684
0.1698607519061543	-0.08248992813574844	0.8619710342231343	0.4704770694500798	-0.023869433554243858	0.15211826722613556	0.334311379627216	2.2870005268289892	0.5075894601008611	-0.6496794529240156	2.5891326311955534	-0.9235948877383651
0.14559740486802666	-0.16435811167321251	0.8972017892414558	0.38316674725873917	0.00079572738240416	0.07600018552751063	1.338477495478506	3.209030396664302	0.3640846002118227	0.015382263149445265	-1.3539481453929885	-0.40758685423271457
0.2925948802075063	-0.16826533067897592	0.8644899701232127	0.3724675907031597	0.12421516664842769	0.22307281367163348	2.352151111969777	1.964057678744355	0.23362448795308005	-1.5027094937420216	-0.10467072041251384	-4.353054296088689
0.21046772270390599	-0.09618249076735336	0.8584434737851323	0.45774126806017224	0.03476673561704461	0.13842413898082342	1.028546535624556	2.137624661188459	-0.0007764699270098294	-0.02229911956789601	1.25879341716237	-2.0493996491079205
0.18923162591182535	-0.163675916978103	0.8777545560169183	0.40859334961265187	0.19294034440842564	0.26750146781014883	0.92377564186658	1.4066141859574068	-0.006383545948850688	0.14935261827152072	1.3398885824984224	-2.549991253952911
0.24794826087958488	-0.07045738480866161	0.8812170087286598	0.39624992161516776	0.1055365189418258	0.22750470429164138	0.5429209852745703	1.8619772166428077	0.4894280548144495	-1.0970818455064966	2.2856874117083428	-3.8043424023577703
0.1897542695032013	-0.14196254985752116	0.8701796376997052	0.43200387703823573	0.02208799099481995	0.1983708970608873	-1.0121800593525074	1.4479321258028688	1.0907805318245847	-1.2767417445571987	2.6070199105365526	-0.2992425656990691
0.28982072999621594	-0.10832067683218113	0.8576674220767955	0.41070326093570597	0.1389186856089738	0.21806233448994802	1.3397683072052489	2.026903795993252	0.24317110841026193	-0.9186607736654023	2.536391697962661	-2.1912199504031746
0.3023661065120053	-0.13746269220685972	0.844604221875427	0.41990767351194846	0.13303161306492634	0.19835614619304473	1.9910928021324226	2.0098682224430777	-0.04114821067610717	-0.6930169352546426	3.6331276081442057	-1.7588932166955091
0.14009647002724848	-0.12369707686099145	0.9015557286290429	0.39021696585118615	0.041751171881643595	0.10913245979167606	0.5893508964835437	3.104385102768398	0.6592303488433513	-0.7505965671903277	-2.439218087709951	-2.925932178322786
0.20626115692013222	-0.08862898732187476	0.846137137711129	0.48337685291942306	0.23095697100258702	0.07564760033844385	1.3693326242454638	1.7755512648089138	0.7520839973694534	-1.5752533804648785	0.819648201165471	1.5327613418909525
0.17822519616219357	-0.0208718467371269	0.8399839631249126	0.512081133376045	0.16251309560036384	0.09621194329505277	0.4082177687245308	2.627400376193589	0.6829046084082034	-1.155178105168407	-0.6880903524552587	-5.41030867133462
0.20810739601028833	-0.0690502298016095	0.8744952774537345	0.4326446430978638	-0.010679053446470384	0.21201302276972225	0.2708223211233026	0.8845274662017477	0.3180226024093148	-0.6319102097191988	2.3786186195264634	-1.272604744688024
0.19767314615412404	-0.08222101314674919	0.8640204533799836	0.45566839744237275	0.06107691225763185	0.2139048704385115	-0.0926539446591996	1.970009603885253	-0.07412173562827522	0.5362102776469145	-0.2985437811818467	-2.7160552264886406
0.21700156450188174	-0.11063427541240188	0.8599190145827439	0.44856400487193715	0.06543653428803468	0.1839364891391916	0.9144270051758288	1.8657484315738404	0.6915274995772219	-1.307893644024634	2.1596481243203844	-2.2204934203232143
0.23231490065978763	-0.06938421503104725	0.8583804368195252	0.4521046818176954	0.2291754162805297	0.15197684403754388	0.6822626145256457	1.2626769291750501	0.23495727557362128	-0.60289721330404	3.6301087113868125	-2.2141095692615056
0.21746481436474102	-0.06113225694433577	0.8865362538040857	0.40376400578211297	-0.03260553965923243	0.1661496382696422	1.9877126060517194	1.834783195347124	-0.042609051199192984	-0.6992169744681352	2.150214659948304	-2.899207576096712
0.167900615892185	-0.09243977549603036	0.8833461217157421	0.4277427969458115	0.06534193752659077	0.23275998769932305	0.8362737857175877	1.604100097138069	0.6300114241175179	-1.2826548637923525	1.7678190072664837	-4.6125575762265205
0.2726638106438253	-0.07298865681373251	0.8366083882856405	0.46948216898176065	0.12808723663485186	0.13999174747156815	1.5197816646193478	2.364878205713008	-0.2994111763832322	0.01855177049409372	-1.1280379315055764	-2.192435158700629
0.2745268476782039	-0.20203023576359916	0.850610448360024	0.40035066989069945	0.13228041931587303	0.1329626158053136	2.0979281484117926	2.5027967612175765	1.3831804115189492	-3.114381429278089	2.953139253170979	-2.016671892321179
0.19821502573425526	-0.13331778574181288	0.8572497661610574	0.45613595560411724	-0.01684008121706825	0.14097550822194552	1.1509455179272763	2.806172818764662	0.7980863447151078	-1.1798703316836585	1.1551447216246002	-7.267768628275597
0.23585221208912044	-0.16149676750544006	0.87281207279484	0.395590209334783	0.23133052253135553	0.0756704850816279	0.8247068638334552	2.471965722721003	0.7078713781714128	-1.0443462443247982	1.1344253031402725	-2.937111828162251
0.23954532972139905	-0.0713995252595098	0.8860623220379142	0.3904019777948908	0.10382095921051926	0.3108111179822776	1.4818288270772422	2.607261746125189	0.2787888726794488	-1.0651386611966087	1.7925403372805846	-3.2026609105771384
0.29551696855201043	-0.05605712383584158	0.8266163800892179	0.4756392333831187	-0.015501037052099778	0.18288516276560896	0.4240620358873339	2.2918132667195876	0.09924634132168143	-0.16584779615768616	-0.43668812040431176	-4.063010217717086
0.1692662167817056	-0.020518007242933175	0.9095979013210441	0.3788926195474642	0.11445266738986515	0.1353790537764704	1.1012540887060742	1.9665344023419054	0.407022046956288	-1.3626080827845035	5.734747220456516	-1.9644185938093608
0.20602073225325226	-0.08218120707707158	0.8779099820483643	0.4243533557131719	0.0685983708570482	0.022323732102241495	0.007743009941468602	1.6256219735872202	0.9881100949922833	-1.7331578751345555	-2.936904161595717	-4.4217974555792905
0.1837924355047674	-0.1651130032215087	0.8981578656504106	0.36369009498293886	0.004549112175178824	0.21562325498090626	0.2760994787213868	2.928081707590277	0.7187271315492274	-0.5851439470323907	3.283742971189175	-4.467463755304338
