0.22078495152785824	-0.14765478637793425	0.842828479371322	0.468072882785526	0.10025053572343812	0.15551375800411324	1.081797658542674	2.070685078805166	0.6144393454956855	-0.9634505147652744	0.19781144396411443	-0.2250202824862189
0.25283479049186947	-0.07796197291079379	0.8639393848268978	0.42849181887372173	0.08408276373784501	0.12730022313396508	0.9142959230941026	1.9425659642294195	0.39532380083168833	-0.9831117557567404	0.5637638883814611	-0.441095864196184
0.1343960423385889	-0.13240781180277883	0.8578233740570866	0.4780637343478793	0.16938241441557889	0.18895046162779192	1.21349335521182	2.0087219583843012	0.6334937237299383	-0.9215171894386216	0.05953414761848245	-0.3518180381231694
0.20753367904072068	-0.08486136078958183	0.8543448696607352	0.468853031549488	0.024723205261585442	0.10777788276042939	0.9023850646761891	1.9511997472585958	0.5257691043669397	-1.0043274372031195	0.5573827705511505	-0.49245679556169736
0.1798199127304613	-0.15875694227047457	0.8532750196908145	0.4630148734524393	0.02475508630807316	0.03651684715285236	1.0024037661513225	1.9752281227435784	0.6440684544010082	-0.8989743692339617	0.5018963079348816	-0.38546911444247506
0.13644025556414402	-0.10907508355539478	0.9162732917821383	0.3604579553508271	-0.15275530821127528	0.07053406699264572	1.1935100056539851	2.0102219081835893	0.41130357089905173	-0.8889917940840638	0.6388840791870946	-0.24343391163200712
0.3512144771840771	-0.15009024837021587	0.8021676803543751	0.4589644005316354	-0.02986234281839642	0.08827207170255759	0.85073795489757	2.0443635109673925	0.6051981815332406	-1.0402176722466665	0.6462715519855068	-0.37453001998257646
0.18575019248023544	-0.08150470378581536	0.8675023623044076	0.45419544322968974	-0.08301413564892222	0.05008277607658992	1.0426687086285058	2.0098506667661304	0.5149540632217163	-1.0493004795612735	0.37647373329101574	-0.24882930082119248
0.21964014107133584	-0.10022693608769688	0.8838519812173804	0.40064753214109233	-0.009151481832985432	0.06814355326429335	1.0513695063190025	1.9801766137644519	0.4169127993767827	-1.0007427560011557	0.3200182922439126	-0.26707773772079424
0.22138956014496536	-0.06587029967811814	0.9118811287989077	0.33929422809644694	-0.01545477740833437	0.11570149306409076	0.878946587782332	1.9537334634787102	0.2593932731722059	-0.891357398472115	0.4684467519402204	-0.4398254752370861
0.23891418417246615	-0.08549296507348399	0.8721410404751729	0.41830726869495305	0.07985426521710691	0.193419425260813	0.8776735875474457	1.9787014484949843	0.40623130227719395	-0.9438387412797197	-0.005530542604823718	-0.5501676357988664
0.16476684109994116	-0.22262205796800968	0.8390491446421755	0.4682817957760782	0.18097479456796184	0.12225019008361421	1.1638205807571251	2.2841058647534656	0.8923573247514411	-0.9225179078383013	0.25091292003925486	-0.335215777914419
0.07491469453486109	-0.19645352672206112	0.8914548612372316	0.40137517456579297	-0.011584003620572355	0.11332590542177134	1.26076821380302	2.113238936364452	0.6935234092871233	-0.741305534588297	0.46906141417637787	-0.3838588750819225
0.17365222148238366	0.041372060478103156	0.8420422454330951	0.5090168125828661	0.11628753991667011	0.16890428176804861	1.0569650137058402	1.6540541387913525	0.5000797767736388	-1.3222829423613462	0.02707339514866167	-0.4269548700065444
0.2018330876215622	-0.12828096280809984	0.8658215931779105	0.43950013436748603	0.07110309194115558	0.10556038270068507	1.010969212162015	1.8223657980978396	0.553808214191288	-1.0233701279428875	0.15377498394663566	-0.36859376760746004
0.2510329932030222	-0.15696622601983343	0.8404858461886453	0.45379244437207084	0.09730682679178863	0.12711148809465436	0.9508365426515625	1.956869489126206	0.6496968698376144	-1.0524413840771965	-0.0507607810945394	-0.615605365916631
0.16983878980808773	-0.08531932956952823	0.8107738169174834	0.553643581448738	0.045575546796586264	-0.0447343428041316	1.0923719964139174	2.0320199322803103	0.7579000018245258	-1.1318509920739857	0.4501629561900941	-0.43397165158888035
0.2450492583978303	-0.14226110265315145	0.892096479566239	0.3519609506409848	-0.11166645707148688	0.055826896405343496	0.9669651571070469	1.9360763620567896	0.3983886845223845	-0.9004603463622461	0.5856008105914832	-0.25191647144503093
0.25724298653274474	-0.20885349051667798	0.845432025907815	0.41886866073761336	-0.06295754292721824	0.15079084326212902	0.9381477564532015	2.1133213756775904	0.665739840237006	-0.8661310827252886	0.4443554174771535	-0.19747417460410874
0.21622258980472048	-0.126189578947192	0.8726492388543511	0.41929379646041953	0.16290653906080563	-0.02223452123291056	1.0007569298006063	2.097660198097472	0.530153795212419	-0.9881417452864195	0.12077863226587453	-0.41312211779285096
0.19457635411505747	-0.07003072046434641	0.7988331211478185	0.5648905957508684	-0.1750534870291235	0.1593306303482447	1.103908784532135	1.977097061675644	0.6234032687934546	-1.0167140295429578	0.12686454815218792	-0.34865659357985995
0.10872007052930836	-0.14415923576456718	0.882923483053666	0.4334099492169755	0.09540006290609641	0.11701076335487265	1.2264755129353508	2.0715519724032903	0.5999978761763763	-0.8409160204962247	0.10835096275229794	-0.15017198439084387
0.17049057727056427	-0.045909573957247346	0.843079670102203	0.5079782908170138	-0.218950571272883	0.14132729133810445	1.0134727435008577	1.9013284362786336	0.5745436576961976	-1.121867730013294	0.43481637790599414	-0.17761338759615328
0.23821321610070484	-0.06149980961661066	0.8120800483194583	0.5291485918090929	0.07259029057627557	0.1387053030129112	1.0364210134634886	2.03680801951918	0.6421359552856406	-1.2153328667526992	0.653017612840682	-0.343434036915204
0.2208188925598802	0.030060511907333456	0.8225879219233636	0.5231486337727543	-0.13533226691013525	0.054028980555822816	0.9872502154286832	1.7432450572844906	0.4783318017470059	-1.2690013085834964	0.6795930176225965	-0.22041018403089832
0.2842394405103299	-0.13840806375886866	0.8613716384034809	0.3976053934480753	-0.016615623414299497	0.08480357481356966	0.8568585965667255	2.0764335554142495	0.5157183626576863	-1.0069859155601781	0.14175235826980473	-0.29446932631378914
0.2847603134523599	-0.17517829177751915	0.8685995474292347	0.3657307153879107	-0.021364099607988043	0.1341222125470145	0.9066140585264694	1.944251476163045	0.4707651993981396	-0.892688189731415	0.32029823843188887	-0.5598857149193033
0.14594173884908454	-0.010945444946249622	0.8545888705664858	0.4982560269585632	-0.13367286997642355	0.22750751209117434	1.0349620955914267	1.934275775284077	0.5137275369055919	-1.1417794539886885	0.3934240695935464	-0.34911078214310826
0.1353791534408148	-0.11931795124991848	0.856316223913221	0.48389899357838384	0.2548656500280109	0.1614740485478546	1.2287683956932236	1.9640375302222524	0.6520174410593085	-1.0133061040841969	0.2444401781231733	-0.42167622092162865
0.3564209085092626	-0.1490184850213244	0.8089029210355625	0.44320840632767317	-0.14685965132741882	-0.012318947751447748	0.6882925420103577	1.9788845934984154	0.6660363319576311	-1.1037475743701923	0.9322659004939181	-0.1863580448271092
0.3091436256702903	-0.06492591692990021	0.7894909304351556	0.5262308569239086	0.021487900541221766	0.16060738138989275	0.863911763293308	1.9410892445531422	0.5669731260736285	-1.1186458353943383	0.34177686760315557	-0.3791170367063028
0.202930318275163	-0.14471955466191144	0.8444209421328731	0.4741611634356298	0.046403230995736844	0.11007922343171413	1.0644725282378371	2.0156867040985835	0.664281447809345	-1.023360136203602	0.28123061325383564	-0.42642244815889413
0.22768197776475976	-0.0223685965151704	0.883864065962122	0.4079765627973925	0.010310917548127017	0.0218788603402246	1.0239082862368911	1.8698480398056327	0.2508496145885984	-1.0123536135909528	0.42132479448131965	-0.4998865133389177
0.21232853950984584	-0.15629729385880864	0.8776027375934015	0.40037630076041747	0.11163341148475453	0.1750325231823376	1.071392968448805	2.040688105717333	0.48556960680401984	-0.8358898648249401	0.09524915933743199	-0.24531589275764545
0.3001477184091828	-0.07947005571920698	0.8641812466137737	0.3959629154085165	0.005909834799739826	0.17063685608974313	0.8014581090656573	1.9462539137661263	0.30057314109976796	-0.8729014111927555	0.12890641787227666	-0.25939560554871727
0.21354934771916664	-0.02630398550025848	0.8486902847780841	0.48314550288584396	0.041364874076404	0.044229603395591094	1.0080137444831703	1.9307994097341576	0.4065011784148804	-1.0544785282637883	0.3274444130527833	-0.21443911203452473
0.18911119449342975	-0.029654984453699417	0.8895681838451547	0.4147601527446341	0.05628773514494726	-0.02800309447107234	1.0208360840183999	1.901746455076892	0.28880956494148613	-0.9489124430787801	0.5760795529278178	-0.39191347952687394
0.17043851762613768	-0.19382553706416358	0.8570711897764132	0.44588266230751417	0.004080105130756803	0.1719815308692272	1.098852258756361	2.2344151223390636	0.728961339712844	-0.8499361686959636	0.12613949723119958	-0.5083724714219576
0.19791206623362143	-0.13451398402543768	0.871441908088011	0.4281656256271275	-0.0704333160061315	0.1511740052245936	0.9578920446744656	1.9266038152015186	0.5717441760614774	-1.00116648567075	0.6323581001641988	-0.4612843116732807
0.24643467326192942	-0.0908801211943466	0.8965167817046025	0.3567469908885134	0.0032081649398360604	0.06910372605434527	0.795329010981149	1.9236675338855183	0.38638354091695665	-1.0303459996417903	0.5074060355499134	-0.46403299931634084
0.23093287018380784	-0.0951366808811845	0.8365160297646267	0.4877088817792911	0.15506923949482865	0.06009234987925205	1.0157936839412174	1.9898699826472894	0.524041916566266	-0.9916571277619098	0.21214336683701882	-0.38317065357552976
0.18756570904422776	-0.16026494459134985	0.8806559994907985	0.40444933290429624	-0.08384796142228201	0.09060147369261728	1.0540785838026583	2.0381221519892785	0.5263485636861052	-0.8273013611646274	0.4638548136757026	-0.5334278798176604
0.23734223633519433	-0.024217801827186445	0.8248958399718044	0.5124734277240911	-0.003630607432393379	0.07320010255513977	1.0755356478078801	1.8678630040495074	0.49252692305970874	-1.2026338857795849	0.39921435259890586	-0.5060916779825666
0.19310649875671412	-0.15524389331715846	0.864797251649885	0.436732100107674	0.165104950991112	0.0718311548164026	1.1614068355602498	2.0892018000923627	0.6224556628558499	-1.0034465812776339	0.21990611285173964	-0.11908539849339854
0.22595954849842298	-0.17262359381677594	0.8576076208766273	0.42854701715739496	-0.06782379627269287	0.13119717694366353	1.0482842781922412	2.0181303020065373	0.5431309655094789	-0.8267148705886324	0.36117672181776644	-0.18880975457266633
0.24927054227315498	-0.04988714638558583	0.853213272734941	0.45541473473009375	0.06567067333176972	0.03256237713566675	0.919290633956499	1.8986450343040746	0.45276539397503207	-1.1434402445400893	0.5124137317462476	-0.18891762419284397
0.18664329975521615	-0.11635233233693244	0.894024152670638	0.39031683009804796	-0.07588625048447471	0.0863598874908116	1.0648061508981719	1.9398692671442384	0.3736779853058888	-0.786816607549154	0.609775095380595	-0.48303808910173024
0.19210230448298624	-0.16602175409588388	0.8450562583175084	0.47054585542502064	0.0516324890180973	0.08227506984896558	1.1046543480420075	2.21458745633567	0.7451596913391298	-1.0078482404231337	1.013273229492767	-0.3385438931833125
0.16109685641543423	-0.09931833094300115	0.9149525708779791	0.35643437689922397	-0.04294287767419882	-0.014988677069180731	1.0867426830683655	2.0152674211931165	0.3844566390591119	-0.9165149176637545	0.8333368565301513	-0.25443531502334293
0.2041997680887347	-0.060363527428552693	0.8818458619611418	0.4207214934025837	0.06338597072324197	-0.017518938789768613	1.0484601993100147	1.9875923544765506	0.420949264252918	-1.1060276644219387	0.5149169501659384	-0.2730606194958443
0.2270591585189787	-0.07861364930914659	0.855444998434035	0.4587786910146826	-0.10590801856100455	0.0201228982691723	1.0134549546867606	1.953571548929	0.5316558210139533	-1.1581600539462662	0.6251816297648083	-0.4014293045012203
0.22210380674619726	-0.03344932791045681	0.8817620711659724	0.4147851146609304	-0.1530203108094148	0.06272096297350781	1.1004130928003044	1.8889806563049674	0.3217380708756807	-1.1208628632765298	0.6064946867225238	-0.3292867528194809
0.1306452134242694	-0.09304744077203841	0.8499812460480467	0.5018026338529035	-0.10514272522022923	0.07169122823314582	1.13149479817237	2.0174774903985293	0.6243536791592027	-0.9780581989316394	0.2240855957420522	-0.10300785880960868
0.24111456464419032	-0.1282635377636535	0.8752808881227165	0.3991185268612606	-0.14739270037618743	0.09301256500759249	1.054359589219495	1.91755404632067	0.4618680429473638	-1.0336113975206673	0.7750253762362681	-0.37988526025459396
0.21312715775346347	-0.20749662267936253	0.8287807769368135	0.4739666549290155	0.004504706699993994	-0.02417034702814418	1.08381119155617	2.0658897769101814	0.7281350325417624	-0.856154670430823	0.4719799303293499	-0.2857236706235921
0.20886021504320842	-0.18215383596158383	0.8646485923720456	0.41902291384317525	0.04053974797913689	0.1301946731342272	0.9752090452997889	2.0744958982315183	0.6953600757628263	-1.0191497456481058	0.3155591068711246	-0.18982644208750807
0.2637545234600998	-0.11268263368954512	0.8159067359311426	0.5020282598433203	0.001596200729843918	0.12562080764159936	0.8855140280721072	1.9418220705155982	0.604372229829772	-1.0116165152048302	0.20103875281319408	-0.31855386409607045
0.2602012114893146	-0.18902674512117865	0.8912147944839345	0.31984435161707114	0.06821734354032206	0.041731878130262544	0.9601801168030717	2.196908105713861	0.4864122212441787	-0.8381058084096654	0.3986559127058132	-0.41117544143388113
0.23202572700213686	-0.12668013684490828	0.8754564358795894	0.4045889689735641	-0.058853595870878815	0.1711203047260789	0.9490145505437141	2.031018512628409	0.4846400023703712	-0.9569892576491441	0.5214264226716271	-0.44017309669756094
0.11789363742972324	-0.11738118194638511	0.8857402495549676	0.43334392657191156	0.0658040142366817	0.046767178340981604	1.0680441220521437	2.069996987171714	0.5970007282696956	-0.9501102064672963	0.27276020566209097	-0.2834639506051599
0.2487243353517203	-0.0975861762265165	0.8522499980115624	0.4497589177577514	0.1482079176206733	0.03458494175054324	0.9331039147040383	1.9199134684716526	0.4771229446577271	-1.0035524538589389	0.4546440406263152	-0.306159661956298
0.25241050512210067	-0.18020207962428794	0.8460706747250746	0.4335672505775139	0.17562625691270115	0.14675387641944132	1.0146445430355762	2.1122455400950053	0.5949967688145007	-0.8738787806740304	0.1676237306207582	-0.44851291786169817
0.18822206699765043	-0.08213259360803173	0.8779703068449578	0.43242898938544894	-0.13741864138775464	0.09826701940702849	1.047397713692691	2.054939137866892	0.4681873676747326	-1.0161679701978272	0.6544066859604903	-0.493124461582192
0.1706399715433234	-0.04064916967843627	0.865286104190873	0.4695845003940494	0.03727395134424807	-0.03491944843960588	0.9652841282952318	1.8244201131202211	0.5011222884823918	-1.1162400925176077	0.3235469186788987	-0.22585561758847064
0.1964849912746771	-0.20604286861401186	0.8537111567545096	0.4360243632298272	-0.0939127276244447	0.06821960080153579	1.1924214292750839	2.0698507573784792	0.6856716481722411	-0.9017396630686824	0.44096468955315116	-0.26054687500738755
0.2093989673782595	-0.1426459864389517	0.8333423519043992	0.49126848009639446	0.03593395113634187	0.055077774159085574	1.0117025315039911	2.077786327691256	0.7092223032796945	-1.0309771292609613	0.4713360620830727	-0.46787585523742514
0.27855510845302334	-0.18093629121208848	0.8009775344757858	0.49810049120858135	0.03982498632934379	0.017369577887140095	1.0166483689061034	2.1303787202980833	0.7703078308805048	-1.0333839222853751	0.19152890656132163	-0.17840711556926445
0.34147048324992296	-0.04094088553751856	0.8116455611685764	0.47217924138595335	0.029501222837196264	0.06765091472792369	0.6649383442794284	2.018728604139998	0.47965451651547997	-1.1303286834396957	0.6764048181823975	-0.32396543610645673
0.21637330394843637	-0.12206508580746377	0.9145670073039867	0.31913930706869015	-0.1170783517956835	0.18529279785815053	1.0200380417921442	2.0194261687298414	0.2732479836183909	-0.7022361656920484	0.8765125195495441	-0.3209691002917255
0.27039776854002384	-0.24336834651426306	0.850147908731833	0.3806644558694444	0.145841642786897	0.08010091830787891	0.9870728126399552	2.238576490386372	0.6702148624122155	-0.7667786842020806	0.20494074166561652	-0.5984649716745681
0.224549100757334	-0.08217180091040836	0.8785683462404491	0.4134527270058032	0.085122234022659	0.049202467172650345	0.8728223495724582	1.9819292444639458	0.48969131044607905	-1.120708687944433	-0.07531389109219855	-0.39906593503304943
0.1261335288795434	-0.15204484809712418	0.8744205811224088	0.4431267813719506	0.13635118070485377	0.07030220627928821	1.1795521595455156	1.96498163138163	0.5967930809995573	-0.8391817219217779	0.22000667299331636	-0.4161921354423652
0.22554548035651642	-0.13472515671597474	0.8724509114702543	0.41207739019913076	-0.18590695562115048	0.1258877218311246	1.0077055939534174	2.0201829548049215	0.46635274295419676	-0.87843657849623	0.47460340255828787	-0.4027412795624445
0.17888480638136683	-0.08490501360821232	0.8554528498244484	0.4785308625755712	0.08393235262728636	0.11240228216544323	0.9771867263323507	1.7490385413613039	0.5393699002763591	-1.0191761360151668	0.4540142189434093	-0.47595256417420684
0.19917155416175145	-0.11282169908697398	0.8798176785689955	0.41656069030260706	-0.1075700065681315	0.24885828529150603	1.1554067580983551	2.011051505944478	0.4460701554896592	-0.949907971973401	0.35538731952250274	-0.46601891821659186
0.25148395548552344	-0.0744633808919229	0.8324380822490544	0.4881166502599725	0.06565978499954393	0.014187382200806778	0.9858626912081133	2.0015342899470685	0.501386051232171	-1.0576580037358272	0.3754517113948678	-0.3606358951543321
0.17343446782338265	-0.19800308921676732	0.8692374139287824	0.41849919982938977	-0.1311308496371387	-0.06048808487975912	1.1786626701299758	2.0719197844917567	0.6908141924210546	-0.9430263123199296	0.5925875298740316	-0.3777398903800177
0.09495690455812929	-0.10524014585642401	0.8159864373010316	0.5604229047046762	0.15904974669831037	0.20063464470334047	1.2289457309265186	1.8586871402266747	0.7774154530634326	-0.991124448920402	0.11197773786227401	-0.3868825529420039
0.21034309436496101	-0.17926810180386987	0.8667995413551843	0.415062989719696	0.03722158363026114	0.08871535347744235	0.9611595346322003	2.2933181788424726	0.6964633973974046	-0.9510571579529505	0.3530375923298628	-0.23478043607953555
0.22272866522012708	-0.15764165625014517	0.8574187837557888	0.4363187815883195	-0.08364373651826436	0.11750365919640138	0.9938685641201797	2.0386499459182943	0.5775507284900466	-0.9057361831698159	0.47500638506834103	-0.3860764813350677
0.1774186076058338	-0.06306320495081688	0.8624166520279368	0.4698757156541112	0.1053181148344056	-0.0024458940376902863	0.9235670701186193	1.9482110074033945	0.4646829088540219	-0.940137609489483	0.47413485072966854	-0.3113220674227092
0.2354560446299011	-0.06525236716492851	0.9112969901083946	0.33142174860137946	-0.2606412552301744	0.06421433628188312	0.9157463808503865	1.9166854053050248	0.21208260500777307	-0.856371079170951	1.0188804079924192	-0.3070800558221222
0.19614138271078543	-0.16454894737137776	0.8975873409285887	0.35887207652869596	-0.06782930068632534	0.0790404051635057	1.0813766374434486	2.0741373201927598	0.5057127737785315	-0.9048544071425302	0.5157415465231064	-0.4298618009104474
0.1581411973221206	-0.10470545839009726	0.8569012482323319	0.4793207480077586	-0.007722667107086735	0.04368559877890193	1.126023118985847	1.9995701144080884	0.5605578846739208	-0.9368413359666663	0.4792607099232251	-0.18873070932631938
0.18856271979081182	-0.11499348146302887	0.8863574126862913	0.4069289089044512	-0.07190972394080201	0.17664924574394467	1.0578787747559295	2.0886463964046906	0.4899238021145132	-0.9671059572157875	0.42075364934225745	-0.3586594873313438
0.2086372568376263	-0.14935276475950326	0.8948177879217619	0.365329129877112	0.1594695543095604	0.0850185674480261	1.049478823371086	2.0663121417010397	0.49563838849491576	-0.9685978178616609	0.4471670113177968	-0.295824530369239
0.16138040204054277	-0.06052674789484043	0.9119690573339013	0.3722973503693288	0.026422273529452877	0.04935709527527529	1.0225493636514689	1.9701317085057402	0.36987433016619464	-1.0289831662934399	0.5630268083642133	-0.22971604736945417
0.10982989192030641	-0.0024850419681039224	0.889219490683416	0.44409449084166414	0.10764367897035682	0.011993196019299051	1.2116603023367098	1.7356550284683558	0.3604110166343749	-1.0116041841878116	0.16584447656520848	-0.012527327646815224
0.35110577965218415	-0.013362795020804102	0.843713929709641	0.40582381893868535	0.09751639295840873	0.009638596954129133	0.5164066764925448	1.7368204284012123	0.3746533262908745	-1.1684992390014097	0.25741285252712015	-0.16372105752276864
0.22719335477245547	-0.15360575111924313	0.8644247912832067	0.42137659283035034	-0.07881793645340739	0.0022570385216481876	0.9504333988679616	2.1386289920181216	0.593948393972342	-0.9512871929888834	0.49178130545821014	-0.32945167900125244
0.2392443342149511	-0.14105718504947082	0.8778902310641292	0.3900945542995107	0.021440074708981512	-0.036971347899505395	0.9590243937054553	1.980056711763066	0.4749088807465101	-0.9409457004095656	0.5805918903555807	-0.3650651963509708
0.19383374214654334	-0.04081146984898106	0.891695563717657	0.40699130946554973	-0.17917262334730433	0.1650167557962748	1.0780689096859266	1.94773826480673	0.351307811398083	-1.087825897542675	0.3563134028789636	-0.5346368417003419
0.02929947898846319	-0.13368087401857512	0.9044430049212457	0.40404679840540975	0.03093076603123482	0.2770204916941273	1.2727629304196213	1.9944853623713727	0.6616430739339755	-0.9134713991271614	0.39845945196028226	-0.4481131381121209
0.17028644469011814	-0.05193179405639179	0.9087293252212697	0.37751374677457733	0.014469032030597425	0.2116860331220467	1.049262620788089	2.0585556867215393	0.37683844496631164	-1.0972179440204837	0.2174859005231474	-0.3307335876310522
0.18072878046175941	-0.035006654006199504	0.884086389891706	0.42953800448429025	-0.0198741154798811	0.05311112508545283	0.9990758753810315	1.8888061558538978	0.3801072630537225	-1.0487748097383558	0.3108728266054021	-0.27385557399541693
0.19434802728326792	-0.07316810392762936	0.9166968030364948	0.34138284104712696	0.05240128055500606	-0.00031917004479058093	0.979934148049641	1.9412871805901304	0.27853247718371743	-0.8897277812870009	0.30142928454278667	-0.21361508326052236
0.23184654946779987	-0.22641081452626877	0.8225801461410623	0.467276389024713	-0.09725229694894805	0.1974333584082232	1.0037982329164072	2.0721424943406985	0.8024737895044268	-0.9066811499604553	0.5081278340637226	-0.2632756896262275
0.16008706012349974	-0.08586366554875385	0.8805298050289033	0.4377977005139569	0.019832428126904677	-0.03235691087483658	1.1507836748849511	2.005701374811791	0.46130373541381114	-0.9552366104824473	0.5990056445252309	-0.2612536792718569
0.27466951915329435	-0.08786559325657343	0.8544100211169158	0.4322265708916562	-0.013002793596241147	0.23476183767837178	1.0114785972969744	1.9918092050498164	0.4000946258775917	-1.028756051080672	0.3180892401855849	-0.40259342605757503
0.237433368775978	-0.07486833442144057	0.8529719945693884	0.45875800197159405	-0.0989904578499035	0.078489384544142	0.9274015402017288	1.925936577793064	0.5113493577423863	-1.1164297680074986	0.5926987513272195	-0.21019171766464262
