0.22838341737427006	-0.0894410824868369	0.869325033000707	0.4290865815081528	0.10626318205212508	0.00663525539711984	1.0515161608816546	1.987996087973543	0.43986818961857105	-1.0364545986301135	0.5700257899342198	-0.2972721566882985
0.20843386714245934	-0.06371497388155795	0.8937743692774218	0.39199885453156424	-0.07839688719461912	0.09448741731083803	1.1160993142105464	1.8442140284282476	0.2928967849214295	-0.9615142553913462	1.03606466243356	-0.41598658395629146
0.21559003498433282	-0.19123079468446194	0.861568254804534	0.4179137019683284	0.28558730292863127	0.009387623407370529	1.0195476074136667	2.1761152714864704	0.6410820878946565	-0.8518505749782265	1.0291671845234884	-0.397485217792148
0.23912451566717113	-0.12683772092083817	0.8490050974098796	0.45378629676378435	0.2868676300095159	0.1529096353539122	0.8653206186149357	2.0632699824340195	0.5678760757050564	-0.9417397520048294	0.607980913290989	-0.32542313783864696
0.18878639137645958	-0.13312599780332585	0.8706477076739274	0.43429222450103666	0.12917911901554982	0.18804988634560862	1.0727596274999736	2.0626155378185786	0.5380049840327944	-0.9126285276094965	0.6191406879315259	-0.29373386877438395
0.2297707429283302	-0.10685594538277578	0.8703084638156623	0.4223155105384341	0.1608397849030943	-0.013601975523773888	1.0784078875780234	1.9489775205107196	0.4274611480360248	-0.9745078995275972	0.7171800643165048	-0.29814826454156335
0.21844365917684186	-0.33920028355186616	0.7814731991417029	0.4759466087987156	0.25167789131035007	0.18099162442173508	1.1907720192200986	2.12730931853901	1.0399233740257707	-0.7379082286592319	0.36935660766090944	-0.38037202958275845
0.3864549567348087	-0.21499351406675374	0.8210676938499302	0.36094071180774684	-0.12237230342129275	0.028157062770136947	0.6844948367961708	2.0768913725954	0.5953467569548819	-0.8500793253476635	1.3259366916009423	-0.10673624807886632
0.2260261576006518	-0.11713826811525908	0.8430826452640112	0.4737113630449247	0.2716554958459571	0.16884336665822544	0.9690690399026567	1.92858381973129	0.600578572303498	-1.054357976968489	0.41735649905580274	-0.33922951071136054
0.24476190708606735	-0.17107777006741712	0.8291343704102024	0.472609988503024	0.2335828625066589	-0.06690227123840106	0.9653435430375379	1.9141296154407683	0.7430463481629337	-1.110640018611869	0.3271953866150556	-0.20962376665958934
0.13933744589829108	-0.24741329288348307	0.8558239952220523	0.43236214898769415	0.23832036542712073	0.13127925298158669	1.1604542497030845	2.1414616413466803	0.9022623607762117	-0.9345092632418965	0.33489430043125923	-0.638815247248682
0.2907089899382813	0.011642663815788455	0.8641095440202887	0.4106914017621815	0.16260587204964114	-0.08028675212810596	0.6551089281809866	1.7679424939564734	0.3018835790694567	-1.1490138209516365	1.0001041376698574	-0.14295291863484613
0.08818102874600664	-0.09888178133566712	0.8853867598058619	0.4455746683213246	0.24229038325739868	0.22695577057177363	1.3662647338362885	2.0083089824598233	0.5298979889472315	-0.8776489135837637	0.4660567928444625	-0.578260538033396
0.25485260429947715	-0.17941874884706227	0.7990096513971365	0.5142398658390416	0.07274172551406201	0.07241837408084041	0.9610861119251504	2.097426460379841	0.7939104433278308	-0.9780645322069489	0.9381170735086367	-0.27739068326923866
0.22041071364183626	-0.10273310581180226	0.87210769026453	0.42460947100085294	-0.01649991191819132	0.08032732407953488	0.8421696710831946	1.9566883451681751	0.47340328221158273	-0.9360723619338862	0.7193380987621535	-0.5781084940948348
0.25151816970070967	-0.059910504066338736	0.8338366451640863	0.4877148664890417	0.33015706583746135	0.18704486015070235	0.9789779762374051	1.9702929432216094	0.5359990543143109	-1.1792241700044022	0.49816643448601566	-0.3716843366586671
0.18558236377485396	-0.059881038266085575	0.9141306991754046	0.35544129239158384	0.3163190343973922	0.21932107260527753	0.9184408963034459	1.9632076485682735	0.2884579070836271	-0.8906555182439639	0.032547700147413615	-0.570956491001946
0.2170743848554065	-0.09794455845906185	0.9006580058729913	0.36345664303296654	0.30482066186796325	0.0651924696522111	0.9579860677292396	1.9089933711897569	0.38386372028427745	-1.0089474587341125	0.6091227593382974	-0.45878554244656383
0.18787656498177954	-0.047144983866110005	0.9059913565110695	0.37637668465799423	0.28852692392956486	0.03562603488567522	1.0216694519813019	1.8279710538754053	0.28514146491743647	-0.9673919740043074	0.5136456060205373	-0.2655726211619552
0.2795475825963681	-0.06105468774960768	0.859782214655616	0.42296574037409823	0.06711989028614104	0.06935021602137406	0.8182032239089037	2.084452883463377	0.4000779404800658	-1.053137331393543	0.7311752651100648	-0.414994329752594
0.17772738250879097	-0.1654940780776403	0.858374357740997	0.4519050227653335	0.370415695425365	0.00852679017351264	1.052869182161411	2.0182515929090186	0.6253383707822038	-0.8627685020574558	0.7233284662082188	-0.3705488378690575
0.42142368444312694	-0.054888714530314305	0.7603110753813637	0.4912396318091851	0.36763957935261987	-0.053037173859169486	0.5270688210387166	1.9618578152169612	0.6266047703732811	-1.2027734317247223	0.42988004185246326	-0.07804665309358788
0.22865114242325438	-0.04827457551584715	0.843713576926245	0.483255233326683	0.32033776820861376	0.1722874504199283	0.8785965420899797	1.9512804887133495	0.5965473445235357	-1.2622935408843035	0.26479721769562176	-0.5305513949584498
0.22829428754995773	-0.08814134749479738	0.8447873561005466	0.4758646279211208	0.32035720081704006	-0.058084523398814696	1.0122318457606043	1.9507672075279667	0.5386993901275294	-1.0806223053569124	0.6264700625223455	-0.29030033212097744
0.20822004085743925	-0.11848733806902591	0.8289828356901374	0.505363852519926	0.40954155236776524	0.09404761690555911	1.159657552107131	2.0360012268679486	0.6072770107323433	-0.9966003565520167	0.23628014776332004	-0.4760912654436186
0.28894446006013774	-0.1638626988124509	0.827120576933586	0.45335600376691537	0.13932134791082623	0.13077957869785878	0.9944050156009314	2.128352431397583	0.6732197963582631	-1.0927487209427478	0.8666874573045193	-0.3888583028894059
0.21035975284937675	-0.08756635665273364	0.886211664614415	0.4033730197535066	0.2637250275459518	0.06152792200023361	1.1417342521498672	1.8180177108442372	0.3467304502410142	-0.9625193017395922	0.46297875782603687	-0.33215573202026766
0.19682063539098876	-0.12059233532664941	0.8406365849169721	0.48994821996194937	0.25096008046647594	0.08787871237943522	1.1494464857114375	1.9995587359926963	0.6028351910538081	-1.0039196517194104	0.6206927158314015	-0.3924465783908862
0.24241072542159028	-0.12139278211793875	0.8840553832940254	0.3807189408462606	0.26923129170212273	0.15017756903338594	0.8820947992684006	2.082501403861293	0.4354871699676407	-0.9088683037367752	0.6490292805871783	-0.48402979290534837
0.352094728283508	-0.17130634243678516	0.8130473075968849	0.43085672208444203	0.06235743562883983	0.08179190414615983	0.7929639869703221	2.1175318129461944	0.6104027861569933	-0.9579475736141944	0.5570388414861257	-0.20556853376129505
0.2168376667993301	-0.034145542515069474	0.8536135585632283	0.47239750297857885	0.15832629149920285	0.023617797848287225	1.1563267081685928	1.8194424477571678	0.3847043278920968	-1.0944134189327093	0.9165983438919377	-0.14876188533699602
0.17990942458498002	-0.16371928451074755	0.8971281349305431	0.36876781901466854	0.16506259321771594	0.12697243806551395	1.0655636551911416	2.0974503966204905	0.49795436420947914	-0.8000718085019631	0.7870290866155059	-0.35726393003395107
0.1709972768373053	-0.16280970774354916	0.8448294201296718	0.4801210068951876	0.027241997241890293	0.17568020170004195	1.218754944303928	1.9888755508302636	0.7032409565114734	-0.9970698471115578	0.5436317321327332	-0.3566164073357201
0.26981264224428825	-0.14670370698853563	0.8049924071104878	0.5076084957281944	0.22138629461427298	0.10026421693812022	0.9279597556645985	2.0306040432994577	0.7567854249091625	-1.1065312314213354	0.5428001830388262	-0.252231396243538
0.18458842985923657	-0.1363966480419223	0.8528986559792866	0.468921047292352	0.21256724336826607	0.06066467792512915	1.100438619721626	1.9509914584277168	0.6188396800322865	-0.9912693740942445	0.5279896435894399	-0.3187316074749517
0.3614869347182934	-0.15828579808029392	0.7891751824256359	0.47061165901146257	-0.12011577269192515	0.2848604009524366	0.5994339690161794	2.0590522666583397	0.7477686121602093	-1.0218387887636473	1.25899477466692	-0.6019401846209732
0.23229926495059033	-0.09630029177582962	0.8795854861740582	0.4038473446975373	0.15897920221609887	0.0789029706729766	0.9256312519926985	2.00086240455404	0.4292483850470315	-0.9902268290061095	0.6111424492888028	-0.46350411728915075
0.23452190839771309	-0.1183106107286106	0.8920363925330733	0.3677949812967796	0.21788819461024186	0.1638264943786625	1.027269472046908	2.0736007089368176	0.3321420976402466	-0.793570016371201	0.24694620827473376	-0.41905609579272673
0.1417256790936541	-0.18619520379137833	0.8376673429052295	0.49351656568004115	0.2751080802801107	0.027857228916005908	1.1323710434425127	2.162172816901564	0.7883172253119163	-0.8474840996671438	0.6548779352803639	-0.32032400387085563
0.2731025233974097	-0.12593285467995632	0.8705020374582177	0.3895922619960718	0.2414732222181083	0.022731806355646946	0.8783410194497351	2.199715742085623	0.488215675129393	-0.9955367282242938	1.042907675486574	0.09019787634470379
0.25607909008454377	0.01820047717222522	0.8755280515519662	0.409320013189916	0.02150314969800859	0.09444083550850098	0.8801593605537954	1.8072938553574733	0.24213358988923875	-1.1489268878987233	0.7813856795709122	-0.19766400936868708
0.2316894505376819	-0.276601591236272	0.8249283944513933	0.4350916021517261	0.16551737414015363	0.212641701187554	0.9272237565485218	2.2366053006582196	0.886065577881571	-0.7518417511930854	0.369259822607257	-0.47704788478760723
0.2510491720228181	-0.18052133725877548	0.8564029437201548	0.4134735275787489	0.05409381153033591	0.0546389807121443	0.9163077907242855	2.012275226270303	0.5964211532764123	-0.9131334984713155	0.8859621384918251	-0.38141006733558974
0.23738878587645337	-0.11165753187704294	0.8932496810541742	0.3650810419781429	0.025154588074122585	0.039858593273583175	0.990012169294861	2.044375693508147	0.3447778516209497	-0.8620566737592524	1.0841769388044211	-0.10445002237927246
0.1981496186942019	-0.1946442263936337	0.8406631668340909	0.464904069321235	0.15988126901598704	0.0541485664182671	1.0714221393069132	2.0796914093341132	0.804154963416306	-1.040054180927526	0.5781221887664748	-0.02885516883511935
0.15954028059871983	-0.12312475781893138	0.894706476915465	0.39860696562406916	0.11261068136491932	0.19167574854079475	1.1021974215893127	2.0390127668585922	0.520334029457032	-0.9792557400746292	0.6472272584001456	-0.4224715416016724
0.21737872421435256	-0.02421355404802666	0.8838735782943647	0.41343402333675855	0.12280516822114494	0.07608723203273916	1.053426317956449	1.9756655463865453	0.2945803008525183	-1.0679487034206816	0.5996705678996566	-0.5203944770869485
0.1822074174653039	-0.12231500466622351	0.8782122055098455	0.4249503720996832	0.2616693879769456	0.14275516018196707	1.0331496741096144	2.0647160193326144	0.47720381753560037	-0.8348927893819346	0.460038335795312	-0.44632104463036154
0.16346348295560828	-0.19902668793791925	0.85995900397369	0.4406115962081148	0.13937563889711566	-0.003155092622376172	1.1259801713530009	2.1115178412269886	0.7718888103982557	-0.9704714409142157	1.1022170497911616	-0.11716806643478145
0.26017540825066476	-0.07483946994544594	0.8677110277568246	0.4168757404660049	0.17868377294914725	-0.017137042953185074	0.8274703549571847	1.8121210524310234	0.41268613111375246	-1.0501008402545482	0.986279238147267	0.002052182172818294
0.14035154325431531	-0.07628927564342292	0.918887261990023	0.36073202031482154	0.24515064211512197	0.22072840995705553	1.0302430611146425	1.937144791375197	0.33375669910488837	-0.8413381483309808	0.3807111656441049	-0.3364075124115183
0.23090471009803398	-0.1082031903173237	0.8694921244707057	0.4230349039300597	0.28239867930111534	0.026431731986302418	1.062693840066531	1.7907598294900766	0.45524783033408034	-1.0577129343739247	0.5904382694184821	-0.21684114587646053
0.14593714203327215	-0.035245351894348895	0.8815675368318693	0.4475475323909126	0.2708494849796412	0.11452828761855523	1.1431003549062455	1.8913322800312018	0.43190148049452015	-1.0745460908651239	0.35799058707068016	-0.3055576814206689
0.16081812158591505	-0.17772875958209863	0.8609505453129829	0.4486804857716276	0.33184278593594324	-0.023016220708336615	1.2389158729149734	2.013222634412579	0.6973357587643708	-0.9846743455379694	0.16763622261641486	-0.1918054017327645
0.23920635924140832	-0.08264042879462695	0.8614080991074166	0.4403713932798742	0.3785011231012876	0.06850201911210611	0.929936578637282	1.8362641247766538	0.46743608193936925	-1.0748888839522786	0.3365795428261245	-0.421740385430587
0.23716465754872382	-0.05566598796199822	0.8530082771838827	0.4615529244299028	0.1720532650377454	0.10085425864580251	0.8965504308833412	1.9698374725257426	0.3992343285311015	-0.9609457338044367	0.5084782354568077	-0.28094193535181783
0.20210003602541035	-0.1174930397982813	0.8311041382071839	0.5045957515599807	0.08499141086148883	0.027117746388471056	1.1637141178535588	1.9755038928797959	0.6677437420853768	-1.1059215088862495	0.9788032524485	-0.59059672849974
0.2696678952716281	-0.09879399394471913	0.8506407516763974	0.4403740280802608	0.168494066146069	0.21642154288092874	0.9849445962028069	2.0168553182978513	0.46836469588709656	-1.0553865837820542	0.3436969479231815	-0.2424284099185562
0.18942729119861446	-0.09887334787327438	0.8227628001117668	0.5266903617703012	0.30967571368106767	0.014541718542169063	1.0138590058217136	2.0048764176310554	0.6791174916718018	-1.0491483626968812	0.6394498376813068	-0.5146817835784029
0.14469169142029217	-0.09644969928133945	0.8682671781938301	0.4646222952181673	0.1211751251838507	0.0870593629087902	1.1972237024828134	1.9908000864021935	0.577764650541069	-1.0392749995276258	0.814413282888261	-0.2928759789494371
0.20140919210776453	-0.11274969348755003	0.8955098956468958	0.38050475785651716	0.04127213341838683	0.01661581976514009	0.9842885564112037	2.004194629665873	0.4224023072345257	-0.921244403909026	0.6340194895303503	-0.28248499523040066
0.18688562321858404	-0.1970808903352009	0.8312302473073461	0.48506614235612683	-0.021390000460661054	0.27232415684194194	1.0457345355239112	2.077614758089583	0.7861567441293873	-0.9059627349069969	0.6227936355114099	-0.29472867179083045
0.23958525755471013	-0.11260742553312339	0.8397052236598772	0.4741451354127353	0.174103639271071	0.03273992487243329	0.9727926542176139	2.014236565886399	0.5805300972217499	-1.0412907415110628	0.6030372861853809	-0.5473515606537731
0.11946566570112299	-0.0816664101990528	0.8770690334042269	0.4580485376105493	0.15238940128322143	0.030972182031690932	1.221827435041339	1.7465802423866816	0.5588319327854967	-1.077317428141101	0.5585799469667455	-0.3681877650340902
0.22461967315246967	-0.1352628503170751	0.8709577032131591	0.4155510112737508	0.19516687857811246	0.07021470861511224	1.0725429284954433	2.0795606443473247	0.4965716046705046	-0.9436141304572293	0.8724359939741947	-0.3424613770484688
0.3114578791737925	-0.05526699208799725	0.8536790106824409	0.4137290125267474	0.02813922428122687	0.1579655579743503	0.8107149357336954	1.9263801389448734	0.3672712026014162	-1.1107996335156918	0.6020269017318337	-0.4833896273663742
0.13199784318966654	-0.09093120729781304	0.8337532687355702	0.5283593207329559	0.015095274439480721	0.04222107743016911	1.189327654284404	1.9631377830146488	0.7318440829579896	-1.114119822972559	0.8974401356888192	-0.24921725551093435
0.3469074081004652	-0.004141203035820424	0.8204184532514656	0.454479550922708	0.10207451661451616	0.026074287485665145	0.680959422591266	1.89586735077173	0.3994255258491093	-1.2235418901939694	0.5021499066758671	-0.5981649470274385
0.28828534658473154	-0.06047242991318702	0.8715464224766031	0.39197127143854626	0.26421750564826835	0.1339498944628624	0.7473857704427491	1.9419453048034252	0.33080811799702936	-0.9856356178177642	0.7134946801931332	-0.28900906377568875
0.3068670097191328	-0.13100791134388964	0.8510245020969794	0.40549582284154	0.1766569052711907	0.14460643191896302	0.8660675220830174	2.055917992403594	0.4916123950664916	-1.02294573459914	0.6269723214092827	-0.3808941352784038
0.12316941701133441	-0.10032542617482741	0.9269376610008278	0.3399274572526345	0.1488885296390204	0.28888176599819104	1.2085917059036952	2.0354232953756064	0.3636312863592495	-0.8287661214179388	0.013397004601385912	-0.2717193120387679
0.21388766406658194	-0.06735925395315008	0.8544014759945713	0.4687354433849804	0.2098866664641108	0.12365463917347273	1.0311289587493502	1.8965600762529522	0.4763231323824562	-1.0662007470001345	0.3279553442336988	-0.5355781842332653
0.1823829852509065	-0.14648570668647298	0.8770633447196672	0.41956915255614596	0.03844155515531102	-0.12763287674436583	1.0461395220275291	2.0328150382988484	0.5691701327644203	-0.9348112451442777	1.2768494626610922	-0.11122450277283309
0.2529105907129539	-0.10765747046995308	0.8541052608513551	0.4415317718389863	0.09826530908250052	0.09153299663395946	0.9072149767146228	2.044248645965244	0.5198604772071206	-1.0268371040010267	0.6292649794990547	-0.40097855912184044
0.19408800248731298	-0.10356047961941015	0.8811851583718762	0.4184707767773208	0.2123477214792641	0.11795943370412461	0.9969072196867016	1.950935786715993	0.49592808118516823	-1.0238524974550316	0.49101216789939617	-0.25566208490369585
0.3019197087009923	-0.08823370517904643	0.8209549803074204	0.4765419426207184	0.13565603060206052	0.09993669513445684	0.801730414401492	1.8829567124087576	0.5354053328917726	-1.0816710853007843	0.38858386301456943	-0.6126157949073165
0.22692180151542393	-0.2558679270439203	0.8463896660588355	0.4082433503390524	0.18155094826337156	-0.01937134884769471	1.014878433666714	2.184500537064814	0.8034961064221413	-0.8608228874862129	1.0984362920610606	-0.22871354232412855
0.1598807497008195	-0.12995732386890307	0.8826312655933896	0.4225059630880354	0.1359073949688791	0.19921491627269963	1.1566848868794009	2.010766961766191	0.4928357788845464	-0.8487691350727664	0.5772381690629103	-0.5047748209609434
0.21981549436745715	-0.06799760504414575	0.8692746757804071	0.4375145851181637	0.05888700272968267	0.12774696746230343	1.0081305863395689	1.9655398423267183	0.4758532939631453	-1.1464713548223833	0.5357977364740781	-0.3201249384382068
0.24076794230324997	-0.13912235287179475	0.9088004829729998	0.3110585974354622	0.2852493927635193	-0.004558595294651194	0.9347568378816399	2.126690894244564	0.3496191803715473	-0.7938160892718871	0.5001660763925592	-0.18662554088181493
0.33731014184589625	-0.1443803554617798	0.8449170907285964	0.3892188214351358	-0.010175829964291415	0.1747540428828687	0.8565937083206343	2.195340629356191	0.5099130099226971	-1.0349137285167942	0.9208251755838578	-0.6310749415917719
0.37165112664943156	-0.17369623606024887	0.8133925039816889	0.4124290146256789	0.04128764750384598	0.026572937719797792	0.7593982145534834	2.1471045171008827	0.5356964472666342	-0.8365529372258855	0.645454397919966	-0.2160512449772666
0.14648030812245602	-0.26962571840188637	0.7901771433259045	0.5305332915792652	0.12155683672170077	0.3175796595647743	1.3183483840694348	2.189969989800966	1.1088994985952603	-0.9026142022918847	0.5124808812414808	-0.24544710989993881
0.22253701772137546	-0.10807157685862147	0.8908112972289163	0.3811207718667438	0.3855900879650737	-0.012903045060350145	0.938693800110956	1.9860660267832664	0.3754588462723511	-0.8625082591649256	0.6837308957345565	-0.3365148095706206
0.27641704468252015	-0.1109053342050623	0.8758133196175256	0.3797955416199287	0.32086902560958896	0.046235352614098196	0.8504154808342668	1.9695090643944948	0.3617299807481594	-0.8779676738170367	0.5458397800341604	-0.3565852458863809
0.18013604784955442	-0.03591848576229338	0.8785342139109569	0.4409518132784401	0.29220107654420485	0.07101210879515542	1.0885522470619748	1.7644742764220105	0.39664628878794395	-1.0912248833526703	0.5978524672261135	-0.2211257680813589
0.14923025070828036	-0.09523577730807892	0.8441557686667582	0.5060252140167567	-0.019426227434365565	0.10129555114707582	1.1573503966409395	1.99564773577551	0.6119167434566885	-0.9865272749325419	0.7959290375958165	-0.66188306163125
0.281402893784897	-0.07282249967849505	0.8517326948805489	0.4359595295226142	0.19911328172470819	0.06791861237835345	0.8037230652914346	2.032557800378205	0.47079489921957296	-1.0990595053240193	0.8325607676830278	-0.41935908840493563
0.25630178178934726	-0.11259825704845072	0.8834970427605353	0.37558488334149664	0.3054987798948644	0.06634247398220601	1.0512882374395156	2.0600301382500263	0.32662244252776756	-0.8681425209856916	0.6451036185164519	-0.43634675018948116
0.2397162516897006	-0.02998788070158865	0.896999823802145	0.3701731510871477	0.3136874844330842	0.1071176197803174	0.9512747635913226	1.9992493984116613	0.15544229572675403	-0.8307314541262595	0.20965308595467427	-0.10970383762693965
0.16259443672686233	-0.11272008016389333	0.908674919644126	0.36765081678552175	0.3325793430420854	0.07351957723954593	1.0733198959052361	2.060043792289438	0.4836408709536008	-1.0384306374805348	0.531343857392406	-0.29903836740620743
0.15974420556496155	-0.17844295910995947	0.8771769163188712	0.4161737096571775	0.3186936724634243	0.09005109241953684	1.1664504991473812	2.131708586766926	0.6111985634049277	-0.8219514671462383	0.45683280340468974	-0.1272277661187216
0.19619460849329373	-0.14755678040633927	0.8695139733737238	0.4285791901879017	0.13054792574165572	0.09789124229878314	1.002302319883953	2.043175870352046	0.5428020065788949	-0.8566346568137526	0.5707072272084027	-0.2167376335575504
0.19809202785058855	-0.17975864702605115	0.8581881954326617	0.4381317136905715	0.2888647621866679	0.1063384555111108	0.9677592034316835	1.9944370265833404	0.6715909102327068	-0.9347405360671774	0.34524063763521057	-0.2698665175788882
0.30408300599981497	-0.1431116221839982	0.8291876287174542	0.44665474971157126	0.3002649979482504	0.07207147040872847	0.8015774805304439	2.040064848317265	0.5533193379952308	-0.9192662791096242	0.6046112420240592	-0.3281713187468658
0.20809694902106307	-0.1631155679900258	0.8658736439387775	0.4246784713399061	0.29602824456560306	0.1289376743460848	1.0221066951955997	2.1223749909462435	0.6245744867783098	-0.9590961091128822	0.2816196112535368	-0.42917929304466224
0.266437429123395	-0.08346764950923728	0.841184008014292	0.46309147315463567	0.2731077665978633	0.041749541571913705	0.9326393491257275	1.9065448889221086	0.43860173119391616	-0.9896532297688568	0.5223511242714413	-0.37564582797011165
0.2059038353503694	0.024043887481060528	0.880913783438775	0.425460231056193	0.141331762679295	0.0708016247447665	0.8290515776505727	1.5267376646473345	0.26774179106345086	-1.041862458480258	0.09806645338465164	-0.4359417113263326
0.24609123666129576	-0.16140397237778625	0.8356480314313396	0.4637674293265019	0.15460035362468036	0.16468504472746676	1.06272025614142	1.9404943930169698	0.6692530631812906	-1.094476695276032	0.6555327175057442	-0.46308217236995936
0.24092153213305706	-0.18098401652302662	0.8901361109029888	0.34184690313699706	0.1821874489897702	0.11300783576422789	1.0984517332400057	2.035525454499852	0.4070274141898324	-0.7563412135121009	0.3165507091712343	-0.6618975999192412
