0.21948058499484724	-0.12737055978740602	0.8739526878515389	0.414501764419445	-0.09800850538461475	-0.09539263330880471	-0.09341921241603884	1.670695722450836	2.2067374828111572	0.38572468072162736	-1.0198195612069214	1.1534826490051198	3.6552315354359526	1.3713650117261782
0.23091156875275864	-0.0899526799844807	0.860230922808129	0.4456356384137431	0.2322390301043544	0.17379326005108434	0.23086253158890366	0.9365393410064701	1.921351730074002	0.3794615911389656	-0.8299417594825172	-6.910840446156214	1.2976892103501694	10.16885175103347
0.24280715387125396	-0.12924997301935612	0.852325901794265	0.4448366977150491	-0.066645830246909	-0.016190490752998773	-0.015670935424733013	1.4983531985777543	2.287158863150498	0.30216144074908463	-0.7322590029879821	-11.610606195073453	-6.5654743694312705	-10.55496851509613
0.20842148509671704	-0.15053037419917226	0.8312629624581589	0.49285188265727636	-0.040507771809927026	-0.07896981819306757	-0.15111905745738438	0.5105269388614935	2.0555834770280725	0.9481288471595213	-1.187215566493982	9.155085304258177	2.2371637702585887	-6.6136291921326285
0.2275574283497244	-0.10406143472063789	0.8552710092993064	0.4537624216028563	0.3342618458703975	0.20193847167708645	0.4143839252753541	1.609626911539505	2.2690668546688926	0.8236497633713732	-1.8392972465595292	-4.209054653578979	0.02581676549268953	-4.9112694962957955
0.2495196419642038	-0.12271914388752707	0.8648043978678902	0.4180829025754627	0.26647205327364265	0.20422881672065488	0.0736089770795268	1.387033960633293	2.09395573884349	0.5783189766917742	-1.4094251461223264	-0.8020775883053145	0.17006862704747958	3.772774610576135
0.23540783401200188	-0.10712310473603423	0.865459201879906	0.4290549638436625	-0.0002921274757849055	-0.035828186192371235	0.009871950655533578	1.0482330584915223	2.4107251918451977	0.5217078968930794	-1.0255907605425192	-0.9705170446433039	6.083233376547778	-7.675668565080493
0.21112032358132893	-0.13304820129235742	0.857785627791675	0.4493664449620436	0.015332120612339828	-0.018550263792895226	0.018887374213706277	1.370026258585473	2.1640242673323398	-0.013273541282929074	0.022398206072870634	2.8949641387447103	-0.42439429053009303	-5.246408566007943
0.21130689498612948	-0.09755500448602554	0.8656714069358792	0.44322165159737825	-0.5356819923467695	-0.08335878574192303	0.2564544731244421	0.11826870455303584	0.9674488037243153	0.7453161436917922	-1.2991477130963172	-1.3021885331899121	3.555721236434188	9.475130035138042
0.2538687282888909	-0.14679250029407534	0.8528414955254421	0.4320463102079712	0.03510262959757072	0.05126318519993947	0.025627052331129368	1.1192518593610539	1.80151510343038	0.3008673489763491	-0.6394830673213058	4.395568399120955	-6.202099294574676	7.0752233420697275
0.23872958617442097	-0.11998629571863287	0.8670264662704744	0.4205669748223753	0.43199219300540426	0.2954743514700645	0.1453005272628781	1.3017523374295004	2.5135194247236528	0.5892245080497894	-1.2365501478111032	-21.310261218047856	20.571878310088852	72.26008114218205
0.21928387496454732	-0.11279738576495937	0.8574653384968772	0.4516021758379374	0.08404327913102118	-0.1541690409164471	-0.12614171893994855	0.4367401642384968	1.2126094190603205	0.5908340856971925	-1.0310195064202385	6.7283513857319335	-5.271782667469227	-4.192404789614756
0.18295019580712532	-0.16301919603774245	0.8657338192588282	0.43641599623394306	0.11376848838355547	0.16858875692328998	0.23344783536182426	0.49610599186982285	0.934516423309559	0.7539382552787309	-1.354506761142176	-3.2033070159468875	1.2792426806899544	-0.002691249891510474
0.20572826620680004	-0.10686273524576034	0.8732044272724536	0.4286843413178569	-0.056253225786484666	-0.02071749027120128	-0.05588544900766005	1.253871934615643	1.0489255953305532	0.4279507109430684	-1.211974047897819	0.9003205450819837	2.2021391893674678	4.488305823858753
0.17119475250517718	-0.14656225459717367	0.8907762875457657	0.394625731279991	-0.49479278722547443	-0.0177373916178526	-0.8839467329941483	-0.3529171533715288	2.3090193116421873	1.121495618762891	-1.5208563843133158	-10.431704163687034	-4.019509543842227	9.620340634943592
0.2227560939945272	-0.12395412347265433	0.8662135299725251	0.42975483517345636	0.21791247380616982	0.1514617088776267	0.06821695428361353	0.7507213833467871	2.1972745974060035	0.6497591704335564	-1.065018153317214	1.6303182012829633	-0.26303139159104855	2.254117043513988
0.18659018546640205	-0.13217329719202658	0.8717672952355646	0.4332852468693919	-0.1578163633131248	-0.027863337392365	0.0021579701749434585	1.1253118363034493	2.439848942502096	0.8036365509759732	-1.3572429052412338	3.0525567399246487	2.102197182071855	-1.645233949352299
0.18324744378165864	-0.12254302533861278	0.861509593670285	0.45738911366844764	-0.009253945505731342	0.035854373047851086	0.1385251755771629	1.3617474702314973	2.246147886349566	0.6612893917019929	-1.1893464984889004	-8.57122394005998	-4.957497024179964	1.7179418152822719
0.2114470025163324	-0.10252319254621328	0.8615458260139552	0.4500199437746306	-0.05086460527870062	0.039321439106252555	0.055695350300632655	1.3661895397614796	1.6114845086128564	0.15776436159808724	-0.5768263769406727	1.4024927567912682	-0.6442714024476667	-1.6545801431949065
0.21820600737801882	-0.08981242920775327	0.879189603027356	0.41393901462962684	-0.01990340704633023	-0.05918222848056722	0.03903575484014831	1.2545886787634115	2.2059364404419055	0.47743622016059273	-1.196783147917973	-0.8567184304495908	-0.7561091271363235	1.6084987657246497
0.21470769103573953	-0.1339396323284574	0.8638139197163486	0.4356446882564928	0.017834459516351583	0.005947568249546009	-0.00433054026271909	1.2880048782383131	1.3829710298869806	0.4374273667124096	-1.076945921902676	11.467702077184223	13.185530277245826	16.942368120720708
0.2499418401045581	-0.12309792324387872	0.8542362734693527	0.4389263798718241	0.1285956929202605	-0.21448276427741642	-0.09515881168009337	1.173610040566191	2.5236993598212685	0.3008244944326178	-0.5459851790653306	10.362277902415817	-7.709068607558713	-14.898593314603986
0.19432633748397116	-0.14522661335141257	0.8600643793193976	0.44881596313019473	0.15469604419332897	-0.08395354294274165	-0.2241187430832243	1.401515805957605	2.1548349488951968	0.6341815560435758	-1.1248463944815215	5.031207107854912	0.7440723782595494	-2.0457691618807328
0.18939302254655774	-0.0851899547560209	0.845725005767533	0.49155077991887325	-0.13197083257460793	-0.17225455946822166	-0.03945572368036883	0.9698074973921074	1.8000860771622944	0.6385472773943146	-1.1603296035870152	5.673547539343918	3.184637564111242	-8.186329064783076
0.2431090405946804	-0.10404136362218354	0.8560428900385654	0.44414407510535486	0.007249304139548107	-0.0032238903191688997	0.16390633771567195	0.7944687859995768	2.245082686503798	0.46410455402912504	-0.8034655957638744	0.08969159900986334	-1.912958495198258	1.643675677016698
0.21469728556337483	-0.10714916330817978	0.8537302041927819	0.4621351218237223	-0.20042391532031043	0.004491381548288356	0.06927544452534308	-0.10255784856689701	1.5814996705159072	0.46824287839202094	-0.45068600107915624	0.0038182413111076765	4.706095579056369	-10.412814032506697
0.2222619380254191	-0.11580517971071695	0.8536470054820889	0.4565912628257527	-0.3674193672733043	-0.3122063168343406	-0.390109287175682	1.042153383805179	1.863392018169205	0.6818564738548945	-1.3094979449303885	2.6317903539119727	7.0515016699580775	6.471902369746636
0.10530502167699518	-0.10421330369827136	0.8899503047397722	0.43132226331999846	0.12037017806120302	-0.1652647706715767	0.050879418374467585	0.39951352843755406	1.7150338119530104	0.6511162484555267	-1.0266164829984752	2.548437920304564	-5.964413139472687	-15.976819812532632
0.1743170204378728	-0.09935152673761491	0.8670585048783525	0.45601798170541846	0.015465380025812896	0.013164570139858141	-0.010112331833540525	0.4775646482958209	2.6960055049017093	0.7194808332161086	-0.9631799111227021	-5.983528339203718	-5.675958417174907	7.381416408171513
0.23653707789886727	-0.14881753104638212	0.8554410712398748	0.43603225438985577	0.0017584395346376743	0.10395368448927379	0.16578445198455213	0.8514312328258954	1.5970796147227475	0.5643274992125498	-1.0239392307758832	2.76386748603084	-1.4571573821092672	-0.817274334097227
0.22016648595008007	-0.08337720401646996	0.8692520357530632	0.4347135363132192	-0.4817477146880232	-0.060659197057845886	-0.019634119008917744	1.216367613979512	2.2247946929467375	0.41057566713040583	-1.0103204063838902	-6.2080526179821165	-0.17548489949744575	-2.7491632944619213
0.1988930056695555	-0.10592435092877911	0.8607487301080393	0.4564353489744684	-0.0954816098258876	0.057452153097394605	0.10203943537191967	0.8229682373784002	1.6681699755166612	0.45734270653255193	-0.833940576983326	-2.3008982715431627	1.624146349254241	2.344543608132872
0.2361335680227479	-0.1284969252275553	0.8431820585095813	0.46558940545018346	-0.3843785517053564	-0.051540102121617914	-0.3193581973308086	1.2669553095328274	1.8228594138806549	1.129115233123525	-2.184303471286821	4.204950981674635	3.5089315594255353	4.9489293904315215
0.23857831143854819	-0.050577843586772975	0.8646349493306804	0.4392364687103913	0.06894579421249575	0.17234534922191477	-0.029774143140681514	1.2052179145020496	2.775466092540744	0.29841686864777006	-0.9224721716317931	-2.853667675516944	-2.9021263026874267	16.18335880563015
0.20754596296125008	-0.14829163936325415	0.8495094138250363	0.46180950485680705	0.6270546623767773	0.25272573141866544	0.23796444719496188	1.0553389456395739	1.6093747977182553	0.9711729632321127	-1.743998503425115	-7.146842251458228	5.333637123440654	-7.834991024887958
0.21623381978025935	-0.08952814256588262	0.8846018494096656	0.4033698239741547	-0.018730583875558822	0.02107285371776896	0.09104665859743936	0.8256428601422549	1.72587631323441	0.08921683827810939	-0.2551970495106321	5.839673181810991	4.615563643875832	5.01400265413031
0.14243614810246508	-0.11580275858022619	0.8859274164090519	0.42595102731854584	-0.06962897197115957	-0.05973611339947596	-0.16668524937637075	0.975410386969556	2.023340649823921	0.5049658217407494	-0.82635869571077	-3.4137588796723968	5.950265326701658	-0.7031053735728677
0.2295935922403243	-0.1433410617849331	0.8829648049147483	0.38355348478460255	0.03349914537528644	0.09732927077591691	0.16004932169742866	0.9840091153514183	0.7919710435360626	0.5566386941378362	-1.5744677528452775	11.10401548522528	-8.194427680240233	-12.419123887441451
0.20907975448463148	-0.08911171927670061	0.8624229246035138	0.4522957626050885	-0.09832324549952999	-0.01245116876931497	-0.05076001746453098	0.5583539882381896	2.5570193893517765	0.6882243061661889	-1.0666041549799838	1.3930004281575872	2.0352807708066822	-5.572751167663203
0.2286627953441727	-0.11858619716741592	0.8454770151324524	0.46778120606698015	-0.06590630795051812	-0.0060068905881675875	-0.08053218602148826	1.2337049734674421	2.0913491956714676	0.4279786565808273	-0.8464286118603089	-0.1019182382954902	-1.3379644589159643	-1.137463185778823
0.22826637456341886	-0.11674215798908466	0.8709857186594919	0.4191057249465019	-0.03565955409602912	-0.13091350865194595	-0.830119448246235	1.380874935713509	1.8914765840788557	0.38735874497146905	-1.0302321496867122	-3.92936045362663	2.2365371709024324	13.080841315012009
0.22329178700129054	-0.08664144327819259	0.8757574788166897	0.4191454120720843	0.019310165499424284	-0.02619951590685907	0.002763358294760094	1.1389770799490342	1.8112656939317044	0.08052470985346895	-0.4006095872705217	9.49088792449166	-1.5159465385526207	-2.2119615637316996
0.2251169309460158	-0.15195427395501462	0.8369360737507654	0.4751528959007874	-0.13405804274993918	-0.10096896792960548	-0.06343316363065987	1.1579292185436072	1.9777968876605783	0.36593381182060747	-0.5606574049160785	-1.2800395181249085	-0.40160585470274174	-0.02004690269369071
0.19146396526755902	-0.08018424200334887	0.8620594374783285	0.4623478815707058	0.39020427366178745	0.0619116879504561	0.13249578206374701	1.0306606265806428	1.8817307384951396	0.2616164936277605	-0.5882544198049895	3.4741585646566993	0.8379525707352151	2.8194195865617413
0.2050835889029498	-0.06754390650766617	0.8862295791812033	0.4098483563962124	0.0006227112985916111	0.00045225209545768905	0.00025650094410847337	0.6496234836167596	3.506608403984075	0.46224308829278443	-0.7466922292091611	2.4814248984026643	8.211538302003708	9.67390451428121
0.21059425176024846	-0.12562253934723702	0.864381985018349	0.43899068635818655	0.05263684448358528	-0.07182521774908633	0.6547525449981516	1.4443764620686963	2.3123772139665273	0.3549620804529385	-0.7301146024518256	-7.121698952296136	-2.1239463722163436	7.280390951208143
0.20395088516263848	-0.09687827245760366	0.8636127005800477	0.45076794491605493	-0.19797428022985555	-0.024724651613692764	-0.07350920176906031	1.5036926144924396	2.9432784481290213	0.15892185476217568	-0.35225805713345854	-8.273005125290561	-3.292910835016187	-3.4734095076656377
0.2849603913381371	-0.13449126500726857	0.862981563367076	0.3949335340201913	0.0915734890397632	-0.08365185656782424	-0.06216448959003163	1.3884307596510155	2.264686672989187	0.25355135694029635	-0.7846316324989002	2.822619872335352	2.992946031918463	-2.473428278834382
0.19928577355705698	-0.11310390760161475	0.8841643828812834	0.40711918474467657	-0.11702391678471245	0.023009050745277957	0.14399015102136598	1.229396562850836	1.9682068337072294	0.559647990542866	-1.2704146617140546	1.777313483983983	-4.4907955799727715	-10.483298722692389
0.21016763591909987	-0.13634361104471437	0.8531736472546607	0.457531105138923	-0.015581022231889891	-0.08736548414328092	0.1463996929328956	0.23364840394979094	1.0836284611321783	0.766724279525663	-1.2141436047408178	-1.0540940325787937	-1.4815643652714254	0.6245816338775607
0.20473522394598287	-0.11447964319889653	0.881336323671879	0.4101514158763545	-0.061812155231017046	-0.07482863373135985	-0.1717343735894489	1.4802251737279162	1.085089126045012	0.16497840225256377	-0.7905253094854876	-7.136893020454036	1.0929398153747356	-12.711526709180012
0.2174893654684725	-0.08281811177874217	0.8660602552563069	0.4424694006763695	-0.06638811596388093	-0.06277293665164159	0.005356966792351785	0.829502841856715	1.72229820156297	0.22239932648829452	-0.5206727942575428	8.44943988472102	6.414024539392596	-10.375994156391116
0.21454129612600117	-0.05907668986402821	0.8724106339982297	0.4351800347650288	0.07324280348538965	0.035298274257526865	0.327254590381473	0.6154607718924453	3.071152328700683	1.035485213909233	-1.96235231814373	-1.3390749787514142	9.888844678891955	8.35970159271041
0.17582273852345226	-0.08755892695854763	0.8805281923051427	0.43138138750277466	-0.2950330584231179	-0.07402399959171711	-0.050107238117728624	0.8715711868099507	1.292006853789176	0.1490034771875715	-0.3971359602440965	4.536196492402722	-0.6274339831715707	-11.780800806988514
0.17566004071693947	-0.1430400475098033	0.865783345504156	0.44620880039657157	-0.261448341557066	-0.07718658498514645	-0.12594715261443667	0.7922741308335095	1.6790089755343351	0.39985354380079274	-0.5495004157179353	21.915615988398812	15.45850555325959	-19.88722824013873
0.2195853814960944	-0.13556886295503157	0.864502564099644	0.4313219914349784	-0.010483673417578965	-0.011430654662149884	-0.008196165538872542	0.6507698588294418	2.063924069475406	0.7245774433616957	-1.134870875559473	3.3964433850008344	1.1650138265249983	0.7004006465655626
0.2703184415757743	-0.11402156501715	0.8526030363258906	0.4324292835862952	0.07540258715117827	0.166692878216954	0.5349920248312766	1.2141897144535883	1.6656878260186525	0.4569811468943923	-1.2208170724318255	-4.838435353933209	2.3775218919089	8.672907685797782
0.22284871160029454	-0.08647364985497456	0.8722630578502324	0.42663557930464496	0.017938937066834474	-0.033803739269910114	-0.04396959081845437	1.2089091073077267	2.3357589966448886	0.419228502400621	-1.0151515434595082	1.9682382592156265	1.7489209273035506	-1.7815562543720544
0.21081984326004494	-0.10818133671443464	0.8590664302205057	0.4537142939589685	0.15591766716104302	-0.04754716434449082	0.05652587380093641	0.45946433634229855	1.4463653811808521	1.0068853835993887	-1.7750727757772646	3.8686915500853947	3.516393318693458	4.903959368848416
0.2203342423062545	-0.10289982716109687	0.8429643373280432	0.4798703712781593	-0.03848483521315321	-0.21176148545128756	-0.3079673783625897	0.9342687545936726	2.2768817839537867	0.5124784679322872	-0.840980715602914	-4.663153506762899	2.4625418353826496	-5.554932683424575
0.21733471397984916	-0.11624544143005432	0.8717460387120718	0.4234518431130514	0.06266146346820432	0.011982701416348907	0.031244341922987962	1.1333544388647203	2.864911236238525	0.6744813230845303	-1.1837492768791127	-6.429196733646704	-10.651227295284071	7.188681857191908
0.20213544788551396	-0.08387607992318528	0.8609284206337325	0.4592475568470117	0.02238173208441745	0.1401947789737864	0.07012270170303476	0.6160653284976512	1.6739920808905542	0.34921793085755015	-0.62008471239421	-0.7496468892876601	-1.8014121808853902	0.029162178103578795
0.20715747414275135	-0.12169360186332485	0.8733793675561973	0.42365661625833584	-0.24115286934805538	-0.05726929007191751	-0.026939926404094705	0.7854900640284155	1.8423271083106583	0.5966716541236293	-1.084938627854482	-4.818035484264092	-2.3008067322986054	-1.30733781044035
0.20475355222586686	-0.07195335358430498	0.8818218136277973	0.4186752760422371	-0.036008095228221175	0.03133838559944435	-0.011049448182879326	0.9110373753382769	2.205140808553909	0.6242277319693706	-1.3813294606238868	2.810409028598104	0.4287002098201173	-7.097715102563465
0.22340577477812926	-0.10445917559873028	0.8658924146309962	0.43521083018868045	0.013814016665074204	-0.12676363848408045	-0.1267638890602639	1.3007499556760451	0.8987724558571416	-0.2556880806144414	0.0567273283483315	3.9444756723819427	-0.06899608445496123	1.9921003686878247
0.1788031302784171	-0.12836645261658036	0.8588881548311171	0.46245284293219946	-0.19840822110658948	0.0002885979439651787	-0.40955708328464585	1.1878368658800311	1.6504401957882235	0.21236249295695006	-0.39555044199015826	14.720113081905017	2.8955989305691734	-37.40830131364127
0.19701624411642202	-0.09129828617846214	0.897450897626861	0.38396758827259836	0.20520362080272495	0.1685174704699465	0.11455972256033752	0.875629312127854	2.2861284323423314	0.2272477737492606	-0.4368527816281741	3.264341066878082	2.0820665817685473	0.9206804460102215
0.25043671483482577	-0.11219901534022012	0.8831042568002763	0.3805518419882591	-0.004410555357105411	-0.00616992555552603	-0.0013735765426236685	1.3336101837067156	1.9603147102649239	0.5105227697658568	-1.4843822624835135	-6.788651702460552	-3.314084120768993	-6.8545421056290765
0.2301244964633047	-0.11871186415104279	0.850899220209883	0.4570784686282082	0.13219757968069654	-0.11945583463985533	-0.03165852052019241	1.1185746107705359	1.920326621894813	0.37896648500951585	-0.7699075251403306	-16.838877029312275	0.41965717337263825	-16.167083148000568
0.1988169287157444	-0.0705123211420547	0.8498464511403597	0.48297085927344996	-0.008457496605021935	-0.01490195299744322	-0.019812664187248436	1.1660622685411668	2.5207052455772767	0.4347900135969789	-0.8770651128433588	1.5551467630067808	-1.0682576224807492	-4.7970453271443905
0.1862133586591532	-0.11031467015414528	0.8785115444761165	0.4258787677589105	-0.14249912115205274	-0.05121888689869206	-0.12521488765424382	0.970683150741115	2.7613124225553762	0.7731164882720464	-1.3039688822731155	9.237454086887881	4.325330280577289	-3.0628449230531634
0.2403261493617474	-0.10589334564983836	0.8534145794885778	0.4502371561703596	0.2983766336383322	0.005052643730486045	0.251505904919477	0.6460810546515636	2.116297767378291	0.5719090369815999	-0.9311622233233746	-9.15836980037135	2.751774234226532	-4.726285957515493
0.22160932226187066	-0.10920908126866394	0.8446371295088542	0.4749218928520055	0.19950198036988065	0.17468859149055072	-0.17974602702399586	1.382659326213996	2.6568120259697308	0.21665245751479673	-0.4195530013607393	-0.025131101025897457	-2.4616859858938027	-3.3926848299611216
0.21078643764622687	-0.12356774502927187	0.8798189345693146	0.4076993162443501	-0.004235201053167254	0.020338042556082323	0.015272515097798423	2.2169141700330615	2.1852750337840168	0.2252292385342918	-0.9698983177086227	4.8700728038129	-7.725241695675685	4.605198549024512
0.20639807583188938	-0.09922354107963226	0.870947699100531	0.4347466257718431	0.018306138186268653	0.2618461259563729	0.1613888844699359	-0.03287946155039104	1.8168755054601167	0.6361934322731301	-0.8442345617255728	-4.778885515547711	-0.19843327572712213	-1.3083751608651084
0.21829524225262553	-0.15410705315171422	0.8616221930994529	0.4315152369699724	-0.01298728664921462	-0.13848911270241512	-0.24349720203447445	0.9840585263143569	1.9840581871556096	0.6033805557828341	-0.9940414031439908	-3.3975414846161733	2.572311110427949	-5.865149843393891
0.2179429628722663	-0.10599274759695447	0.8504980586412995	0.4668184386232906	-0.001978741881608176	0.0008513534425316124	0.006114143932055122	1.7167920351411026	1.92075809263461	0.6994389807655687	-1.6397120315198004	0.8185796063271131	-4.698453241462099	0.6155136905305981
0.23001122827725584	-0.10437755998955012	0.8767471070095522	0.4092855606876413	-0.1239469223855199	-0.08155713475667883	0.10920435785211557	0.9923127721340513	1.644813464786603	0.2558914329029483	-0.6863509587184159	-1.1900960085658616	-7.002536781986599	-5.816482891740392
0.23887317636761807	-0.08283023195075313	0.8237099542896064	0.5075240580418269	-0.9660367638599938	-0.33266323298804806	-0.08883940839743688	1.4950762439540541	2.091582782024738	0.055581953024694916	-0.45253171484559007	-9.781520411341125	-24.59067303822523	33.35968597028183
0.21034773476130209	-0.14993876213854107	0.8494550480765561	0.4601068564870629	-0.15047083539772718	-0.368992724043569	0.1015701453047551	0.6400030644586124	2.21600583719366	0.23649508984374176	-0.007063512738018907	8.718529105702766	22.5857517164369	-24.581812546170795
0.2045300416504049	-0.07234366691132416	0.8861597043978384	0.4094567550081971	0.10601138322959158	0.0025925533776669156	0.10712393217392484	0.7128683266517243	1.9473933857958616	0.5508403637994154	-1.204166100615477	-3.897280381502931	-5.1006669283581125	6.97730286638792
0.25229097122552435	-0.11435980811628173	0.8585938064819232	0.4313789234496403	0.019210490326322407	0.02207607749927463	-0.06381782376694467	1.779600297574582	2.3443202238948735	0.38831625819775734	-1.1921931804937953	-0.7155298653369236	-2.537275123360669	-2.868363438746048
0.2613134640598427	-0.1462217680350423	0.8524696152696751	0.42852073823296327	0.10724103327297833	0.1853889831782312	0.18964686991881374	2.016560833060278	1.5488695463041653	0.5187937565967439	-1.7332462611055852	5.800903569685521	5.027027493161655	4.221684316111242
0.2261832380587101	-0.06701275556615881	0.8515994262871135	0.46811200642599027	0.02517947551435558	-0.16210242847974818	-0.1468603831905175	0.9101112964756606	2.5463633582523895	0.5186535626024413	-1.0187693640173487	9.236353407850206	3.0182722784097265	-8.494148098513074
0.20365944946540043	-0.13479876235322788	0.8765997396011542	0.41463841940017643	-0.05842170198038527	0.06411210489535908	-0.10791095488817214	0.8801220026132757	1.8635603471782614	0.3938647350114877	-0.6591315360716808	-8.784879551695917	0.7835498509493334	-2.813979909170426
0.18688670048160055	-0.14231452034533532	0.8752313846572134	0.4228356202982367	-0.17644499748602072	-0.12811356329895437	0.01588649227677961	1.0021608617904127	1.9121266587544885	0.6339160904417512	-1.1115203723706109	4.826066840300789	3.5652105208102802	-8.945770427130514
0.18836106289404875	-0.10440195017629163	0.8909337519542851	0.3998217007785742	-0.04308098432263479	-0.39877454332272516	-0.09139132966735171	1.1094128177728129	1.2028438342637162	0.43263429503409534	-1.1726212716197215	-5.607876741515116	13.743221586206145	-10.818287216364523
0.20687396450897425	-0.1121435968262105	0.8683427270267856	0.4365866293405072	0.0698789300162562	0.32640687199553925	0.17230281323900898	0.989881713759023	2.1636047396062885	0.8513874366219996	-1.6066511849958551	-4.127326635569889	0.3008977797681055	-3.468564536965752
0.20974364602708098	-0.12372209303352408	0.8773626495545811	0.41344313733962956	-0.07247531705165819	-0.029187556750513665	-0.0025851988967524643	1.630328303283667	1.7787763294440213	0.5769079980471297	-1.5190350135973025	-6.436594444250539	0.8330778409900624	-4.54046132955778
0.22361131207722434	-0.1517681552686833	0.8735087142433701	0.4049036111203966	-0.32666822698364084	-0.30432852870522975	-0.2861112615986197	0.7194344367604766	2.1100639709791253	0.9139865243804641	-1.5781740102596247	7.478270850156502	-3.7703322685112712	-11.120846499371474
0.2391253502209209	-0.14681019173440193	0.8617718358416422	0.42262884122449107	-0.12240131000189569	0.06227820844429913	-0.11239270975595927	0.4801639576688556	1.9508327796157838	0.8636119541998305	-1.3549801705209994	8.233064737815432	-2.415940575938318	-11.693061853144966
0.16921631497077919	-0.13617162765538607	0.86971145874899	0.4431987196395054	-0.0018802210268561948	-0.0009385592250899808	-0.0008150354054101347	0.932083023531037	1.7648880133961409	0.7733886311042126	-1.331278520146805	-13.00634001416325	12.674338613735316	-20.47012974112192
0.19103563488820594	-0.04725375659311255	0.8804756310297627	0.43131790115115826	-0.08246006533711582	-0.21891539433946938	-0.041643454601986894	0.5211395963291325	2.4714546755392757	0.9551503211854089	-1.909861138516919	11.21339404518873	13.754254122975487	-11.843517244821976
0.2390967265764876	-0.1094424244664338	0.8722821452410738	0.4122850593472284	0.012511128863455347	-0.03910142169977755	0.3062223189428514	1.3497808817308552	1.7774213764761706	0.4997303895842573	-1.3682493923966614	-4.579121100613734	-7.032602927298804	-4.482555221471836
0.21540785562240483	-0.12198283981859544	0.8686230835705948	0.42920109647373894	0.3524457803690125	0.004045999463840394	0.08059583742584174	1.0008554095090307	1.6890067589015374	0.7826338123286395	-1.606184321666812	-5.8333440063001385	0.4324177448929456	8.35196807931355
0.22612173232629967	-0.12856049963805907	0.8627670019884105	0.4335599847570071	-0.0319448242556595	-0.018469015147710616	-0.011518160123773206	1.5836736016558637	1.593981174167563	0.5692958410263617	-1.4861834365298492	2.0732292005683175	3.192042170240899	0.31768023463662
0.18829516466419427	-0.09441851594059479	0.8723232250298543	0.44122813360570495	-0.004694648630705	-0.03759132072784407	-0.10733427020651985	0.31365758226066026	2.394397316877824	0.47255563513629023	-0.5557352349962345	3.8335730302490902	-1.7429166513518268	-4.184606324766729
0.1833479144662434	-0.09228278754896026	0.8734336482564771	0.4415666331103984	0.02026419673867588	0.059452840961350346	0.19861783350779416	0.757806004377566	2.3733149341281656	0.6729340764307862	-1.149745610207403	3.7271324393316383	1.3216569052638218	-0.584334368333284
0.20105287476601055	-0.10828324739495844	0.8852347445211662	0.4052307083310324	-0.007835343476661353	-0.0034908961659640106	-0.021044512930099582	1.035500496414173	1.8859860464310643	0.41543135942111054	-0.9173143191214734	-2.2648434674718496	-6.571667983666919	-13.928390151931088
0.18904707771293086	-0.10922571432955691	0.8646657416769764	0.4524202702218408	0.003456848446651234	0.05824818448517463	0.00775499768087751	1.3135842713774222	2.5918792642612956	-0.11472173248046483	0.29611084423192346	-1.8644235331664563	-2.3110936804218896	-1.1012626946024813
