0.19109796089429437	-0.12016901702479794	0.8688317735980794	0.44064989036167035	0.16720391439584037	0.16895568141447903	0.18412491659698496	1.0647436774354382	2.0868540425717104	0.6518932678007143	-1.1779890159437798	3.040348726256468	0.8408144189408516	4.870898699265787
0.23248354485688388	-0.10905388418528064	0.8584845460303531	0.44391771303017313	0.3030878770515802	0.2055775983285765	0.5607439155427327	1.2167030899958733	1.8665761758984896	0.36401649846650963	-0.882615386194503	-2.629331756359199	0.7687410932588233	-4.793857725828184
0.22042044232473812	-0.11934764394909508	0.8665727141530769	0.4315352819579604	-0.1326487448816817	0.23383070806682096	0.3808161521523878	0.9533899076620632	2.3191912376679356	0.5109542450040929	-0.8716219454094022	5.442784328177613	2.4319096964892704	8.351392761515728
0.2191624076489206	-0.11680671098821188	0.8715739740791554	0.42270892946507815	-0.04616288807944955	0.2079057242903232	0.11678007683783619	0.9371798117915315	1.5021363392354519	0.7190893143790797	-1.5534909825360317	3.3594705062021855	0.6467330466727349	12.87972214468302
0.22978817871616408	-0.12408285846956224	0.8595574037491124	0.43927429564728254	0.18959741207256697	0.2590993378007113	0.5682096119341195	0.6185977172376365	2.229582948984979	0.6346092097766242	-0.935580492917863	-5.016108036276969	0.36279441474770896	-5.102666839960615
0.23835556303970204	-0.10713612168359789	0.8626721845990738	0.4330186819499653	0.1908330073227754	0.24990023454203802	0.698135205006391	1.4659078627302946	1.747792438484152	0.27391327462071274	-0.9201749722014818	-10.223024344754092	-2.3299617276930435	-7.183972644317898
0.20674723023259875	-0.07821970510528416	0.8700874729092415	0.4405508483827961	-0.05367691320391651	0.25892315701249113	0.7642916822633102	0.8486125322477217	2.03095306141328	0.3520748556903991	-0.7329997517526567	-0.9763769707702771	0.33781989743357205	0.899379812332367
0.21476554910243192	-0.09680934268649304	0.8640266190187993	0.44492888388402335	-0.023224982586508874	0.2773527311153206	0.25485480494054563	0.4346939793998464	1.3287683100309637	0.3573078218911073	-0.6145781577745599	0.9673248315746443	-0.8338804643455032	-0.018646215339957972
0.21808320348859217	-0.14725781332452528	0.8631359324459432	0.43098864821675364	0.07552318631299294	0.07963672464273623	0.1221789507544667	0.9869066043752794	1.5169436941852257	0.6235430441297385	-1.2298429471223509	9.119754719421053	7.904715577912783	11.484479089509207
0.2400718535950643	-0.09063950035361781	0.8642916156384388	0.4326083554719833	0.03318899061867178	0.14426226783706877	0.3045004460315296	1.6078088347463437	2.1898154662700153	0.18318951362391653	-0.7994182816359574	-5.175945781177818	-1.8720155016359377	0.09571382326250481
0.2031517168656464	-0.11312678571913914	0.858189170786006	0.45764949189638976	0.25970406950453806	0.35268546619648	0.6296271671717187	1.1295925464664973	1.7135343339097941	0.4053745797916294	-0.8380214881449859	-8.615991113508569	-1.6942716996954654	-0.7006770620037998
0.2406072785061415	-0.08551710047505774	0.8673917442795457	0.4271141826396004	-0.059778220815713996	0.27349685747281743	0.4362520360504647	0.8117182761820296	1.9314675862929274	0.5094680917502353	-1.1051851089216622	-5.177278214118412	-3.6900697362351518	-4.582373479967796
0.21692771872071534	-0.10945849001232213	0.8678006749468036	0.43345494849721233	-0.2676838182098197	0.1242241435810376	0.5927455403507734	1.0548555254905685	2.1964677847132923	0.6114406982307116	-1.1973885822809496	3.3437170588439713	-0.986958851177688	6.682250309368051
0.22019886030446786	-0.1103844351155685	0.8585611431709743	0.44966710113347164	0.13302899406408394	0.29421209567871826	0.18516354043750705	0.5735558644362307	2.4738034998138883	0.8580647149228481	-1.311921567817037	-4.768494909329446	-2.0116213494545017	-3.1322181488630356
0.2132706044905647	-0.09538087747507536	0.8760654107417533	0.4218145725009949	-0.034327711463022624	0.3012426214966743	0.43894698775629104	1.0841658288496854	2.2175444244315883	0.5351955770469228	-1.1582712725653164	4.505675690779753	1.0297471506360478	6.167597920018266
0.20891666291024813	-0.08881938156219875	0.8793075038684616	0.41866843570774454	0.1284979069501553	0.19675801438828602	0.6419856550359723	0.6512167796700142	2.4750880660541026	0.6170232042408054	-1.0957773252604672	-11.78824425999297	-2.420572813889539	-0.14410205616071056
0.20139031392590298	-0.09305248730044484	0.865443155994717	0.4492118874272256	-0.00711602257787317	0.3805123657507074	0.5082258308374773	0.6031879598926905	2.202927745532675	0.5184210751350231	-0.8128731410571185	-5.975813040952192	-0.8894568128643069	-7.1250930910721335
0.23099725507779176	-0.11149377652332805	0.8353800196717058	0.48615802850142487	-0.0011464816096476772	0.08829658711952082	0.24903158676338635	0.6736522696772368	1.955653466478167	0.5229594060456901	-0.7701990949073302	-9.663368933404259	-0.11522254334145744	7.966348425294714
0.24059120501959255	-0.10367328754011461	0.8561403598670864	0.4454115015628818	0.2365154450015352	0.0875536695894073	0.41867698257179037	1.7030752759180887	2.1050030307503946	0.5288690002461226	-1.44652403973612	-3.345016163921222	-2.6668205905537268	-4.413787584746321
0.22539361182019216	-0.10318456149222129	0.8687276300962745	0.42879245647237874	0.07671376137143736	0.2796588869931496	0.44363239030292423	0.9975539064987938	1.7842956510256267	0.7029079573707554	-1.519070748092828	-1.5226892859474754	1.43549376878181	4.075528786172721
0.20837774565557202	-0.10106700405018683	0.8635106893505501	0.44801056369817766	-0.007890312798530398	0.21887121668321444	0.4876741586558993	1.1843678904705102	1.8992608972725105	0.2867835295990011	-0.6751714582075946	-6.9506680122157904	-3.57646568501621	-7.02739240646243
0.2363342670707379	-0.10590185627339953	0.8626694107208841	0.43443342280776226	0.4502739798502425	0.07441982717200986	0.7012201010801503	1.0227256792434518	1.7931413731707682	0.21359066689683892	-0.5433888052642836	0.35766670793807426	-1.7430421742661795	-0.11912243682273636
0.22607307383653738	-0.09196788426711659	0.8730966538335471	0.4220605485166707	0.06581349668043586	0.205049668125131	0.37782897075391975	1.2136468144146926	1.7983813800713657	0.24395726805412216	-0.7628711349689693	-3.4850340335454972	-0.5103324762013495	0.865150888163082
0.21049816782341335	-0.10612004196623709	0.8666237803179011	0.4397638928147474	0.3335703445594875	0.3177655381141887	0.7166480028455484	0.9500065442267881	1.8511521989039945	0.5876835939035431	-1.166150459610239	-6.22628151874179	-0.874505999614175	-7.466835136518277
0.20534543360061716	-0.12522746345645316	0.8643217761241431	0.4417003538749363	0.09073480145768685	0.19782101446775532	0.43822447881705645	1.3199432542506686	1.9056883845274324	0.5480636814080364	-1.1458065800566373	-0.27340246545863295	0.32914352843781386	-0.9477788099187608
0.2170580176559194	-0.11201261005806443	0.8733600298695133	0.4214039040939054	-0.03172577233323585	0.2477051693539992	0.3874540072347521	1.129915131699753	2.04895204775709	0.4656158517825449	-1.002361254772531	-3.8098055567130564	-2.2734923956514863	-10.363368829007328
0.21829492614381105	-0.09412176275608737	0.8719846923140389	0.4279382144253372	-0.07184568505261331	0.3821485852735313	0.44715862228802616	1.0208849888607692	1.7044161041596846	0.40174988231907416	-0.9645109940152977	-2.39428839179314	-4.002251595047038	-5.001083499317943
0.21557122335586076	-0.1059122241472205	0.8709341826824116	0.4287018752844055	0.016922598769261044	0.10225822298209891	0.6107371354621013	1.5569235014541316	2.23544854336776	0.49468987324816377	-1.2356113366018158	-0.54267596494139	-0.4739347985392664	-0.7306510784839008
0.2335228045912809	-0.11120735543448823	0.8763592889647336	0.40631812718400395	0.33571853106254584	0.38869807173107507	0.566508942775593	1.2180072792561867	1.894581464131107	0.4736072066369863	-1.2029764948657817	-5.087307059744988	0.8562053186403329	-10.357813234474378
0.22744005822429553	-0.10000726430445454	0.854957051091802	0.4553218727336497	0.0807233074249556	0.2692772454537263	0.4041849893362663	1.0193679390563906	2.040139260163984	0.3957086353569801	-0.8041130178527399	-2.2329111843855043	-0.036416751226365944	-2.4606572885294313
0.23211421025079285	-0.11273747379141251	0.8675300734271566	0.42521150866627966	0.060875551593022374	0.25643215315232115	0.4017687927385172	0.719822485903039	1.5320745785699732	0.7340341727917681	-1.48433313102906	-2.301655330425729	-0.6122525075252417	4.236024898919369
0.23201995351407792	-0.1227896653901647	0.8611408298549484	0.43534573662943715	0.3044038675257177	0.2411141022219021	0.47766000543400855	1.3867689126264275	1.8173143292378307	0.6276841219636682	-1.468109165072821	-3.0944009721092005	-1.8519185433824468	-5.608017009644502
0.20797964463956398	-0.13148087848588097	0.8629978947117916	0.4412390278876033	-0.11727193995368405	0.24609451466829682	0.9758544382011601	0.9178687434995626	2.0582259167167516	0.6387612207099176	-1.0686503739256294	-13.196951907943069	1.2402430673310982	0.6116568162950723
0.23068360857335693	-0.1216358165203527	0.8597616243682259	0.43908968348016436	0.12569142322650848	0.1559078041193599	0.37128201430176216	0.4452729246829525	2.5908149325332634	0.5421250294163121	-0.5777397664756811	0.20030244618930945	-3.1076090833593173	-4.091062462327322
0.22576423982884825	-0.12135591352699329	0.857475731109535	0.4461374461135265	0.04916023901383309	0.07702006056503534	0.1470692926384667	1.2484019120055596	2.184955919257671	0.3205267065631052	-0.6534557044181285	0.15158440188002498	4.1051771508084665	6.663747656652006
0.2083214574785074	-0.09929385012903602	0.8699019033441948	0.4359054716778974	0.07717147027778427	0.17029561708127994	0.43038427648168115	0.9320586235793035	1.777172968695538	0.510518103895825	-1.0594180729263976	-7.127910871021855	0.33438965386719127	-3.3593134146564254
0.22884590417623304	-0.11128384773099073	0.8696237907415504	0.4230838214257835	0.2555671663388086	0.3028535434143047	0.5593363302463791	0.5965030058133833	1.6958231852598602	0.6177553920240879	-1.1463551707333743	-2.891770613692836	-2.638658377705465	3.051251936884482
0.22098033546152168	-0.11388330263212568	0.8587816382431905	0.44798703389412375	0.010706589927595017	0.26801107414760994	0.28932208912715546	1.1346394539005924	1.7788290581724149	0.4333675799147142	-0.93824635006768	-1.4229632555058733	0.12505885402340952	12.286312886096312
0.24220555652538225	-0.10381188751645609	0.8642574403047976	0.42850745299971144	0.3065967050786714	0.31271808688513614	0.3065967050786708	1.3414915920557602	2.2486300308537355	0.4542657030690842	-1.129699612370441	-1.6611290002841395	-1.633594326807958	1.896191121623222
0.23788485397958448	-0.08895084951114177	0.8620959637777739	0.43850780136324735	0.348976253087286	0.10224619837495665	0.4081483132250718	1.0362814442758155	2.226461590932734	0.4384199666437925	-0.9724572573017181	-3.83720190598496	0.7382210987379766	-2.1176170037917976
0.2164988384023274	-0.11538786544861061	0.872507162571263	0.42254602677045716	-0.06996717912754223	0.39975729480000005	0.5172449489958323	0.43759340607643404	1.614814844337107	0.6083472778693388	-1.0394034154191512	-6.192067638508404	2.5671591514409053	1.4515632068219533
0.2170931135920218	-0.11054267422584223	0.8723811669472895	0.4237947578269535	0.07151943947835705	0.16073811996999746	0.24587949559144243	0.900216344158999	1.869866718778199	0.5935424691401774	-1.1952152876519815	3.4777650600796854	-1.3262366502507674	9.974535679260688
0.2431653256474891	-0.11483941505774177	0.8773665009224509	0.39737961222367846	-0.07813364993715348	0.3071567775116455	0.41951152271692665	0.19308316922738927	2.515530688618076	0.718636331807964	-0.9778471033810981	-1.312279788055551	-0.7695969333897582	2.111253911937086
0.2405612086262903	-0.10773415377694	0.8680582647663496	0.42071190378340767	0.04902988182721188	0.4775878452135061	0.11156982884936606	1.0267712848686767	2.634211010323471	0.7260366931012376	-1.4105828569076122	1.9038382823120334	-3.250632747401459	4.849628200329454
0.19907688094927584	-0.11024880862209102	0.8630653260005626	0.45092331800923763	0.12953593209881017	0.3520798855299705	0.39833404820828133	0.6950477232196174	2.422331364710329	0.4026468172880599	-0.4852694098723565	1.7504570242591855	-2.5212707837838613	0.9180803846381141
0.23021054759972942	-0.11275377077505343	0.8481941252559017	0.4635260692034648	0.18199089179905137	0.37254775885722213	0.4917869103891354	0.7870427489666562	1.5658680719412528	0.6743677676543502	-1.2439921498991673	-4.701560100761964	-0.8388300986727812	-2.3964928428197654
0.2076221600805024	-0.12994830573254307	0.868549367645515	0.43084622830346747	0.11648397827475389	0.3195974205436247	0.5367878560648356	1.2513555717600717	1.6280336753921396	0.3770257166335523	-0.8720382171905612	-4.05516491059134	-2.638327360517058	-5.49833329907171
0.20766423006347728	-0.11262760967987971	0.8688319048677806	0.4351111469196851	0.06397826412344744	0.13909258585054537	0.5822684859423379	0.923688104152382	2.0995398942521146	0.5328978291094043	-0.9614772183547011	-3.215584293218182	-1.8912118032230951	-1.218050058813114
0.23201917591254015	-0.13603684793229878	0.8496787920010748	0.4535493671444209	0.36597702616907046	0.23387036408295614	0.46600476145676745	0.7617611915601333	2.0382079483506614	0.6958490891041622	-1.0819550597511265	-6.2678193011646215	-2.1163304476631413	-3.051257397503767
0.1782297360671232	-0.08019270736243306	0.8810452229768266	0.43076978298975477	0.08798956838105498	0.36448589763661765	0.463133879709313	1.2139337157940335	1.334121386055368	0.49770882624623114	-1.2718539816469137	0.4817295688270479	-3.6107559816365016	5.266027766737261
0.21076183420545277	-0.12940201940948418	0.8690222797543496	0.42852636313960124	0.13139749149907518	0.24658472540384588	0.062192996764553005	1.1592128969362347	2.3215623258962412	0.7222160694853146	-1.3336981982369018	3.143659363482103	2.0425299667080714	2.5658502845330013
0.2275237454247012	-0.11583540714009376	0.8742000560293964	0.41302465514640246	-0.052530907754524785	0.29756331275868847	0.63088426423631	0.5955503522478831	1.9898089058327753	0.6327163727436205	-1.1092127426027687	-1.3749040607825354	-2.2616625060904982	-2.406186485921163
0.20924888433593405	-0.12351388568615791	0.8698929935177986	0.42923816730984765	0.2862142707693633	0.1928197704068277	0.4496231162137891	0.7248703353126028	2.103022018001454	0.7036252184498349	-1.1741838769281567	-10.08705764265294	1.8905109942524077	-3.766713226337815
0.21243211584561628	-0.11775016121091994	0.8685545327842518	0.43199597136094586	0.17079515187144326	0.2690865984453457	0.2596216135842221	0.9980802291028408	2.1272127578044056	0.24995326205658017	-0.4135285981285014	-2.6160666708700933	0.12832871151154138	-0.4501822104866268
0.22222192009348546	-0.10425561547643995	0.8682826431186795	0.4310840249074801	0.14401869252314017	0.16293692041855015	0.47641205480490584	0.9604661181559868	1.738447087649129	0.3906381970902699	-0.8614982200225028	-6.8189678250994445	2.2220317765646262	5.663132806476178
0.19063308309102134	-0.1057671666348979	0.8772642062788898	0.42764453284837756	0.14101837137898018	0.17062995866017172	0.5117161464278478	0.9933637332411467	1.9403873986655897	0.43332746812652456	-0.8518322185160743	-4.652117241472441	-3.4292660508642925	-6.709766397261741
0.2359362832853554	-0.13223353906522395	0.8700757132183745	0.4120881151444621	0.028719391030407937	0.30405175860325756	0.4198419723938526	1.2077584841014712	1.5274801742841038	0.3953419017956281	-1.0360583332231568	-2.1428222973297744	-1.002036231061062	0.4588382041632783
0.2282625222667194	-0.10389709111182362	0.8650351479268114	0.4345294100957685	0.2792871947065421	0.19570899280231804	0.6557596027240674	0.6702963758617388	1.7055955630826405	0.20483353753211092	-0.35207129756456784	-7.072766566907229	0.2150891623545824	-3.7964306450493557
0.23701868825247951	-0.13248593863300176	0.8841479202567023	0.3802000428581703	0.13468171815128963	0.29910182976215244	0.527690947016899	1.075487822593955	2.2136849661390365	0.4293977165268585	-0.8976318830230883	-5.103386835491278	-1.7966023974009815	-4.541569618729676
0.2243773533381459	-0.09185162811350062	0.8723657288378421	0.42449513174015163	-0.019814057268565353	0.0377939292741953	0.637646875225537	0.65576637855913	2.1259843379841383	0.4933336956708745	-0.9004376777158364	-4.750526416778905	-1.9255587201812168	-0.8895150011641945
0.21130597759238007	-0.09622163364081	0.8674757787085443	0.43997381104700656	0.05216754788680774	0.19940089409589204	0.5205882270562882	0.33759875478210727	2.3034432149131714	0.7197645288126603	-1.077504726396816	-0.38107093340477505	-3.654834384061204	1.0419471203945245
0.2377563719493123	-0.11316147850053154	0.8589843065786632	0.4391040291692246	0.20490463443019044	0.34414195774676776	0.6424476347719057	0.5787718538136846	2.231552268557822	0.6470122789371336	-1.0039860866061325	-11.086332467322508	0.671238593482358	-7.774334285824698
0.19595482174143827	-0.11606286414285251	0.8708927459843442	0.43551916650715555	0.17775010094379876	0.2619942351907452	0.4817295863162554	0.984878797253424	1.9600030192048348	0.5762503483581836	-1.0731110573605032	-4.252922899257805	-1.2328489660830877	-7.765472654343214
0.2321029515777992	-0.11234096808870235	0.8749978218429183	0.409739598437734	-0.021919856431685137	0.13430386515518958	0.299706905828741	1.4936450453407781	1.8168710292818167	0.3807915352204174	-1.161132922029989	1.2692039894737392	1.2793870256352684	6.614490837904408
0.2213137196263622	-0.09629734217473256	0.8793481690587471	0.41048003236242264	0.14925052581705353	0.24047418425328435	0.5211763320105036	0.9684737670580209	1.8799787177758844	0.5441186692803941	-1.2467581687672187	-2.9619472905382693	1.0349470459784291	-4.883330237538088
0.21810080983788335	-0.10113942249563712	0.8679890930010284	0.4345086747080666	0.37503970022646227	0.3765284983205531	0.3256399973143313	0.9634217299478771	1.5767354878162785	0.6143154567168237	-1.3437523642890818	-3.1624375947529053	-0.15969215516153074	0.07176986077480974
0.24021299942943944	-0.0934853392929905	0.8690617068976894	0.4222439530016519	0.004911067481565116	0.16949112488043527	0.5923918691015334	1.2653613341331698	2.0540879939820558	0.4846576367436144	-1.2626030938716974	-2.8449174260280152	-0.8339063582472993	0.12133169826513224
0.2332621356241526	-0.12361040152848571	0.8623992792569416	0.43194528340419874	0.2519537196317401	0.2684625493875537	0.6681502823384545	1.6341415812713542	2.1466476660572695	0.5086308288563465	-1.2836770228435919	-5.088234344332684	0.602525156645442	-0.3253622612197074
0.26132476357236384	-0.10828606297346159	0.8513742733535582	0.4417525814087068	0.12403077366320404	0.15792752538043703	0.3958509228792943	1.9980441275173038	1.9664413081925276	0.0758745491077112	-0.8461701792860115	-2.4357879290281335	1.300036853056817	7.254498806232342
0.237483473271381	-0.10809245401684299	0.8703362228279188	0.4176511469410915	-0.004285713971116823	0.16108604354462117	0.1044015897238465	0.9191469902848344	1.6352524072772108	0.32077636754388883	-0.7678826420320557	-3.0039341828215034	-3.9479601239232704	0.8133416172394575
0.2114329393160616	-0.12221353419358215	0.8690077817717187	0.4303317783435028	-0.0025602206925551016	0.2534984206653645	0.36706486993532406	0.8085981835051411	2.4072743552811384	0.7645037229270052	-1.2574541216352233	-3.6886123099626626	-0.3659327727944639	-2.1872721983032095
0.1818753266043783	-0.12698505523149922	0.878508255378422	0.42310685004188353	0.28744026058819566	0.2821771727106613	0.24211795675084793	0.8628541094958363	1.480899669148191	0.6151681564488627	-1.2037386077139296	-0.9697733341686628	-1.2876402560020905	-5.305570064964219
0.19565367240656859	-0.13049995198241757	0.8829258509853458	0.40636356218073105	-0.09215490456661062	0.016478003271818618	0.3601707125404691	0.6853360319794543	2.1072825691754944	0.636578791628499	-1.0363628728331964	-0.7823934707610928	-0.2864285209272804	8.721646816371402
0.2126615602374776	-0.11417015577645523	0.8698021851302781	0.4303305648799944	0.004402365149410761	0.07517874220651509	0.3513114150750427	0.6855033679229963	1.7715222859646658	0.6740375851483711	-1.2311572732237521	1.4589535003006937	1.892822138122816	4.119168188410235
0.21705050475808987	-0.0785084798885198	0.8634609091033868	0.44850948197357565	0.2543911645203895	0.14794295224588713	0.3808216169126492	1.203626186145405	1.8367095740026775	0.17143233473641703	-0.5910142925542734	2.0312957428552463	0.4459205841347907	3.4056508074623952
0.23304341279523655	-0.13845007917424895	0.8635570468279923	0.425195919786526	0.15790507427628295	0.30599335593081994	0.4805812820095678	1.8118644439846885	1.4150205331417978	0.2947550303084249	-1.1309401850660514	-0.14422010134426236	-0.6546419787672377	-0.8439312139992045
0.20899896824766015	-0.11888798409920932	0.8629613875740028	0.44439028124452873	0.15652938876570385	0.33284129209309904	0.6124990215342407	0.8087615327942621	1.9832557899162462	0.4566956868748777	-0.7366402924564549	-3.0046626812288544	-0.7564390077539258	-4.157552929068479
0.20191142845224078	-0.1329988607561658	0.8661708125271235	0.43736849637810066	0.12670995962263118	0.16738704354457967	0.558138959856629	0.6823510920439154	1.9687575194403162	0.3821521383724349	-0.4731502301298964	-1.9278158476750933	-0.7339607468048087	-1.5200661657875953
0.20202750820049245	-0.08643053988004694	0.8574679731674855	0.4652561903923343	0.1853041984677428	0.28072653811926335	0.5792005935111789	0.8360212621685061	2.1587352810313916	0.3541019681046558	-0.6146070474528693	-4.343634995929295	-1.7463218749704372	-6.178260930076518
0.20439704878316314	-0.12617373567565693	0.8700879303419499	0.43040565557116534	0.37355303157398234	0.3566395256921077	0.5357514702546338	1.0983239798756217	1.8775481989031981	0.5045814122618888	-0.9912209588543894	-1.9838520034949958	-0.9379322312215402	-5.195107284810102
0.20703501112364428	-0.10304144599021914	0.8723102663496131	0.43080594680011597	-0.057155744425583355	0.29355817517056426	0.6127717881621055	1.1681653417182774	2.144679457431506	0.46781508648151765	-0.9956690661183392	-6.120522042892165	-2.4332810818248767	-9.565306935782749
0.22985005921827423	-0.09285950132881479	0.8585848232994292	0.44875178494375645	0.0689459403746323	-0.1907975548198263	-0.38424312960228324	1.3769827108663681	1.6865547376127699	0.21161306130425284	-0.7611661948648882	22.36116654364994	5.085338151277073	-39.05096570981138
0.20883187151046212	-0.09865593828864928	0.8754636605458155	0.4245228313595691	0.10599500896152979	0.2040719755308096	0.4125087630445079	1.5820032474085128	1.9866830914921616	0.1830587411440829	-0.6940401511313457	-0.5891562244871859	-2.6032831513288346	6.038498347294598
0.20685857875789945	-0.08292969231477794	0.8708342539521681	0.4381551057221737	0.011358772428839611	0.09233393954699932	0.09368681991514015	1.0490731615281	1.8543105321743691	0.24427861635737505	-0.6298193592761858	1.8721251616350285	-1.8803392179492422	4.071031709415625
0.1848374784875487	-0.10702865780885076	0.8813296207407322	0.4214713187857482	0.03009049809546577	0.16162520211428585	0.5534477177175415	0.6534586061811634	1.9991947232528775	0.7327134580865656	-1.3110609491844978	-2.360374402900342	-1.7562198146404449	1.3686199951410416
0.21068367168414617	-0.10822882426326214	0.8536431451715204	0.4638882330755474	0.14293797423650648	0.266900463784407	0.39787332005165754	1.220584985770741	1.8598028315193558	0.36618791032919257	-0.7943009238285347	-7.71548863348104	-1.9623552431040867	7.172592992908318
0.23220460646726768	-0.12202663917371964	0.8527612863350768	0.4516510916575909	-0.0689369766578015	0.07778914066060935	0.19241089512927714	0.891186400875867	1.8993320752381362	0.21793114750144657	-0.3564958135561978	9.68599254093778	4.524475359863459	10.63806795694143
0.22054962766878441	-0.11772763587863473	0.8531588619718322	0.4578406073346011	0.1691447104419159	0.32911378018892995	0.4867207093418288	1.057079851694184	2.03541477781455	0.33139486511782185	-0.6033682016067322	-6.610133848194569	-1.833052390732206	-11.518718887658736
0.22359434860416846	-0.11898611035861732	0.8546235781371895	0.4532840307202446	0.06971381599784396	0.1407565686308352	0.3040779946602729	1.3275157888719586	1.9871946450909317	0.3077475229748917	-0.7134263156448476	-1.395571045945526	-1.2019655410345484	-1.2212683752129652
0.22570202813543724	-0.10660541996279393	0.8650339991037312	0.43521265988561536	0.040775574838676214	0.2663499920003563	0.6363639260159885	1.220459024929479	1.57636574023039	0.39687801574639414	-1.0356406513231462	-11.151555456149245	-2.4013821647658413	-10.918622445040322
0.22096743398181565	-0.1005413389717359	0.8594386114745707	0.44992233261300163	0.16244720667168897	0.2667641801393176	0.39342379897848573	1.285747129330468	2.1704541660362824	0.46096466882982945	-1.026974384938901	-2.2744084847147477	-4.197499537386244	-0.9075253697745201
0.19731652833312588	-0.10208869399842015	0.8779225696752203	0.4241415422463563	0.11252576344842256	0.19017948953356267	0.25915937358301105	1.0514051654355654	2.3012375854770997	0.8705066819278977	-1.73707752522736	2.764796010120366	0.4726621347133813	3.5373424263309943
0.2046415354708226	-0.12410940856743466	0.8602505279844996	0.4502085358670749	-0.10870327308448831	0.2729580235047248	0.37790996685878	0.8307538599104406	1.6068872379111356	0.4627895612036072	-0.8189357947638971	0.6362409075253702	-0.8435692199402598	3.8106534568883372
0.2170296275428718	-0.09998453354455465	0.8817145431119944	0.40679318859254177	0.16659907791674114	0.01912840196250933	0.12778971031619926	1.0622213495750714	2.8331942581195646	0.24995102057264393	-0.41210952428132236	-6.598215129422641	-2.90889770226269	-6.80897616462211
0.2132723287759782	-0.1312846846494293	0.8582691574837178	0.447943410116903	-0.015138713982672835	0.2944783779359828	0.5291710327311018	1.2069755268630484	1.456005617351022	0.636030338015539	-1.3665754458825352	-3.7996338575184097	-1.2412764063365047	-2.006892098790041
0.23688536362906273	-0.11406199456056464	0.8735160872648551	0.4096887003380624	0.28944896860484615	0.40151586173474324	0.5238434185755346	1.1823626457566512	1.6270935990561632	0.4145496609613812	-1.1145307680675307	-4.791202152095202	1.600111897832303	-5.137572439268474
0.2060664742409943	-0.1126331940935612	0.8654563617118026	0.44253322785383864	0.006780989406695685	0.010307979054271206	0.03522735939480217	0.6875952558029864	2.117393544123038	0.6753135939442371	-1.1019646602244682	-4.192063588895238	-2.8991892693596397	-10.153376617818084
0.21456940727494642	-0.08456176465408144	0.8679734234503548	0.4398083828261315	0.09290782654962944	0.30717722953939824	0.25098704771468866	0.4966335111664945	1.4516967469804676	0.5146481521167838	-0.9788472769788176	2.6071544610537942	2.3180166679328775	5.139913014765386
0.2117666521824263	-0.1127950212593178	0.8674000711385688	0.4359464242213293	-0.18795242326736408	0.21357749503392479	0.7121116386210679	0.5446407269766205	2.30525845949916	0.6169590622097201	-0.895672906583285	-1.5351768328983004	-3.0923260771679577	-2.7200073199456924
0.1965813536079675	-0.10203926585167936	0.861591236829724	0.4567321975253508	0.00093743149161599	0.2341653235142671	0.7350619084395261	0.990440786098244	1.8100824018129722	0.4154449883506568	-0.8056065990728004	-8.375923190861249	-1.192451459297063	-8.1591202749155
