0.2148552542954002	-0.10876124147007338	0.8825485414119079	0.40387657038662333	0.16567417679338756	0.04528725701994298	0.2767616469733785	1.0575498932961795	2.3320008711122786	0.5201594206705169	-1.071254960402915	2.184494005438836	0.7280289742484393	0.4049658503686194
0.2138464599428025	-0.10946761305305268	0.8663101189023471	0.43794213219305544	0.021921959260785124	0.17042994002933917	0.004498223151342097	1.1363735542011757	2.2221681269248736	0.5469504466363796	-1.0813819743015491	-1.004357213811306	-0.9497652453904735	0.700885173186785
0.18585985171328034	-0.13991474326838174	0.8796934009147436	0.4147523363699263	0.24188674243418626	0.1464084813092242	0.16842098556694599	0.9934041189965188	1.7390626000724245	0.6907217499111692	-1.3235291574266346	3.2689045687767546	1.5149967476937665	7.927660759927753
0.2189830241126656	-0.11326563883430665	0.8746296873589956	0.4174209388617608	0.18768723962531395	0.26924932729956336	-0.12868219772971093	0.7064146991129149	2.1746480705605125	0.7274695042237139	-1.3047892390475375	2.6266574378136025	-0.1742759557328557	-0.816815421452703
0.2155907185939765	-0.09637872336050834	0.8746170957924632	0.42341081645027556	0.08416599992694795	-0.05293028760322411	0.3153985057919464	0.8438017168903269	1.89160129240079	0.5091402702548236	-1.050772602074166	-2.323158112170637	-0.2987904224580642	1.0772116878925069
0.19232705540286843	-0.12054858558044244	0.8774488167257342	0.4225658721444809	0.250021080439755	0.1248047808855951	0.01767878235441109	0.4871009628114199	1.8824142380473783	0.5419391381072255	-0.8100137706834074	0.5257640514864342	-0.840615628489504	1.3344134720079162
0.20460319614655934	-0.0844649321734255	0.8766317753371475	0.42722352209211534	0.1636320680755279	0.1149660393875616	0.16193254258823933	0.9405477660991505	1.9305983710586816	0.35211654963948114	-0.7912667659014258	-1.9253118721894007	0.8003092647432034	-1.7039969298765516
0.20567389241472023	-0.1205673987919707	0.8782362849874611	0.41456336072901917	0.246020275710378	-0.09844317715612542	0.2726320257369787	0.858060667061854	2.042629455434468	0.7462787012436576	-1.4126072074981941	-8.897150683777639	-0.8647985166397384	3.7288471232297944
0.20021593643807478	-0.11715710550011353	0.8655568829672015	0.44384577701625394	0.05429829574520195	0.15284834167640254	0.033732580056258905	0.33871401943926277	1.9579880913161698	0.6656674692052085	-0.9341010062762956	3.3079674089160425	1.5369824502532368	3.2703136671646114
0.23856874543966114	-0.10162366284728497	0.8662923713746894	0.42696031682916935	0.0868706312226819	0.22501444296459175	0.015414609252448246	1.107991115767272	2.581294377811192	0.4664915355552845	-0.9512113970336838	4.223208302225488	-3.780590487892488	3.0334867001565775
0.24329588098494095	-0.08704617133741006	0.8619781836359262	0.43614640808674493	-0.009810588931863255	0.21300144079844788	0.07949419349578034	0.9145968807656625	1.8908710245694624	0.4455195126661992	-1.0133126463460769	0.8099766356971309	-2.9131162260148176	1.1489346907981
0.18432161985959655	-0.11001141381421103	0.8812850060287596	0.4210222885214297	0.2301013307247365	0.05563464056906598	0.0756475436837302	1.215368441685663	2.191294859535613	0.5629366913866231	-1.1378468856393935	-1.8409223698619115	-2.7435480821218747	2.462444586341767
0.22488879118470584	-0.11354749935309397	0.8584093589441548	0.44683931056614296	0.0516408762750775	0.13330263707949322	-0.0350933807618777	0.7968969197649355	2.1907842423996025	0.5787528439472065	-0.9561870683593277	0.5193952345932776	0.011753949109185416	3.8150332238391
0.21653621124551434	-0.11304575112933912	0.8677758038626744	0.43277925273923534	0.006317599404625708	0.02152408168097422	0.0865069112320188	1.038648665364431	1.8210804033288717	0.7225337928969937	-1.49276330510785	1.337942514350256	-0.40195175992600096	1.9827824765451838
0.204884611301538	-0.12373037482739048	0.8658346327716517	0.4393671347404925	-0.18505663204661052	0.08495006211121701	0.1449814096277902	0.6913945533572747	1.838215702898261	0.5266185413481934	-0.8425244595616065	-4.372880147015876	-0.889241017975167	-0.1789878086763529
0.22069499026680195	-0.10344771289281232	0.8724985092619834	0.42348393511914845	0.3187738609667415	0.08934396042816416	0.10068431592650075	0.8447016212224167	1.7756792150830183	0.45031109873966674	-0.9342201486003603	-0.49238028542855394	-0.22943399220888014	7.282642389508509
0.21324270055424616	-0.07954131164059065	0.8670909123614556	0.4431185846960215	0.030865757726550883	0.09107264728258774	0.25829327178991995	1.143365342805639	2.220609333007473	0.2888757762211145	-0.7168864176885323	-9.352988385445732	-1.0439707181688107	0.7712402647965092
0.23457628943945963	-0.0983599564562522	0.8573242751861737	0.44754259079470954	0.013812014778911053	0.007178680375368638	0.017002215686987458	1.045946898944942	1.7959305060042117	0.49374024772644415	-1.099341618581691	8.417886612791118	-5.764436608609024	10.06821144998323
0.23601188274143184	-0.1340077867922789	0.8754738111036164	0.39985736251267057	0.18516864159937182	0.2498298621848375	0.049437159850956626	0.9169302600506575	1.7430828987096696	0.47369445581517017	-0.9941716306002905	1.4532692142932195	-1.8030024898424262	0.30752441141308856
0.23996864154173855	-0.1412803011261794	0.8566847970254804	0.4342189380205798	0.004932364693261047	0.15900253714722049	0.3574235208030174	1.00650174721682	2.325571901631124	0.7094616709677217	-1.1992945042890768	2.040536645068409	0.8140262289895145	2.2206690593192784
0.23142529994786046	-0.11058741875433077	0.8671745533660948	0.4268735730302485	0.08959752117362914	-0.04681754156481257	0.1299834591846313	1.130419783640201	1.9204527735899282	0.4035421973744371	-0.9351043784790302	-0.4453099573391078	0.8112160978093019	3.9557102833287643
0.21713606406177047	-0.09800850641516097	0.8551858820041033	0.46032963143262445	0.11432593401869574	0.1624129664218285	0.1683105723659092	0.9747704967542955	1.9064562448100926	0.4364339383736201	-0.8646869879196503	1.0501377652693906	-0.5648442341919765	2.946232510642025
0.23482365749620351	-0.09298975392447915	0.8642324799190486	0.43510111031591453	0.16566929801930963	0.05670215718857404	0.20933721533471927	1.1309931191687659	2.6298635475290926	0.6024411572187788	-1.2449584227025912	2.1189970781200294	-2.2585353070042102	3.644825951412558
0.2113502750208648	-0.08232054878482226	0.8713380580755479	0.4351142114956759	0.2269602756851913	0.18437020199869095	-0.1727735186580849	1.0848157447197446	1.869452864475299	0.45434462000604	-1.0830937411483192	1.0373489613738742	3.0940656654749685	9.492204922969401
0.25222502003975866	-0.1011975210893214	0.8606986405052808	0.43051068653830316	0.12485854128439178	0.14126970923884088	0.09698582190721423	1.4686430999533948	2.0706410405285456	0.32696469088888025	-1.0273911280751278	-1.259188462231712	-2.3092755031495757	-1.7422521317625799
0.2102235736414261	-0.08444430816560358	0.8591675244036131	0.4588097349817539	-0.035590359486458806	-0.011116315260071888	0.05006450724492134	1.0733111060499565	1.7090627669246097	0.26228094413564834	-0.6683771495427719	-0.5557294173992667	-4.274107465616325	-1.490871187501379
0.21071275701622205	-0.11297111094433086	0.8724872181878855	0.426149875303738	0.11577202881945185	-0.08293622647158952	-0.39661954334796085	0.9357337236948744	1.6263288125172146	0.6361862873133389	-1.334054747062987	-1.3838848995442072	3.7824131953414093	6.349180124411738
0.20852002977404865	-0.09660943410062842	0.8686266060081219	0.4389462766223189	0.22817789300640023	0.05790885362856051	0.2594795121511722	0.6613811011750622	1.448811079389117	0.6191972609802165	-1.220635946130362	-0.4913660806543722	-1.0196682884395134	-1.1398040124677562
0.22663030232197742	-0.11447364196829181	0.8531661938758973	0.4556774484120093	0.03932016485386374	0.035860823328165994	0.3826524879097144	1.016041881976705	2.012919129900562	0.4745270894879375	-0.8881066362545352	-6.71200814637745	-4.674993314820026	1.380906561002259
0.2288872562384559	-0.09139104046880202	0.86892329734535	0.42922092794287847	0.29543091561085527	0.12833575594937557	0.1699844744592258	0.5244773092748638	2.2973223183704827	0.6509181788003842	-1.1082625160340238	-5.622686811512299	-7.712806506348328	7.653863495361095
0.20598067135458403	-0.1028937489210953	0.8677438746511188	0.44046044937853485	0.24254425565130563	0.11825825606116318	0.17475968190915703	0.8652267446164079	1.927361827670397	0.29098711242292263	-0.5276496141456769	-0.8405096071509387	-2.2275697380614257	3.716638606029622
0.2212429339658155	-0.10511211031162651	0.8662737630057066	0.4353995589845805	0.2368775542703314	0.17593421536374887	0.287131501201113	1.2807227843672104	1.8356757122273595	0.4941423677351801	-1.190772190991401	-1.9204871370174128	2.3102654348624743	3.642252743757284
0.19530722930512529	-0.11437237147821959	0.8726135548081599	0.4328043793547724	0.16902899574526606	0.17958957124968136	0.1787465322190016	0.8693753458615598	1.845999849572938	0.554869514002827	-1.0232118473736345	-3.9823880121717643	1.3795201462752091	5.80157543370725
0.23004786532179802	-0.11299549998587623	0.8624286982466471	0.4364936850452928	0.20366711971111576	0.17026122377241235	0.22956116690115036	0.972916689372365	1.9594090101760726	0.6531862071202983	-1.2961001646681465	1.0893564911733966	-0.046480102145335024	-0.3861866444537329
0.2106439348354661	-0.09404561630285464	0.8715317081392541	0.4326858403959186	-0.1068923814551944	0.17885771475009873	0.07038748385753706	0.9290525923983403	2.080308227923467	0.6500608007280291	-1.3095044290594933	-4.127277233927637	-1.3808978897572428	5.051390154336144
0.2187566261369138	-0.12368855016724017	0.8661555494337893	0.4319968116361174	0.2302317420117562	0.24646854994281372	-0.06985665331311092	1.1545089574183207	1.9090857619249528	0.604862825868236	-1.250772489634414	2.1990793792990373	-0.88426080075073	-0.6990415728627329
0.208724754858821	-0.11456313218190707	0.851604234310799	0.46698982168534847	0.2201604575535888	0.3381459034080046	0.029475581473660212	0.8966148395882263	1.9272749063966024	0.40510412941814533	-0.6666943051758963	-0.19885293176209143	1.6344159037748494	-1.4302358610847172
0.2211111382272501	-0.09274181813369388	0.8693212725143227	0.4321913290143445	-0.03690784678218273	0.14173434653098546	0.4213330597971449	0.9544158948509804	2.627233571152188	0.5008877785334056	-0.9320176986019802	-6.503927690761742	-5.043992172928724	3.308229529775863
0.19966059455026725	-0.12253862391128556	0.8734319558378192	0.4268917323573791	0.059689898990837216	0.048285021111944104	0.10249393423353037	0.8901250665675511	1.6298241150486865	0.5367562771769022	-1.0466976679423232	-1.4931877373980196	-1.305008743500532	-0.6824255581984563
0.19582578380765073	-0.11014008831022017	0.8706738754285746	0.4375481984756916	0.004608155376710531	0.0764715645764884	0.158489957570538	0.4964222229396078	2.1498122485150692	0.7687246963757692	-1.2107015235840766	-3.00867740051771	-0.1998090839874638	-0.37040868146922357
0.2142336884446516	-0.0981043411310303	0.8610021682855679	0.45072689202464605	0.017407715331922004	0.125771866798455	0.1061534721493525	1.2271601080267192	2.0832118715238312	0.4482619893619271	-0.9861436289424508	5.139971508718971	0.8097435741004079	6.412632888876459
0.22722634452173687	-0.10705036856543128	0.8676163493070028	0.42912734399066593	-0.051952323782769615	0.1302677931955778	0.04620657788209726	1.1968577368711464	2.4359195384307286	0.6131951456744072	-1.2658472255071778	-2.5260725351450253	-1.1710049647536223	0.2955977494493262
0.21264831642348364	-0.10268995876680144	0.86964007714863	0.43354538644489743	0.13632804078486513	0.08565323625823289	0.1146317954357412	1.2497273142825487	1.5926988016244277	0.21968914583707275	-0.6763968202798967	-3.979588494573685	0.9951165767729594	0.38218810848423385
0.19504552209749787	-0.1161925778062239	0.8629431605142505	0.4514262186605201	0.1377039811456643	0.05338682694860732	0.014280971604908927	1.1048645459424975	2.1242525525578944	0.3792971772920454	-0.655673939457947	-0.09747085025400608	-2.6953448772146196	0.554566599868816
0.22507986983468395	-0.1247685193676613	0.865898408225961	0.42894267146292436	0.1619919625171737	0.20237462165483958	0.05739820693617289	0.6257616917224421	1.8808856155183538	0.47037102110251544	-0.730784289078693	-0.8354457034094996	-2.726498536064012	3.6971826398857535
0.20839210133301586	-0.12903960493622854	0.8630183411015913	0.44172486389399623	0.22759780616892034	0.04908246311121445	0.2386456093650526	1.3021723559484653	1.864084285965984	0.49916367182959115	-1.045015065840422	0.8222821855901724	0.6835031541923203	2.4481186284243663
0.2473508688754234	-0.10839733590025709	0.8766436325248739	0.39820033499470303	-0.08011476964597575	-0.025390587122060864	0.07620999442422978	1.3135861836429876	2.319043353276154	0.4812827986995886	-1.24422814326574	-4.635581198494726	-3.4638981378811544	-0.4204319055100163
0.23231494124616817	-0.10399953246439762	0.871279118896031	0.4196266939754093	-0.02222837976110585	0.1930848320284616	0.13419451801061325	1.2130106199209774	1.6040475796060374	0.16946415480486848	-0.6258678864373666	2.4044387564370235	-1.2033032682093667	0.132171619501309
0.22601776152425773	-0.08304479053484375	0.8653731003328916	0.43948712320251987	-0.02541021173627618	0.20662959894660463	0.25206535975595495	0.9666205021032295	2.0770359015784963	0.4976661735152894	-1.0845671809023072	-0.5954278705295138	0.3225903766165094	0.09183486397489987
0.24089316097514174	-0.07289145045454565	0.8686623785106524	0.4267118390743957	0.27013824810792814	0.1057656679905138	-0.11640691407127897	1.057824680362734	2.484085248438554	0.3038417415164631	-0.791377255451087	-1.8746975014644958	0.5014846622975266	-0.8363169750725938
0.19684278118142046	-0.08956139133650592	0.849980441543851	0.4803799805066326	0.15893006070256988	0.17187972307977084	0.06770391960800463	0.7822895993835598	1.9628884865101959	0.35343430490233224	-0.579960228120871	-1.9134396718828182	0.9119086540269788	0.9145795243213662
0.203590323756435	-0.10178822698548201	0.8891937677277799	0.39689366378663293	0.16390499658762098	0.09568684410844992	0.2068229442237496	1.4308367919291272	1.7039696394338542	0.25945181522657823	-0.8782287201967632	1.4542156454849284	-0.5294635046325938	-1.9283080993186335
0.2301000922909855	-0.10282322888195647	0.845442598176522	0.47085894312256693	0.11902970505322995	0.0019347470931730646	-0.21521597395873282	0.8754509412625237	2.4233537302244783	0.550255346346174	-0.8866213605773721	5.599009551444208	1.576012841606091	4.606639103677214
0.2225258225622722	-0.08858387439545022	0.8746794352236206	0.42139179048358727	0.2729059422191995	0.23607732120189093	0.028301237600283066	1.0003748885467039	1.9843187415282204	0.2729165080624246	-0.6776236898017792	0.9158315904973015	-2.70729601253283	4.5838478399661735
0.2094044472585347	-0.121718675466503	0.8640165661451226	0.4413725353234146	-0.05114106119065331	0.06691063411504909	0.17891759775967908	1.0539480218546993	1.7330474658972945	0.2835828328207081	-0.5772389669213948	-3.4081942491407218	1.1202530403798037	-0.7704184681333456
0.21230096760816547	-0.10749693723809116	0.8798033202571259	0.41148368777097816	0.24958373783116203	0.1984509036460881	0.07119321917583567	1.087368792592941	2.180194434391489	0.45491734211326124	-0.9641281595308	0.6545479864037854	1.1211401515854782	-3.0392992132411885
0.2062471088510245	-0.12340938753093694	0.8680841351456138	0.43435260730001884	0.35420428999837233	0.15283582572276785	0.19107629129719586	1.2804560027538978	1.8217776897428173	0.5008324127767563	-1.0913496168817043	-0.4631717463591858	-1.3885126869685733	0.1998497892192861
0.21462879794596593	-0.1244744129015988	0.8609084582144523	0.44415901004019565	0.4304368786781561	-0.05469909643048615	0.49640099678775623	1.4019621116558034	2.1740158016967643	0.32395285663892487	-0.6961152415903337	-4.010527195893806	1.315592279564825	-2.190530418824802
0.23906811514989776	-0.08470857520082	0.8651669900555237	0.43261642701634406	0.16941692856047622	0.08888543925469085	0.06212271598064761	1.4432139042913896	2.5219074436727817	0.13724592230425242	-0.5782024615609831	1.3831552369408449	1.716868312171191	3.071870796128664
0.22102072801386125	-0.0914121605793867	0.8619640956393868	0.44700285515307986	-0.00786706667338533	0.3209282947525292	0.16197919694995394	0.2780459674963874	1.8325473715053067	0.3479461945575651	-0.4336749357464044	4.034884529082312	1.4428839449311932	3.5515966068839617
0.20788043743807094	-0.10123091637110374	0.8741800293433475	0.4270214299054404	0.15004567049884854	0.17903717876527322	0.12990952846248924	1.0330046190886706	2.6091628563295663	0.5728525173883092	-1.0570657677388486	-5.213157572219868	-3.556699433168083	4.559115112697839
0.1987172208918626	-0.11858221385100239	0.8651297910256772	0.44497209952881067	0.12488569504688118	0.07974762346142006	-0.09138662839559343	0.40794606662266175	2.1910963094406797	0.6461177568852099	-0.8544728487325033	1.4678749008831797	2.4813104652866236	4.212789609246754
0.22984348906469868	-0.09788300957141184	0.8713917058921591	0.42221722119563215	0.4016435407631686	0.1229210138392059	-0.06787340140916175	0.6552267493409615	2.034357775374181	0.5629171347498139	-1.0468352325193104	6.19314422419999	-4.451369000658864	6.0593290208812896
0.22380844133095923	-0.14773974255167105	0.8512259742057131	0.45110651834938836	0.20815964936468842	0.10150166844353692	0.14050182911573678	1.1151633147224145	1.611179797805043	0.4963401817048888	-0.9621792455198547	-1.5006933584631519	-0.9374047106371464	0.3142139519216221
0.19869252258547238	-0.07829224083453087	0.8664087161655485	0.4513618759333748	0.18472616645586384	0.147160102661291	0.05281732280327984	0.9010709596024856	1.4927693658659544	0.5944744366329868	-1.278844464947168	0.43932949818075073	-0.047695581550862565	-0.8466374969264324
0.22089795517904665	-0.10252585253313623	0.8708701715344828	0.42693991063329984	0.09749582685060115	0.21938379914702752	0.23112940680605956	0.8830151124560308	1.8194842843358847	0.6056382679595946	-1.2553156644980317	-2.6110840650010814	0.5628543542894687	0.27131501918495987
0.20983691607686067	-0.13546140655340694	0.870205219535456	0.42468994793752046	0.15651757277081144	0.08922973811566474	0.24693733433221257	0.9743506731475906	1.8135949754713334	0.4676587652260416	-0.861197008247015	-0.26803056271437575	-0.07341640562529514	-0.7608810527034153
0.21034983926942613	-0.1016386943578242	0.8713838988262569	0.43140772106548486	-0.2721577154075419	0.05936750754190318	0.2067442486279398	1.009735524124691	2.2914350342748673	0.563873164959787	-1.0914251508481287	-2.6389543299508897	-3.6065503285435283	-3.285851359343184
0.2238760267449176	-0.09161586687275793	0.8698646147923068	0.4299088386138316	0.28381091220012783	0.15053478960816474	0.13349469091763663	0.4927740050065033	1.6887755055094018	0.49838605219737603	-0.9051454885192064	-4.516812609298985	0.20002235894220052	-3.5191498527036416
0.22687685325546875	-0.09713369487189367	0.8744943151761994	0.4175543455670657	0.07765634229237128	0.19629211575209216	0.23935067171402913	0.8634476431028115	1.8289322514160469	0.48004473965508365	-1.0490651994803817	1.1298241425298698	-3.9597314537615778	1.5535608000280632
0.21266826135918857	-0.11957717374410794	0.8718830725343519	0.4246097242855954	-0.034945540306788904	0.12039541145787376	0.2330730935641251	0.803893226923191	2.336669737033592	0.7417455167771808	-1.2676713254088021	-8.477793302183974	-1.9696130753107142	2.9733767913029685
0.20188885687640087	-0.09796416105720904	0.8735435502970648	0.4319323770590679	0.1444731462371988	0.040998828254027175	0.317664985099031	0.8113014806042468	1.7632331803757322	0.48742652815236115	-0.965075533320718	-3.752431415257336	-0.27667269001253153	1.5164644854610694
0.22004410961974716	-0.1196836259673179	0.8612737729050366	0.4421130032049403	0.03958206815343222	0.10897754392688486	0.2446530868504356	0.8916486197267168	1.8584358963981205	0.508993205835171	-0.9322507496897183	-6.835256071899427	-3.0522195384495503	2.035552601934412
0.21304578264490165	-0.08584989228446634	0.8628833304322783	0.45019290149231217	0.30553782234997395	0.21270341648060206	0.2134895534875675	0.6145090853633954	1.698983517117122	0.47431025116977965	-0.8759254643430697	-2.9227816221977427	1.025184786322727	-2.3744643735747095
0.21082574715887992	-0.1276729697594103	0.849589796114885	0.4663145885185032	0.08439769558565681	0.16669410345212324	0.09929752079353193	0.8554716726945448	2.3070261835884	0.5290630274927512	-0.7190363079190245	1.1816836259191368	-0.5066990614996533	1.6907748268811018
0.24260248334047055	-0.1044642061594176	0.8641942336016091	0.4282517849562884	0.22758489696445308	0.04812305514312842	0.2256032328124518	1.2906571148161168	2.0960778103913897	0.4398966591514065	-1.1075439485960334	-2.9574604425788684	-0.0963377924044534	-0.5780615837487046
0.2675709132608582	-0.10813652678556952	0.8637974404764706	0.41299670673965705	0.12190293679153773	-0.016508676851210588	0.08112493881089967	1.6913627287553703	2.7079006764075606	0.19785266511075597	-0.8005902136260623	1.4247019461486632	-0.8662675209715655	-1.0608009519936685
0.20033921309552707	-0.0964403951619716	0.8716723118452109	0.43675030697149275	-0.06265677490812586	-0.037680080251692484	-0.002232730230633912	0.6867225689518452	1.999547339577369	0.5862729188166714	-1.0435669689220353	0.9350910367675795	-0.8714290365814312	-10.514788757369587
0.2273901026499342	-0.11356461464538246	0.8683639144906252	0.42584143942060926	0.18350980132590597	0.043038046000452544	0.23746584145059998	1.3845821979441477	1.640392010569351	0.5361021630349444	-1.3950769451613916	-5.164960092117776	-4.402741073830141	1.1062276570413472
0.2390236131288763	-0.14094679013854763	0.8502381459744854	0.4473218191037938	0.14330977413310242	0.1419972606039435	0.028330715335030593	1.1945509168903201	2.1761849872397847	0.604823982530452	-1.1022131897294842	-1.993556272154339	0.9249909895074545	2.944037324788408
0.22780076834995835	-0.11630882934115512	0.8621477910970823	0.43735597910955837	0.04833953327220237	0.008323815613595895	0.05846652747263564	0.7692748082628306	2.2086070166521887	0.7845441515626	-1.3598851542210337	-4.8346173299657	2.9433551282280366	5.650824778544322
0.19576390579428804	-0.11376438323672892	0.8680575086881006	0.44182611953701845	-0.01328118794318991	-0.0260163847567485	-0.0743528912693052	1.2653208988122011	1.7126586222103888	0.42023745539268803	-0.9452924340621635	-7.226153624799057	-5.1341612838714665	-8.135037208514829
0.21681007698960492	-0.07859873970085292	0.871199562252534	0.4333900683728135	-0.07523507772225876	-0.021432456294290414	-0.2410306825788089	0.9153463199254762	2.1888068000671206	0.463321489383733	-0.9923262212935842	-5.550881841447609	-4.532392592185978	-1.9097819872455382
0.20208018888501272	-0.10862202246366968	0.8697052125999997	0.43700995031290624	0.5003641755011848	0.03809716897005611	0.1571337213607163	1.17202654806945	2.2955080279575477	0.43045757768424964	-0.8280631150156657	-3.9963673011783296	1.124197658478001	-0.5034144200276939
0.19937314594071992	-0.11567352000500376	0.8771898106714532	0.4211983161190611	0.07090527194158991	0.30371185452353316	0.25641664216108884	1.2501573102998582	2.1670792687886697	0.6498037586902456	-1.3498993776199972	-2.880576460962089	0.41534867488248634	-4.702276511124625
0.21744228182446984	-0.1278814303906001	0.8719763389315908	0.4195503047069342	0.18255776729265036	0.025812469988732472	-0.04135519893742704	0.5936201134861251	1.7709286133755666	0.5693214231376811	-0.9511232230348964	-4.657736460970341	3.953448800013859	6.13833842607345
0.2016870838922678	-0.10981902729347923	0.8809576131528197	0.4137339546900088	0.11653343535394316	0.018031879171744446	0.1453602602399935	0.650153068847528	2.1770225590125922	0.8303997728524559	-1.50723906389244	-0.6303313431267896	-1.0651723933407438	1.388732481892423
0.21114045477499352	-0.10727805294842647	0.8685813744392694	0.43529016034157403	0.22641610065599457	0.18355127273305163	0.23440502668751687	0.7632176178219974	1.5740205399239926	0.33642434905329005	-0.6535874354881838	-3.077426669904721	-0.22615282532262704	-0.39806612561262583
0.2230453728739121	-0.07212305145998477	0.873285609058815	0.4271080332871444	-0.008189448111783048	0.1321749953199958	0.2606214994801846	1.100844930299791	2.0527236827722417	0.4446682307595127	-1.137445332363197	-2.3664691723421383	2.79627362228334	2.861194118225878
0.22306374680426772	-0.11352945893531062	0.8585211403186944	0.4475433816306369	0.28852539465348276	0.1649176039087666	0.15051758146001556	0.9762280163101648	2.06719575449148	0.590749594895542	-1.0954121980286282	-0.3290731734371162	-1.2198258363335979	1.830573813028067
0.23367531002011338	-0.13088524337875337	0.8576726719118983	0.4389333553151249	-0.12395894203423898	0.11059376613376502	0.028710315345188257	1.136156422815398	1.646037886350518	0.532747797397063	-1.155011018590371	-4.059868616695092	-1.9267640050814785	-4.907817541070054
0.20941860692749198	-0.1391748395734396	0.8691238481026934	0.42590837953886534	0.11429434601257064	0.17071013658925738	0.17442406597670224	0.7484954966136546	1.6148805215622009	0.6214120700902955	-1.1084125576470376	1.6672219658241996	-1.3430813133768638	0.9985611186084662
0.20061853378005945	-0.1234208998674577	0.8863907293282453	0.3985360213842502	-0.0054162305703716095	-0.0013720822294249456	-0.14286473410604947	0.7502260614757519	2.5286377204608494	0.849995129847645	-1.485061025535895	0.1916381560122581	2.277906733391562	2.704446247974937
0.22065784444263412	-0.1018271203995777	0.8749529419010329	0.41880628301851924	0.1314340533112059	0.19442285015251126	0.11204368905222843	1.1820839075754275	1.997170779473578	0.46438048515663916	-1.1073878975322518	-2.459789214902491	-0.7634024862076273	-0.5230744565621656
0.2018304111715187	-0.12792035341846902	0.8755514965992975	0.4198933735013685	0.21213807419249597	0.10762941762821292	0.11456572848295753	0.9041291033973186	2.083919441624094	0.636740682051457	-1.127439307724422	-2.1375514467081933	-0.6150828970309757	0.6983349515263474
0.20096046436151857	-0.11962079041017903	0.8765002062828038	0.4207768371137475	0.1450150682180606	0.032301817109512604	0.038158794691961914	0.7709610829156801	2.0875035121404286	0.3574918530257056	-0.5194334401622474	0.3044152362408497	-2.5575538393521633	0.23561887264630418
0.22164108469492552	-0.12301872477024389	0.8658276040523488	0.43137475933592717	0.12872595971159953	0.17741248350024616	0.1727904498593699	1.012702056246317	2.2792524927684794	0.6789341311607726	-1.233047478347052	-3.906538179917104	-0.44662760491322895	1.816955064585066
0.22461981202729187	-0.093305265414989	0.8689650385317784	0.4309754393235505	0.03767909740532959	0.22698002339609305	0.1203982326195537	0.6208785317490709	1.9396229906722453	0.5017648526058152	-0.9153670015193269	-2.224546667374245	-0.6942126146379383	-4.819248739051496
0.1964771443196501	-0.11352380964629172	0.8556678077720165	0.4651254445265486	-0.04590884020241224	0.1382199862400215	0.06184006631339045	1.3432833869252268	1.8615269859668109	0.280088841252909	-0.6283463028829506	-2.443610236130508	1.361896664156551	4.126343067079888
0.21170334802979537	-0.07146788045703556	0.864414328184596	0.4504019357475362	-0.06679247943294231	0.021938078474969647	0.05387225224763147	1.2455881453380948	2.6222187027340027	0.47419783250497344	-1.0794673159198094	-5.8790163206349675	-3.828628165710611	-6.902797578734892
