0.3252618475615348	-0.12906250248188306	0.8605866409724875	0.3700516644384428	0.393878052577461	0.11594015160657951	1.7539686163583517	2.3326376716233908	0.2978447396740127	-1.4207859929063542	0.5151678021064191	-0.5415043946046975
0.2141143596887998	-0.14885011554380992	0.8516279060447298	0.4546741621463864	0.25023247202558185	0.1551876129852405	1.2894824678524204	2.8135064127705975	0.9317983225096339	-1.4314677779190013	-0.8459811018627766	-2.540882521355831
0.20527698597248106	-0.08689185826577135	0.8635226102629663	0.4523713801312016	0.24923629924297944	0.0998286006573187	0.621355273398469	2.3348067721739927	0.28149107680720864	-0.3708195420702338	-1.5476967348448811	-2.015727987706302
0.20085828271788672	-0.12870370944323298	0.8664752619383297	0.4385338366512624	0.33096056795251005	0.15087957712100744	1.3498472369721028	2.8010206049993216	0.5820816954956666	-0.9463024531981223	-0.14541233816583307	-1.6620407151600796
0.22241551224367742	-0.11460986544643385	0.8478368333725829	0.46751323257474126	0.20202196986298934	0.19638856217684256	0.9721180437391514	2.250861705419814	0.3915864555459911	-0.6208264829769811	-1.7733537700619346	-1.7429201456692092
0.18995389645748217	-0.12857529723101077	0.8855247368667691	0.40401961655297963	0.3435529526553611	0.12924071556048236	1.355252981456471	2.1268887990366405	0.5367174185491416	-1.1366942520033587	0.03959129089383836	-3.7223481833517345
0.17430659051431427	-0.13394084791465755	0.8704962858452194	0.44035585393276633	0.34484863298575785	0.09231925681264756	0.6945057977681509	2.338477486410544	0.7398922326345362	-1.0262443810848338	0.11705871486581854	-1.156019408856375
0.20187937370603198	-0.0714314640306828	0.8868526968834411	0.40943199490154747	0.3162773366402694	0.13708790347191543	2.059095989961337	1.6396565555463771	0.5298414414262823	-1.8768861774422514	-0.32627073637056037	-0.7556403045082013
0.18728189239549253	-0.09909158521494509	0.8911185845909303	0.401265521465537	0.3430477473353031	0.13691224361322066	0.8626303035170185	1.7569494721982304	0.6233863378978682	-1.3531371358184008	1.0394040771428594	-0.7336151582721845
0.2022911403009632	-0.11221725024411495	0.8685330689717027	0.43833308271904486	0.3023450032477836	0.16583419303672364	0.9360209370284667	2.05552656733332	0.4613617007072264	-0.8199041128702634	0.8025093656977145	-1.542901903221587
0.2219713233175946	-0.10823228798378173	0.8712691209697275	0.42415165012890144	0.16982814646161462	0.19519450500208316	0.9924551021536578	1.9686089588672842	0.36351019245453164	-0.7637474151985892	-0.5121079807298858	-1.8082589665852213
0.1872977484402111	-0.09782611601544955	0.8872979604203148	0.4099413786000488	0.4593509509055198	0.17432988101781519	0.20702594034507937	1.4970189973485684	0.5801997474533022	-0.9931614913465729	1.9695889577161367	-0.22129080543652394
0.2369170345735678	-0.17658068613749242	0.8583704449402575	0.4193921306666875	0.14746510322691073	0.17416744606420964	1.2590239445942413	1.3003910981187086	0.44939331903162844	-1.0834876885875375	0.07970508547726962	-3.1112864341967916
0.22224170979893104	-0.16574582537429167	0.845778192469526	0.45584667700842557	0.24753200007292533	0.12362764654498894	1.2451789030217968	1.7814732963899478	0.4845666351828149	-0.8583912949077771	-0.28748011214735997	-1.880228270939736
0.25229220252664936	-0.10683847132281732	0.8392772151963341	0.46962532048638733	0.22688764771777437	0.13762419359708886	0.9897041209212677	1.9845969418654623	0.3834236311350779	-0.7654230527078613	-1.4278763391797133	-2.2091398458582807
0.20642065026693046	-0.10922380936441467	0.8628143038939341	0.44834378729645546	0.21008080506005564	0.14759664283186727	0.7648379250448155	1.83555976069604	0.6727295951290211	-1.199597819857316	-0.3913529230926758	-1.3657669220842692
0.2501487108532982	-0.13932794751939673	0.8681467172958124	0.4053820700857035	0.29572879029524984	0.16286109919280634	2.2684170834715913	1.0109701572308891	0.31536822011897886	-1.7276814857285647	1.3147838546824124	-1.3882735264813748
0.2778067723330516	-0.09707289373627133	0.8424715093146465	0.45126711218596466	0.11039094831231477	0.13671339450054723	1.5475910087017644	2.0054609979123827	0.24188453592582343	-0.9728964927470283	-1.3901220732458544	-1.277871526893885
0.1925799782076063	-0.09694828825042098	0.8806168341642047	0.4219336118223871	0.2742902871094516	0.1972823126467209	0.8638028214361416	2.578022383899868	0.29815869817621693	-0.4241895767225139	-0.28926224556868796	-1.4776486889832638
0.2041969027981775	-0.08385256067166504	0.8803811611755055	0.41976348579135025	0.1996337650453696	0.07964543406922149	0.853570228955266	1.280167795870524	0.2853944747509509	-0.7580625260309961	-0.09147457664552161	-0.10241191875515769
0.16988666499938707	-0.12071072166131229	0.8642154915915079	0.4579290630923524	0.24996538750008068	0.19789376669956463	1.0020665214983293	2.170871597060698	0.8019404866453005	-1.3129536923532017	1.3318160366602172	-1.6219370251721383
0.2226941863052052	-0.10500151164890588	0.8737422744570947	0.4194715958963729	0.29825631767813565	0.1522918894662443	0.7493659126310886	1.776732075226346	0.6679158343605374	-1.3443250609601862	0.5731769397329093	-2.8167742151116903
0.2282516661657257	-0.10496951737044875	0.8698454331618906	0.424560360517781	0.3411943330464429	0.15747108923957678	1.7278978637434796	2.0137875891928956	0.6119927413733909	-1.6849155332799377	-0.7755286655785186	-1.1887462037128131
0.21435973057891505	-0.08820215876501829	0.8596827186743714	0.4552097410073373	0.22171694531893704	0.12452404876178123	0.905280313634047	1.837153838380923	0.33633588061408654	-0.7055140189305243	-1.4702525364930292	-3.046848765968186
0.2069094629364728	-0.12338136561458357	0.8849727837474853	0.3984829793010579	0.324873385053475	0.11025698968019527	0.13024073131238692	1.5760556119711586	0.3882304660578833	-0.4418395552814294	0.7102710816806964	-0.5585961954072386
0.20439371684739424	-0.09935052986114323	0.8865823198707178	0.4028951114400291	0.27025991021707124	0.1349193635970212	-0.09771169093526802	2.2045573005706314	0.5195767587551386	-0.5501480912120361	-0.7042422853745807	-1.7354227792779024
0.23312812429706228	-0.11163563147913712	0.842427983346795	0.47276194466162325	0.2817966161383262	0.10925356833386396	1.3502198626903257	1.746223538872597	0.2838233206182144	-0.7592281235410233	-0.8282614711059829	-0.8265878148304227
0.21205885996459428	-0.08679864263493206	0.8623777671417927	0.45144393039090225	0.3411386886863756	0.1632197964784012	1.5909766659583902	1.9960600363816063	0.14684691669298158	-0.6440731457287084	1.1324463452165683	-1.3830512454527562
0.23563842626314205	-0.14039612751169775	0.8745204999244898	0.3999716923230559	0.29761640312374454	0.17332063975949977	1.194019471022383	1.7203995873865705	0.44572239987488094	-1.07410802676654	2.046964060539288	-2.4797674642484675
0.19903296754306427	-0.1385273883692448	0.8379028122877641	0.48899378080181527	0.23557064481042034	0.15181638743222842	0.7985650894991856	2.183643831371413	0.21614835838059826	-0.07680592531815944	1.8636005987600601	-2.9947938265326037
0.22925696338770438	-0.09551782429477593	0.8641870463305613	0.4376052318410984	0.25660341493209865	0.10601196543133877	0.900710595616771	2.0587755900709874	0.47242847869091736	-0.9554524309746456	0.18433008692615674	-1.850172943266939
0.216461829454981	-0.13860125833160683	0.8648478817389874	0.43124483652501194	0.2879479151177331	0.12008289828521283	1.219156719184777	2.258323271401037	0.5803451154908809	-1.0499944628900582	-0.11226453629974649	0.1950052087247032
0.19481437954970138	-0.09362523291086888	0.8806527780277674	0.42158315648876	0.2874279724067777	0.1091704217402249	0.7368103100961525	2.032829539330899	0.6164686508592294	-1.1767831011025984	-0.15535022980244195	-3.1011422732606673
0.1962979772703195	-0.07919234198325276	0.8552953135312265	0.47293298018039454	0.12879731964958815	0.08378829870306054	0.7800992979709079	2.858673220613535	0.5560394507712686	-0.8507015585721537	-0.47788452845557544	-1.0062956234959886
0.15845143667877792	-0.10700913710582376	0.8804492021069913	0.4338794640213575	0.3004127104555408	0.1760660322768047	0.03140301285081215	1.549792823166833	0.5768358528913978	-0.799780941487997	0.9481714232281142	-1.3473710963245071
0.21821835466212142	-0.11145075578014178	0.8560555301659616	0.4551136209748795	0.1722802022918011	0.1666989505019866	1.26295461404597	1.860526408378021	0.47672008115600384	-1.046643394943475	0.29245470265241885	-0.8227360176973879
0.23698777657946873	-0.11345954745907347	0.8678200060064485	0.4217252209878724	0.23991120183109563	0.08576813524480849	1.2580899546616413	1.9110217464923072	1.2899705146138876	-2.8473291103584675	-0.6693920679797024	-2.0741155309335904
0.21362628126969704	-0.10032562963389448	0.8694092891489913	0.43408071591685404	0.19899437312435683	0.12846897417585101	0.7156607865661048	2.1456349254901284	0.8764108943312043	-1.6116393210089464	-1.061756121320873	-1.5458099067306943
0.2042414657251949	-0.13256536347040318	0.8823181253826495	0.4027736010560162	0.15619853082595989	0.1251048821423995	0.6192184758153662	1.7805399339702481	0.633575294192401	-1.1158803115857892	-0.338566732687597	-1.369692206290547
0.2440200207325117	-0.08964604736044038	0.8662749332839411	0.426597650765048	0.19511534843357584	0.1205257420258623	1.424661680290874	2.024635131777446	0.41457163261636487	-1.2313205389073227	2.000295599307974	-2.1743742378653828
0.21130366111977478	-0.13949318980164557	0.8517666641802997	0.45867849588519655	0.2778672753096662	0.13036839874446748	0.735936308046474	1.6138965412908166	0.6431122552894503	-1.0424732015074312	-0.47821353966200353	-2.3054229089145752
0.23247826061653964	-0.11975167664210781	0.8551168264380676	0.44764786096283327	0.20873558700728964	0.11853151729917212	1.1075936396258554	2.4762424104954412	0.37770087448980616	-0.6342834631375964	-1.484622634759894	-3.358751139895071
0.22255745474623786	-0.13852053743937184	0.85323142359601	0.4508618167828254	0.2724730227434811	0.11851464320236439	0.9974151121454135	2.0425142342187517	0.5199530613877229	-0.8488017298396696	2.499239767961501	-0.46822765504758906
0.2140093123241325	-0.11376186612904704	0.864766128952378	0.4398156366821305	0.16435597449182887	0.14346928334817785	1.0539916371871352	2.3877357609966783	0.4940092265457806	-0.8665749104731668	-0.45107945757689877	-2.653150189622909
0.20460856074852402	-0.15077727410051808	0.8704966045733129	0.42147029777858364	0.3066166244568257	0.15216838129443455	1.0006271347556768	1.669558886828098	0.9399627964097942	-1.8298792744042176	0.8626450792311866	-1.8717624363841834
0.19569590676524395	-0.1252458715635123	0.8530815659756693	0.4671920649199056	0.18511016309895348	0.08266469710970382	1.0443282397042004	1.2656241004863154	0.4275164241086793	-0.8787883606747608	-1.1484087239658605	-2.288620818449649
0.24354158540980053	-0.1154825553334495	0.8592795837948136	0.43472965445567374	0.1874208911897334	0.13407091630435675	0.7317456366716064	2.2518570225552073	0.7577679488551977	-1.3095375738276187	-0.21309256720112216	0.1311820505074429
0.20882018440217964	-0.08908189974560626	0.8629634275237978	0.45138970799114636	0.31930972410977837	0.10009584029570341	0.9226813853036916	1.8812052751038482	0.46469216154183807	-0.943985851316338	0.554691584800055	-1.428889425957281
0.18437306335905654	-0.06934621070848106	0.879902626060311	0.4323991734730085	0.12880751065875382	0.1037580192968171	0.8711721084384646	1.7620826725618195	0.48037457269916006	-1.0663983428911588	0.21578022105082684	-2.128377659105928
0.19233492777056244	-0.12239025481597231	0.8683465564215975	0.44045676182382193	0.15653455653582174	0.08550400243186614	0.42951570317102666	2.045770833019179	0.5589761258114733	-0.7211001843916324	0.9661470857559572	-0.8876973259441224
0.21101111067031678	-0.09155081276524753	0.8709333648540521	0.43424397962401357	0.19479672110466828	-0.005063424892875591	2.2663265421325773	2.104107406868344	0.004428435462426117	-0.6665474326248129	0.04121934205286339	-1.337662870527183
0.1827634271176453	-0.12273116296099124	0.8837955418230969	0.41284383439755296	0.38780871325112565	0.17620904053260644	0.6471170776769039	2.6640897882522427	1.4012536273715073	-2.494222076139045	2.1484996709934694	-2.994936378493262
0.21270681715464088	-0.1175632956477024	0.8812320784846255	0.40541917234149166	0.2884952413820565	0.09976866183550868	1.2380157585567728	1.8476924953673775	0.6218273855357032	-1.4653668411242777	2.0834225258851204	-1.653657884861201
0.2143554238125659	-0.13107836900124167	0.8812543903481408	0.4003260083409972	0.31737762850520834	0.08090582864693271	0.5658672189035637	1.9408042943913417	0.6153191159910778	-1.0220468067966424	0.5789128136503984	-2.4883905618193682
0.1976220117408509	-0.09138868231894065	0.8668062773115238	0.44859840261958606	0.24986783205197458	0.1431390958018032	0.7394898822404788	1.7558247880223203	0.45289237410874594	-0.8431749088835039	0.7890323666793163	-1.5700213370606366
0.2238569142508624	-0.1246728564659802	0.8459360492112405	0.46769323434017374	0.363753687056451	0.13950244941465445	1.124706065778572	2.2157875459514775	0.3904625506796412	-0.6539137017178641	-0.7153024499194035	-0.4853764681496117
0.2172551808396236	-0.07354979301125639	0.8741277442460834	0.4281253333845095	0.22518558164394706	0.1502352042138437	1.2853936900970024	2.058431816363741	0.4993195630709926	-1.318142711702477	-0.9821746945010443	-3.057784643762165
0.21818694926261015	-0.08645720291224694	0.8738374388740126	0.42582594761025544	0.2599186076387579	0.05671345059347114	1.495615546063079	1.3944375275824408	0.32524369382242246	-1.1506455728309812	-0.10371209434934368	-0.41651502687657666
0.26353197506471976	-0.14825623712225566	0.8585988695612025	0.4139794287897196	0.27600340688950703	0.14481947545948773	1.0202607221601756	1.2504077493594423	0.4909826801579658	-1.2199827200051185	2.833122482578547	-2.3193484341401853
0.2004652314156611	-0.09478457663734051	0.8803104152638205	0.41938424839660526	0.15973040352781556	0.16289794403399224	2.0054460524407305	2.2635148761809103	0.4981341840711198	-1.4926374096620556	0.32356763096663493	-1.207833600829581
0.20546417055819877	-0.11009578118298628	0.8647479495705802	0.4448307288126765	0.3240645145846927	0.18091986576782867	0.11376690975013222	2.2924239750968827	0.4200435179793694	-0.30173407010169917	2.7267564768009596	-2.326322474720501
0.20570463118037546	-0.13096058010550432	0.8826392886541511	0.4018492469738742	0.229474897203318	0.18797907986005388	0.37910145991337474	1.950706059181712	0.6426592774476723	-0.9699001784726661	0.8570386928539993	-0.31734995377028663
0.20018686890491463	-0.10179820916384573	0.8664252334442266	0.4459480429155372	0.29695434200539855	0.06648711131352393	1.603577515946541	2.0944643884083627	0.14092126330772897	-0.5155313049965209	-0.6447573821130993	-1.8028725644585657
0.1748951817471725	-0.12390683357155606	0.8838717969702473	0.41572757728647286	0.2997846150944676	0.07738865464348484	0.048335618373894225	2.129726677225189	0.8320255797971317	-1.1545299094322057	1.5701467922763788	-1.1973204436244382
0.23648832706798165	-0.09804525235061481	0.8623429153916031	0.4368353190001949	0.3311226566721003	0.07183069914664435	1.0593037818559758	2.12201587646008	0.16834155517747995	-0.4295155094855942	1.5198075574777326	-1.6653819739370934
0.24271567721561438	-0.12327954575703384	0.8654887282184617	0.4205003150516003	0.3340083947537349	0.1569782153159841	1.0733028358803607	1.6008469119096478	0.5548425209433221	-1.2921885499359307	1.9962776162058178	-1.4349869765163499
0.21963185473091418	-0.06361737899725957	0.8524808515910477	0.4700968784703635	0.24636660408792901	0.1615611238501311	2.052817530834202	1.9498064863627294	0.33321582482466783	-1.299482471793645	-0.30443125168543167	-1.3913259363883579
0.1819829661509504	-0.1326556719658986	0.8662731071174773	0.445932255629944	0.16468272361646094	0.127605701359957	0.5600256134339502	1.91129248443486	0.7769952445427953	-1.169373624646391	-1.0192816842532744	-2.0486096152129707
0.2323454787837621	-0.08517710726331727	0.8692848217134604	0.4279069263585188	0.2711615240186183	0.14221301629222116	1.7631646331280915	2.198285341268903	0.013619366876756179	-0.5474528198245201	0.32134408729480085	-1.6463920384924322
0.2299929955103254	-0.12381958677654702	0.8577827720691276	0.4426970159014805	0.2596667553040268	0.12167358701115112	0.5297594614464621	1.741177349198917	0.6715391745107488	-1.0894219362158246	1.6835664592559247	-0.39163336198491944
0.21915782394094918	-0.07030135132635978	0.8644738838307238	0.44689201422914215	0.28180750664895876	0.1961103515226702	0.5838759520306732	2.757704885033517	0.43023004383999436	-0.6847588014930326	1.5054727896424331	-1.2332567942942252
0.22937457894409344	-0.11383382149063014	0.8589872014076199	0.44336232523407365	0.14736200443271652	0.12084481296599407	1.3218134196102924	1.4510594010700715	0.19574753548300555	-0.6905309043960863	-3.514220975934904	-2.5994960216529823
0.21481491464678515	-0.07791307260479152	0.8774872424358037	0.42166366327321125	0.3397329605608654	0.1243633925107601	1.474865925064805	2.6131552199053814	0.27971240867191166	-0.8506028544374895	-0.6584760332999705	-2.880921912530519
0.21993004677520844	-0.09016072535783722	0.8723684901545569	0.4271709675456211	0.2050943558698971	0.08466296210088142	0.7144051155100126	1.9261998628809782	0.31182985513217	-0.59807930071589	0.5918878945854523	-0.6971607695420029
0.20081560483580785	-0.1127853140871273	0.8675307158718323	0.4408435355084644	0.2868217314875496	0.23430702649710775	-0.0276582861427689	1.579322394506054	0.6461011780365438	-0.8548022129968613	0.8789116748271479	-0.36689042157241497
0.1804315790991422	-0.1396350578824674	0.8510892902369901	0.47285676046541447	0.17060204244872104	0.1409862067223456	1.4452137537234993	1.1111545373620326	0.2801476085501256	-0.7275706507042656	0.808494603746543	-1.3870658175062986
0.22253814486517315	-0.1106322477107625	0.8654993107230422	0.4349117416032479	0.31984015630521606	0.10346181840111046	0.6631065842879769	2.3609301992296587	0.19346078958928198	-0.12373010286965774	0.44156577825644083	-2.3260555847715225
0.23164784523783477	-0.09952094464630101	0.8553001681871206	0.45265492339359265	0.283281929792304	0.08776547771393661	1.818181138627397	2.624931987451091	0.3738548404792218	-1.0597479782938823	1.1718623819361451	-1.163645481962462
0.2322744867030947	-0.12533135108100618	0.8574136667172169	0.4417945443184657	0.281278429463907	0.18543926582497153	1.5271797517100665	2.2908903852927747	0.7499771589301197	-1.6085422074491589	1.972648863489889	-2.526637897228893
0.22091120801110162	-0.10077246695937353	0.8614284608232414	0.4460764003639947	0.23782558707712118	0.1563425935772896	2.853897522369844	1.9202335323213757	-0.11296560070110133	-0.7613931048614281	1.73563611942469	-0.5889709204046455
0.1964431297609157	-0.13974366575014283	0.8543680149493014	0.46036626688327076	0.224803634071063	0.10314374021970847	1.1210733506924477	1.9387080746560803	0.5136636844996746	-0.8431608372072378	-0.12627251350058152	-0.5870093616052402
0.18309271792592074	-0.13966436075354832	0.8549614556976451	0.4647707308438919	0.3021265780299114	0.12691878827651323	0.20498183622678098	1.784714800153873	0.8003148603954695	-1.0166474705314317	-0.26744658132829274	-1.9401912827423666
0.20204126316317003	-0.07370245684288082	0.874845478212736	0.434042238826457	0.21416748646263484	0.14992110954897495	1.703712073035366	2.48845083309946	0.582641213629403	-1.5448640025157292	0.30575707467160823	-0.815675147977121
0.23564653121930404	-0.16090362788775722	0.8596599728832491	0.42375165590147135	0.18255346542513884	0.07190522695955677	0.8393491002236176	3.0543965045521952	0.9472162454687277	-1.2285736468599782	1.4229331244127208	-0.4206911052897097
0.21907845671089762	-0.12421615831078525	0.8671337159750689	0.4297139681683035	0.2808258722643006	0.09980280504886258	0.85312801932052	1.4461638467443207	0.591703586657921	-1.2109245240305857	0.10449568955984212	-2.4953562904880706
0.17304389991793734	-0.13381592244696622	0.8680983560550762	0.44559438036776505	0.2713226335898778	0.10738469744933248	0.7762243945785877	1.0717990915799147	0.6979268588907398	-1.339258970656079	1.4841967842620811	-0.9914364203733381
0.4392977593844165	0.1641840897202815	0.48284012220815226	-0.7395447786771066	0.012975578599650294	-0.004267063055102688	-0.3253243320007474	2.2295473138740154	-2.486025144144981	-1.3213679096808542	1.3930771146795624	-5.302237199473543
0.2636026111156671	-0.11558443539548137	0.8405822115312168	0.45888500451049696	0.24153932945456139	0.15056664619698715	0.6102650645206865	2.473204362530513	0.26333782404752465	-0.2099886119400874	1.126727616386999	-1.3576652235731317
0.23025961400074282	-0.1275013560473466	0.8641670694486434	0.4288813244323657	0.27422551286640134	0.26709769396217586	1.076273449298421	1.2838544327229249	0.4586394817262121	-1.1202872154618337	0.7223140835016107	-1.4087089965327397
0.21268506527847172	-0.0996294630750262	0.8703213773588943	0.43287380748549736	0.2947273523686667	0.18436572958809883	1.0951262726139297	2.5850817105346118	0.8275953481075672	-1.6070286794553323	0.5347781518349158	-1.3576903164916612
0.22921068894051894	-0.11540091629974868	0.8619094293169679	0.43732965168976323	0.24895814683361628	0.14139120217888787	1.174942567949652	1.9315242791909757	0.5269274838702307	-1.144613654188144	0.4934378531131032	-1.6822401874212123
0.2177993834983599	-0.09943631559126825	0.8550681549307231	0.45992857936068426	0.21003550819060715	0.15724837577983347	1.1355511201174344	2.2439125479688244	0.5011996212551363	-0.9844045213310416	0.9225304020126418	-0.9215403821074734
0.23644938417416833	-0.11116549727490445	0.8667473119975859	0.4248329296137945	0.21208568436161387	0.14368352333417758	0.3558213036321637	2.001201111952903	1.074769304320733	-1.8671401428819292	-0.07708465614665216	-1.3102647155923466
0.18486767990784048	-0.11613787963470375	0.8791509652615074	0.4235912110976892	0.206462439363069	0.128269223460313	1.258829175194666	1.6160410373967744	0.3900932746415229	-0.9159399872115147	-0.057825411963139915	-1.3877403969697377
0.2295574497429159	-0.1013191173011036	0.8724242305776583	0.41942076204908446	0.28708573968392465	0.15664285664343677	1.5561064468022758	2.7785757999459535	0.5559634422054933	-1.3369127355729726	0.2487085161424882	-1.878654147412351
0.1952563957419199	-0.1282476654732587	0.8664217030377106	0.4412945827083841	0.26922542549437467	0.21160562311118325	1.154452582358366	1.6631973938382638	0.21555833609954583	-0.450668319452376	0.09776864302334132	-1.7050905627044912
0.24083011414889463	-0.09935651201360168	0.8461718837378198	0.464889538289593	0.3698739957424544	0.07402897932156806	1.3485191049577059	2.8342111705972877	0.21951029934200966	-0.4923967919232511	-0.11928442963485193	-2.5977499368704087
0.24064167245405044	-0.08435525942581927	0.8879775195743927	0.3827162139447835	0.2091637945581154	0.07703909956293523	1.375289846291965	1.7584643374620414	0.581788606826729	-1.8270235539344892	1.029938764764519	-0.9908719920340049
0.21022667388791014	-0.07889475596242748	0.8776022330219301	0.423550095812263	0.38182910566075307	0.13258331254188402	1.012096742713162	1.7290939888761012	0.535102221651711	-1.2890097147880897	-0.3249860030850394	-2.3109038690600907
0.20528487722413052	-0.1267589453218284	0.8747032201554303	0.42033863207382216	0.2664504694226271	0.12858024097927526	0.5383493077157492	2.5270521785407847	0.6896109496999544	-0.9358964200582195	0.26433653201438573	-1.5507174814068934
0.19384374818227745	-0.039076018939037026	0.8822588412579949	0.4272200873749055	0.23825544659517997	0.14619273891432985	0.5002034685937472	2.986763153745015	0.6846321492323063	-1.3676165648099932	1.0555377747388517	0.30868173016819384
0.23874276337088818	-0.14714517198642632	0.8587452554482095	0.42884353503848777	0.25543921369205175	0.0739103567130769	0.8275115681752095	1.6921247196036715	0.6192842429486136	-1.1201796967320625	-2.132063135500599	-1.8986948728562514
0.25546921870091166	-0.10470636638450846	0.8584308663426252	0.4322828967761147	0.2678764872614315	0.17987215868053041	0.654257187954927	2.170483743380759	0.380159035407569	-0.6158452223499175	0.37988658235871525	-2.596686183499715
0.23930795132740723	-0.10093863558071424	0.8879001107693828	0.3797057934431614	0.1845807181711567	0.1094048165112112	0.7330032229412455	1.8054565479238727	0.3953936101095635	-0.9066051011309418	-1.2709380346586492	-0.6692866860312474
0.2250270457173857	-0.10996450642434571	0.8626835766860542	0.4393719182409279	0.22138870519587453	0.12419396747553994	1.5233052477402746	2.030517399143804	0.2442304742645535	-0.7515128787432083	0.1669796873891706	-2.175634360673802
0.21206775660012708	-0.11366279396923572	0.8754391067467853	0.41918302238531463	0.3049725556451659	0.11869990421670777	0.9666512507504643	1.8031780395412103	0.5481354134373074	-1.144847141346875	1.0948031672626795	-0.09527984268194738
0.17491644487363878	-0.12662378320392192	0.8638109694488797	0.455193655381619	0.1733570658226797	0.15787902245658464	0.33084022103643473	1.9057030547175624	0.5830742831647209	-0.7034984403858906	0.09441386987784657	-1.5048317088048642
0.2399100277908512	-0.10712295285244862	0.8718134473132467	0.4134116164567197	0.2762452474388189	0.0633634704556235	1.7200565138354853	1.9619867579229464	0.4047313465415994	-1.343298541762916	-0.22417706035998033	0.3699009859711481
0.18929638482921674	-0.08937935268573459	0.8662561962571244	0.45362805518420785	0.30107216696599687	0.08272820447343913	0.49956412719946947	2.2533627229203916	0.6613211664823445	-1.0273507879059802	-1.6629660219804514	-1.222889122043874
0.21210661400782344	-0.06090374906917683	0.9135404164152302	0.3416802967970826	0.3395338314170227	0.20275950115477406	-0.058655986666823395	2.6925786452784983	0.7353491853293249	-1.449722880527326	-0.8034382915373518	-1.8914026821035865
0.21474184360664897	-0.10014571967609925	0.8713192008363663	0.42972040408718065	0.326634158299769	0.14263083602638757	0.282977325083762	1.693027673828537	0.5446967813849866	-0.8513032158476312	0.5609979751688217	-3.036299857485775
0.21188930613365953	-0.09962131728843736	0.8755104150144852	0.42268194696376216	0.25238266800624126	0.18095581975511169	0.73762386943746	1.9416266225519954	0.5066719900235872	-0.9616304061323261	0.6885718957560054	-0.6135030081812026
0.1966763001078995	-0.09078307533361486	0.871869058039997	0.4392279725168775	0.22938874072976026	0.13327123417705025	0.4943676281107281	2.0125311806327786	0.5290674077486403	-0.8556015375963589	-1.2768352210245524	-2.6731791726150633
0.24820595390916442	-0.17174514800109386	0.8557227706070589	0.4202807971424615	0.30943870890837183	0.0751789093135631	0.41299928290871774	1.2291350010921158	0.4417297312399808	-0.6410216683945623	-0.7562950983482363	-1.4019355768220787
0.2469481895215927	-0.101632455385094	0.8607508739422187	0.43335363008991956	0.21115080709274936	0.10099326037193905	1.939700068140091	1.9878303423269497	0.2388849278642132	-1.1136349585742116	-1.300302936903962	-0.682154182476304
0.21072264982071315	-0.1075610098167939	0.8609370706995811	0.4503487030235047	0.1535365008722038	0.07893035285774527	0.7498849095706442	2.0219426817464474	0.7381916788752224	-1.2791690446159476	0.6634846931892899	-0.8405577161338226
0.2709165230130759	-0.1031535539796287	0.8563504087138365	0.42734945812007596	0.29492304027476335	0.12176382506297458	1.2420286333936303	1.0253887612884462	0.5280916067874678	-1.5980950349606249	-2.3029128523972493	-1.6190292027500073
0.2405326312473537	-0.10066700425750813	0.8465154519822465	0.464135537439589	0.2332838954080243	0.12554144371092807	0.4573190869469309	1.756685775752213	0.937003840635612	-1.564948253063959	-1.070307489149265	-1.8698736163506318
0.2442102140822489	-0.1125621586318418	0.8680617521838441	0.41732472509732355	0.28830954618561333	0.08574031008876004	1.1128673349848146	1.526307172087372	0.5160124165213378	-1.312885984415911	0.20582846809020683	-1.501543813155809
0.1847800021348037	-0.10795857169971419	0.8826224829784484	0.4185437254918274	0.30066180557255534	0.21821791862228443	0.014546521051629418	2.611825050912824	0.7000637513969481	-0.8090218298414913	2.5559571453143692	-2.7187585164119454
0.2067024101283196	-0.08520249151063493	0.8705806744949659	0.4382966327539081	0.31908375176193443	0.10728196469850204	1.3816089323553697	1.738448999608025	0.4220423692175947	-1.1519222434553362	0.956969490541752	-1.817374900923477
0.2357222959829221	-0.1264864673275125	0.8599555788182909	0.43464074270464326	0.21773895262026785	0.12232314272406032	1.0198904448496386	2.1759799113858143	0.45429922919221477	-0.8187360893193776	-1.0841944440213238	-1.9856005215808274
0.24738237484335565	-0.12986287931690949	0.8664358425051626	0.41379526823630114	0.2903192386233149	0.209808763066603	1.2472166581591146	1.7343019087957794	0.6155734355896718	-1.4902849669497475	-1.0757193076760945	-2.4497620128207935
0.20261598163457967	-0.09969902383772225	0.8537146813406913	0.46923140506089633	0.14488984479988753	0.14590608632504862	0.5692160526153232	1.6768354511594021	0.6332604418162642	-1.0416548054219412	0.11737670229597134	-1.890887224987143
0.21203413574992486	-0.14406655074155758	0.8702560481033016	0.42064327520339195	0.3620809503053725	0.061003474757447336	0.8053252549147438	1.5976405304030186	0.6405944640179126	-1.1840700183204178	0.8615682069293644	-1.673624153050542
0.21788251012125823	-0.10375123598793834	0.8808709838694737	0.407221318929965	0.25389365778557754	0.0881102432553359	1.0678107486729498	1.9160265539946297	0.3045892593589338	-0.7420313957389224	-0.9564384939695386	-1.3774325459952828
0.20948269236475714	-0.12369591735213806	0.8645557971987408	0.4397267278208997	0.3489889649996399	0.19553484055354123	0.9261536022672079	3.1601811276440346	0.5349417226159564	-0.6040083470265938	1.0948801749801245	-2.1885804760976355
0.17080446471266753	-0.0738894723152131	0.87720683444109	0.4425769428303295	0.21272388879192783	0.09737752443497001	1.1430514494226238	2.0377832788624315	0.807683523895641	-1.7017901163125526	-1.3856733732559674	-1.8090068724623267
0.23965319332849333	-0.12711510014812288	0.8424917195370567	0.4654200261626929	0.1925885770349569	0.16006642667521792	1.3033096167829692	2.1435318827571295	0.632807081614048	-1.2311497909940665	2.095136307655818	-1.0415306014570713
0.20953355810248178	-0.13721395847554715	0.8647155168003727	0.43535628240907365	0.34234332400779155	0.15650749736226327	1.324257530293993	1.1219078882234892	0.4372315275473553	-1.1521962042381033	0.9738789981843872	0.5585940253185305
0.1999358528774501	-0.09904668832511276	0.8679075463545893	0.44379263090631765	0.27011131861349574	0.16552857030152487	1.1320496122704293	2.252026254160347	0.5302705487930502	-1.044423320399849	0.27276126675584905	-2.959838404558562
0.2108529123553944	-0.08269652780269407	0.8902083017264482	0.39526132264356406	0.2854778929867579	0.11872002510358005	-0.48812228581064954	2.287916483576236	0.8008985504291437	-1.064717845335841	-0.1422726529085506	-1.2790634689783367
0.19729313003995747	-0.13477791209643097	0.8706850346757885	0.42990453084561	0.21693072422854207	0.1123070113264613	0.5914429151453151	1.858317740698153	0.530055158133771	-0.7623518923167745	-0.16499705962163203	-1.3390499803256288
0.23308715277368738	-0.10233029709425581	0.8639639544619864	0.4344711439196667	0.23012917142434017	0.17657098447066388	1.133058210185579	1.9592404949854525	0.314466168142715	-0.7717407452107631	-0.07975176557130959	-2.035526338578029
0.2026012303721705	-0.13482425045757215	0.8688434088834859	0.4311453279115528	0.30058984516970627	0.1451855798440034	0.5565389482543579	2.4366064369739173	0.6265273934805724	-0.7621468079997791	-0.1964777591809673	-2.102138654046171
0.4539927905494061	0.6164583439293951	0.40527107926838385	0.4996248679135475	0.43078085665722643	-0.7835457609991013	0.9530703179562864	3.5574782593742365	-2.995099313724382	-2.82591433866075	-10.467027612744758	-7.107046255499557
0.18871746724957367	-0.07316056124564817	0.8918190707767578	0.40458867363287376	0.30234779123179756	0.19115677782750448	1.1221755626288432	2.2074988072954924	0.49117610853157706	-1.2069356628587062	-0.06204538362710921	-2.432026826237076
0.2251815885500184	-0.12210823147114151	0.8701941841954316	0.4208858678757552	0.1959008206807762	0.17814896163639873	0.9160402082913751	2.453596202216934	0.8196144061159757	-1.4728334522023645	-1.437960418160402	-0.5932357977714449
0.17215341630341657	-0.08577721486012783	0.8821081135240852	0.4299892402384989	0.2314604292175864	0.06343832823376537	1.0324643093722476	2.7350354508910057	0.8653246715508516	-1.6429444787138532	0.5373276970634907	-0.2707968531371408
0.19768196789682613	-0.1504156251605397	0.8708161453601942	0.4242360430892395	0.3199157824049947	0.16170209981285968	1.518884225528074	1.5053176391990932	0.40028585170324804	-0.9956912389881649	-0.300792398452565	-0.8891320303705875
0.1590043342326294	-0.1579526089006833	0.8640408432488943	0.45077934317628815	0.26906730571455767	0.15148578111708041	0.752545921541964	1.2795367628125425	0.386428315466797	-0.5577933965277845	-1.2427208893293817	-1.0780996885697622
0.22289517894818736	-0.1466939958438702	0.8390147868524833	0.47418645934684395	0.2819981563267701	0.10515542611322788	1.547510673468412	1.6623881439001462	-0.18016556734753314	0.10563622196310796	0.34030720934819064	-1.990454201056096
0.19670236694246462	-0.11665370938212127	0.8567367424532709	0.4622794015064713	0.1266721840667339	0.1467940489552723	-0.44534936831857286	1.6218848284873053	0.47000776990050247	-0.27228721202776074	-1.7708355563606135	-2.2504118820276338
0.25107829012258515	-0.10290974728657622	0.8664618380731054	0.4190622379856097	0.14873218438443683	0.08643192464679877	0.7233936143843553	1.039559801545487	0.44504676760996	-1.098318087125082	-0.7663815430819684	-0.22224264534835683
0.2035367947595168	-0.08214187395637201	0.8850380409339056	0.41052789408496	0.31294166781243865	0.11443167021605978	0.73689556492629	2.5789438204342106	0.4969881557504137	-0.9207644895705953	0.2810228293147927	-1.2263677012247294
0.2554776380316566	-0.10253483699807704	0.8543031045336859	0.4408899967697724	0.28689820325640203	0.13150377036504343	0.7803840144661875	2.4484555085995163	0.5386189140010661	-0.9264498892841868	0.16324103700582668	-1.5802549533301207
0.21545592826348337	-0.08608287403569498	0.8767080837973982	0.4213685056790192	0.2051024896175344	0.18771984094437522	0.887530967878426	2.712839157771954	0.323117898595483	-0.5718863358788915	-0.7296719257147211	-1.7474231336763042
0.18374081444108745	-0.1144529997791917	0.85905376178208	0.46386038666621193	0.3324409614460954	0.17377024925636045	0.7324963565454706	1.8024322099426764	0.5256534709968914	-0.8189108325976661	-0.29560057177248517	-2.2858823035523654
0.18291743439462382	-0.09208188803472235	0.8832858967531897	0.4217441910534901	0.23237136648403633	0.15596016424105494	1.0939845170594094	1.4478152088687013	0.6176721673503192	-1.4519996016489944	-0.46652227926417184	-1.7624612398392945
0.21633257670298267	-0.1126057304210629	0.8632352213935298	0.44197864007104554	0.196312964699458	0.12821291241035443	1.2679120433365236	1.6729715262625127	0.16083523753199236	-0.5084932170522677	0.0653797419312921	-1.6588221992102727
0.22991289611554	-0.06582048948433224	0.8705876640246429	0.42998237476892365	0.28956974067655533	0.14121534880069686	1.43095405822887	1.4231180405543309	0.489451053678968	-1.5382828553022625	-0.2620631276696828	-0.0847975704582103
0.22656671611485568	-0.11752835754642878	0.8762902441681405	0.4086196474682903	0.33078426747296874	0.0754914887164954	1.3732700905540358	2.784296412823762	0.5908594085974063	-1.2277134713689508	0.6285935762147673	-1.1623732235334219
0.2086844811767607	-0.13851810247188454	0.8804597544098045	0.4025594905951188	0.24539250213212427	0.0918066075597932	0.23785762386334477	1.6726021590160587	0.5645201162877211	-0.7824651210011192	-0.6894302433017957	-2.5381866326668243
0.20571635930555457	-0.1169638674410422	0.8676244164844703	0.4372963584884795	0.2424154947707254	0.18175089086813714	0.45403777768334685	1.6636267545937553	0.6371546853762889	-1.032777275089919	1.9221053165361912	-1.304890174594873
0.7300152094443432	-0.3008172395239948	-0.21976508859889585	-0.5729660445595488	-0.17323436993558647	-0.6081335010591762	-0.2776704208027438	2.6111009878748788	-1.1635627308012835	-1.2783608418328685	-2.568321895240411	-2.4969605221178197
0.2124942519755252	-0.11761582043359964	0.8756771890431271	0.41737533737706756	0.23498244359415446	0.18796231769522465	1.2491391636225084	0.7044034620096459	0.16680860120671706	-0.7874360525589995	1.3644772147125976	-1.3663443503401862
0.20970056324826944	-0.12469710500723931	0.855426362153138	0.45686107812946863	0.29656257557763244	0.11834774356093958	0.2513446450137696	1.522335067238171	0.36655613229357564	-0.3861964284382308	0.4543127603933881	-2.4137388733034157
0.21660072497211183	-0.10258203985427311	0.8574377800323921	0.45536963492751137	0.24570725881817487	0.16477137005100734	0.912185923284817	1.621251857370973	0.4413055042344005	-0.8996226144464714	0.37035854051792266	-0.6621491951528962
0.2202610248647077	-0.10235527135820738	0.8728105037291934	0.42333237996960277	0.18148902956457869	0.060672175340389406	1.0305748403036543	2.2109185427780624	0.6246229809759467	-1.2894685774656909	0.7656021214840895	-0.41975391999559014
0.19033495438389347	-0.07738335288884635	0.8747653163207736	0.43882805652963713	0.2586166895767991	0.15655732010572207	1.5013536934095355	2.3754475625626372	0.38615274735188476	-1.0020622277649842	-0.3868579143298103	-1.553782318024019
0.23624323518067386	-0.09643242054146621	0.8683546893464815	0.425264688858431	0.23960732808176066	0.15789120954111754	1.7078481773547893	2.0659278179455414	0.3240090569992419	-1.1418769421153399	-0.3813755135778214	-1.6938678366748305
0.22139054600321442	-0.06659925683078745	0.8786627241214834	0.41773506241324704	0.2721670726007616	0.12239738681536176	1.0439582984620446	2.1823906012114413	0.5005346502789714	-1.258161193941879	0.3751794735404102	-1.1243027755712014
0.1967521118124538	-0.13688583210694863	0.8497500530391604	0.4695484243671487	0.307906836503756	0.1067791737919584	0.772195460977882	1.4631169866449991	0.3661522386379846	-0.5596632254700804	0.14584833834100683	-2.373007740976853
0.23131955411306815	-0.11295675907478836	0.8692915402929045	0.4219766017677298	0.22874433158247062	0.1450903758469721	1.6266713176090688	1.6739427784564802	0.5772341128343454	-1.6327503963866041	0.7713659276041582	0.4211597600595071
0.23460088877274135	-0.12028747681776474	0.8590987154206138	0.43868296418997954	0.27853846059822723	0.14540641140663244	0.8478338615244777	1.271173409989689	0.6212361847694479	-1.3214544237851014	-0.4172421440203547	-1.0127393925097525
0.20549259355771973	-0.1435356804641494	0.8639200590185235	0.43682082602829975	0.2830180872461928	0.0028201341004256033	0.646965770236346	1.620965196283055	0.6704272099900705	-1.097648779234087	0.27471558692192327	-2.453329298070622
0.20938130192028484	-0.10982514340772959	0.8714713419430474	0.42969245799015643	0.26137321016893716	0.06229247318862838	0.42589727544149447	1.6512998983776017	0.3400203224063386	-0.47508081821577713	-0.1223258412572325	-1.3047877529514775
0.23712921282581245	-0.12354310606275731	0.8622245185304174	0.43020427358868335	0.24827648492619706	0.12497364050164976	0.789237378693229	2.0605063806518515	0.6146738042261232	-1.0752489766263216	-1.1836862188262647	-1.0693516914932208
0.18798515961416673	-0.10014410736446101	0.8782402774177742	0.4281667346328562	0.23739450320201952	0.12704738235325874	1.6823106088676494	2.645627344970885	0.6679535133299984	-1.4899081752429866	1.7611852801656538	-0.8750827089206911
0.23070657077001963	-0.09862458168596096	0.873462468986681	0.41726608460609216	0.2545163742183552	0.1400243427038017	2.1917406025587844	2.0301933554449505	0.5958855381934326	-1.9793260749071968	2.1921531688337708	-3.0020077351585193
0.22752490349966906	-0.11810807474324127	0.8673145075278089	0.42667135596346933	0.3081026238643969	0.1745155135504087	1.1684677878216019	2.370087972269718	0.7519947067295698	-1.4956356997046816	1.3280505008341095	-1.5463621732856325
0.24320261563936757	-0.09849903379382458	0.8618807026835702	0.4339494007710213	0.32037225578281886	0.09579271067143019	1.1422473633372652	2.2741512120543907	0.5130480516399735	-1.1429490713872157	0.5987155415743867	-1.5963153479373988
0.24472218297474507	-0.11570261998926427	0.8673660088642697	0.4176124561774502	0.3107614453917757	0.24813903910792012	1.1036894446629495	2.6249056457810416	0.8276468270988594	-1.6385084899426072	1.3539071718778402	-2.1655085986281173
0.25680344931586957	-0.10619491099400302	0.8639065875449053	0.42004766074216393	0.2662335195374698	0.16973827641799386	1.0563526956189393	1.760416938506376	0.6160353385517965	-1.4677493546281932	0.638782635778985	-1.2725312140064209
0.21861473815672428	-0.0929698643735662	0.860699325310251	0.45028976447339586	0.2849398296070678	0.1423425359318285	0.6933304584195948	1.8918469362572177	0.781675416952016	-1.4401282433872065	-0.8360141603380993	-1.2575169563038309
0.22139194798583603	-0.10308518613382282	0.8588791474846269	0.4502062413859593	0.23891435499946798	0.1807951297307556	0.7063137755972694	1.6208066782563852	0.3278023635697191	-0.6015768201839062	1.3837993345556188	-0.6360950362986242
0.25976681358703324	-0.11235219724391073	0.8628784426869576	0.41873497522828884	0.3026484559617862	0.10784383393830525	1.8410433591002962	2.3881610303469305	0.3068764670407168	-1.1337097304944452	0.608052676205222	-0.05564309410892019
0.25249683746435275	-0.11120975670115175	0.8659020759697752	0.4172425336853907	0.34708025794057407	0.17950342472443295	0.9514306456223365	1.8709031945179844	0.7096228561195884	-1.5497807439969251	0.4746067674539602	-1.6543567541766802
0.2654033126283953	-0.11615990746906843	0.8604746533589157	0.41910777667505245	0.20029004387303387	0.15016407995399725	0.4350845500521453	2.1305195799328733	1.0544243061038667	-1.8498757504093881	1.054579946905221	-0.8494957901120096
0.1804923143062377	-0.1045647874845804	0.8804509511856733	0.42578733218700365	0.24557776846101367	0.09473506797348323	0.5127979116601713	2.172150658698735	0.5798567157332202	-0.8829783751979253	0.7735421375345126	-1.350255727678732
0.19531997869591392	-0.10508191335336867	0.871708347007706	0.4369581846874087	0.3164224959990645	0.12915392447285026	0.6538195091063913	1.7055366091851534	0.94498108294861	-1.7672877800088913	1.523553606091075	-3.771981790143626
0.23098908972377857	-0.07104370038646063	0.8677693576746224	0.4342501294702769	0.2059302756852913	0.09787522820542555	0.870000784334833	2.2199311738536367	0.38731626878004477	-0.8735743021599056	0.734319887973513	-2.255303588244063
0.22576244732149267	-0.08184410811685014	0.8680425145669274	0.43455155304094023	0.14968741746380895	0.15058285273140085	0.492068054481696	1.608099690189311	0.5531420026742687	-1.0577059845247903	-0.06556507805492262	-0.30918479955658407
0.1998393080443633	-0.09124874615515687	0.8717128640630197	0.4380121001896057	0.22440850371322144	0.11521853579216486	0.6120776765895187	2.4021458889389016	0.6295965927561115	-1.0318249833548423	-1.6032897803741077	-2.453298867639767
0.24461436786255902	-0.1433076672880975	0.8594603428201343	0.42538763810334446	0.1951484370097266	0.15010357294823792	1.2499945005344615	1.6513451241292438	0.25862056364940506	-0.6849994902227015	-0.07188506411535596	-1.32167726947373
0.22636000200144624	-0.08773338719894969	0.8721928001635831	0.4246689553137978	0.3044234703295676	0.14638655790627716	1.3018351390526566	1.9747449690401457	0.4953501134809533	-1.3033049280064806	-0.6555631068007509	-2.399956661616466
0.22070913664078062	-0.11051422458346456	0.8747363017198343	0.41702576134035635	0.20301696561823745	0.129790368156516	1.8732355020974145	1.9913630768796966	0.10766694082152416	-0.68951717705589	0.08874086474572855	-1.7548975305426893
0.21367589497414624	-0.12659986511118007	0.8785570385638959	0.40798604884317496	0.243518885329824	0.17666153393826445	0.6742186934275215	1.2829751480178901	0.14707112732706468	-0.27170089870326264	1.1469887665089493	-2.2876949313542454
0.19880249355029114	-0.10069256814022921	0.871004308246838	0.437824245896637	0.17102598076366338	0.12681762317371617	-0.25060030709036935	2.385520562087216	0.8835336758626399	-1.09527392548474	0.7135746275579353	-1.9836618696482742
0.208534088695982	-0.13157587051033265	0.8601057870817717	0.44656394746959865	0.2818670611496671	0.13714249736009543	1.1255711519872118	2.424777089172736	0.6449671002170472	-1.0534162826630398	-1.0891131478024227	-1.703473971628961
0.2362808513971441	-0.13031774468661136	0.8616508542813398	0.4298214164034561	0.2942327299996432	0.1690697480553112	1.5825730378903857	2.0781762985904204	0.30539720592494024	-0.8521078892309132	1.12449737260686	0.09460686668913569
0.1720749169081851	-0.1363045535370341	0.8581212018266123	0.4641543866341904	0.1407287206403749	0.1201080175160696	0.8671177436626885	2.2165114460473125	0.6493389171795786	-0.8710466049063406	-3.3480120230210217	-2.6924278275452775
0.22114947983565358	-0.12961525181132547	0.8763330652690935	0.4078396164945005	0.2574175978740941	0.12231822408134689	2.0267833592451594	1.6328743542590791	0.09026200025526109	-0.774020540494376	-0.35426915684704824	-1.545863344898417
0.21320580302462885	-0.09706190952392646	0.8617981393827077	0.449918035016041	0.34744505356714334	0.12142498831126393	1.4234957835510074	2.1821093038043307	0.40175819343115654	-0.9733602463437734	-0.07304247901955148	-1.4633541209937249
0.19020801078419053	-0.07801783246949298	0.8790155578878692	0.43019272360345834	0.17470329760698547	0.2226445316174035	0.5980407927231892	3.2295661747316258	0.48574092242423383	-0.671239211758972	-0.8267191503065369	-0.15642670707097692
0.21837308131451855	-0.12939423394079833	0.8648480797492383	0.43313753997331145	0.2520680519327593	0.13668514447904023	0.5404322141940545	2.8794347107731144	0.7016077836463356	-0.8131775964685635	-0.4544623526649234	-0.8892883922459137
0.2545522439862621	-0.13255512338780512	0.8515254547139893	0.4387900344348491	0.15460123381731194	0.21123147973989423	1.2863972992450807	2.1633617667456218	0.5583712347016956	-1.1763210471510546	-0.31435349170641524	-1.44618923560176
0.15619013292040668	-0.11938367757834295	0.8826059683059237	0.42703499226285724	0.2238782883346829	0.12534346124006476	0.5844022584496265	2.1841049638981125	0.21076275919867613	-0.03875994493245266	-1.4171841036793449	-0.1416455350697368
0.19590544597471005	-0.08475987933316789	0.8735475990986828	0.43743732259811074	0.17657329521958565	0.12740494138101802	1.1941881493301787	2.048193181132363	0.2944213244853116	-0.725896899537707	1.2042832192435506	-0.5554281602142915
0.22345636160146273	-0.09109616661189993	0.8676389918308131	0.43470831915580305	0.3228240328551173	0.13110574067856334	0.6409357380710635	2.4205100011836542	0.7589719534402064	-1.3370704460765472	2.0155034369762337	-2.8503509975871277
