0.21932867255743643	-0.12844697277759	0.8675880307159686	0.42741936963227745	0.11346416255106712	0.051774747919579166	1.0428722228353324	2.0105687124641385	0.494768937480864	-0.9352311854198418	0.3476006064859916	-0.3858097362143173
0.24289242406690253	-0.04319623136701917	0.8883967363717694	0.38715448432193017	0.0950209007622122	0.11649109135811908	0.9871912734433913	1.85370106632009	0.27669686122847437	-1.0474500133150682	0.15068393567520313	-0.2974650555153471
0.22656279970821455	-0.04549801397109646	0.873851915225398	0.42776402229496246	-0.16985992836287986	0.10260439505243575	0.9795493663033923	1.8578457737159888	0.3563546088948651	-1.0491819975597134	0.6557988779544116	-0.3223666451880326
0.2650043660476336	-0.11852575073685158	0.871430852314658	0.3953891779274013	-0.05686525515749103	0.1612973666411528	0.9726282809605274	2.0282248440259183	0.4194306128865985	-0.9683083567845269	0.44504756414669383	-0.3650909636492105
0.2361036037901438	-0.19481960867066225	0.8628045588316013	0.40232909615652046	0.14722696107300728	0.1436107884431804	1.012412090317821	2.0573509190927024	0.5796866377387865	-0.8410480849041787	0.2593887097169978	-0.36534041470101813
0.16167419687766799	-0.13097875447526372	0.8890687599143297	0.40775330787679176	0.052014996202161025	0.15789226752201066	1.0784363725358461	2.0476425863419783	0.5137670236158652	-0.8900770696494676	0.4802898746629241	-0.32431016083382147
0.2101581653049674	-0.11167661932723986	0.8775012034887252	0.4163574379389992	0.02267752213517822	0.17160840784766873	0.9743675969792795	1.9545078396363662	0.48180960356500985	-0.98301831124075	0.2585029443376013	-0.4531667056624269
0.20617325636682865	-0.07032787106122942	0.8774725066592182	0.42730384852968656	0.08692708537864464	0.17839191855930178	1.051627464482362	1.9023519153893147	0.39766665916008376	-1.0109215265270952	0.2500721088531131	-0.22114683847332461
0.23419623475853368	-0.09862221548300697	0.8669136869858511	0.428819824115848	0.15589794824284867	0.09185006779747852	0.998080750272636	1.9373187250295048	0.4741781374509831	-1.0581497889025537	0.29686492923535385	-0.332411471671063
0.1677049140723575	-0.1402425993810183	0.8910921915778203	0.39769558864020077	-0.018742640755328884	0.020608889346565334	1.0663418417016786	2.124608292146496	0.5244749845393364	-0.8756087588720857	0.5769723670211415	-0.10909582401776274
0.2210597193102968	-0.049936885542646546	0.8757513874064893	0.4262609710217	-0.057688572148958346	-0.09428901276379857	1.0701346504567877	1.8789052723865216	0.36415761950718073	-1.0830185257944147	0.8186245564869039	-0.1383179194662619
0.19499415332552522	-0.11000994379957897	0.8698407486472658	0.4396045546020188	0.02510305959006455	0.05871673498414496	1.0769359709380204	2.020081246932771	0.5158204528366441	-0.992821474862395	0.5406655182959819	-0.39214270621124153
0.09581005872735104	0.15821051403810352	0.954079590204518	0.2356310706372136	-0.2753196615118199	-0.10741193062645622	1.1185725503827812	1.439777211222341	-0.18463833812167768	-0.6739294781040566	0.986393248902615	0.2181391366608614
0.22369283068511628	-0.011770362509428367	0.9079409854834518	0.3542120028257298	-0.005772241553126772	0.08856310756655926	0.8864955757233488	1.80295185462275	0.2012248890584857	-1.0157239986585158	0.42480920768975156	-0.17379870832528574
0.7423647580177929	-0.5260403012468616	0.29293487196308393	0.2938797854655311	-0.4458303164886481	0.36786692954857464	0.8627973925841309	2.1087550335381513	1.950994142619838	-0.349579892581536	0.5398120209086649	-0.05734614856577261
0.17721107999520616	-0.13420810753678206	0.8657990785920263	0.4483038841093466	-0.1277520990680534	0.015705616157302368	1.098990302662472	2.0091408731319844	0.5983748883637121	-0.9885765142535432	0.479687831433011	-0.3053025249984776
0.26834360131122675	0.27909996138133725	-0.9052509466275741	-0.17497327459397485	-0.34848643472715796	-0.11791129464371869	1.655717180494318	2.052482785400668	1.193475485873219	-0.36145997954485165	0.06888322346495905	-0.363354374366145
0.2372774249783601	-0.11455280051156704	0.8626833933523761	0.43168789921032685	0.15000198693009986	0.13788622924263164	0.9569275244141106	2.017000924717909	0.5188463132689649	-1.027604186482299	0.33355655614984636	-0.3219015380140912
0.22228674674576118	-0.13666366352457665	0.8522810179872299	0.4533527453009171	0.1392961475031646	0.20639235730919603	0.9964348661249138	2.0220281573486587	0.5956943582240413	-0.9989031449179528	0.25432060651339256	-0.3561549731997175
0.224910969929434	-0.147708980850912	0.8518577804653354	0.4493722671038551	0.05256634571282246	0.09323685825743587	0.9346296644883069	2.071703906247589	0.6347386369974009	-0.9900616277541155	0.3251679226558311	-0.40565754731117426
0.22410003474518683	-0.12341987373411166	0.8545936797843128	0.45190303347883104	-0.15226506437431378	0.17205238523210298	0.9672811498474003	1.9644922269126162	0.5289139481015286	-0.9433813059572492	0.4162641006001217	-0.4133130382959311
0.26387202093497797	0.19619640880898462	-0.4294374048070242	0.8411076275309577	0.5222452749062262	-0.09069966481784886	1.4525547306315025	1.8384689933714433	1.926581634827783	0.0991034300300718	1.111239129768042	-0.49192252040235646
0.1578363475349482	-0.10973454875201073	0.8721727778555034	0.4498451531080825	-0.1032563189380309	0.21008518742452573	1.1369367683440461	2.0147608424394496	0.5570036818695535	-0.9873720333060737	0.23849235458508608	-0.32794661651035734
0.16309620507837372	-0.14630187963192245	0.8679656221219515	0.44568045359837505	-0.01736997071126863	0.21431051740035664	1.195042821786621	1.9204030629717426	0.5883935583728687	-0.9528211275431313	0.3583026079105922	-0.4634027829960088
0.2380503678005897	-0.08991751210866876	0.8705103825460281	0.42125827859611165	0.03518843382413855	0.0640731117438988	0.9124140244176436	2.016825554225017	0.39203681946907964	-0.8952338713696045	0.24550364099453822	-0.1989038358913512
0.19416686301596725	-0.12020671813915655	0.8752625236272448	0.4263391712644039	-0.07710817663104007	0.1911167510259877	1.0963781005171676	2.0378711439146366	0.5075214797701275	-0.9666693872222223	0.5802449668015816	-0.3562692479311878
0.19640400039801637	-0.10963871246640736	0.8649100508727522	0.44870416228920557	0.06610860006567233	0.028992678162944662	1.0331250323336978	2.0553909028298145	0.5513278780329103	-1.0127129148500513	0.2740050839686085	-0.2035191135484973
0.2299436905584981	-0.10598424115845916	0.8620168980393315	0.43911286395760707	-0.13732586213070308	0.028969014746954586	1.0402126148009099	1.9886234826733902	0.5015681300940668	-1.0493606959220305	0.5323202373540142	-0.25666648649162765
0.20345476316908423	-0.11616263386905	0.8717970556954607	0.43021191931087005	0.03823541979096251	0.08126264474397392	1.0327461772115858	1.9889629321502962	0.5360605497316359	-1.0376513176982172	0.32515199719865	-0.27313236931350693
0.19303614386172854	-0.0825667537826113	0.8505580093712426	0.4821523110254941	0.2526725102986774	0.20577532989777725	0.9884173747694427	1.9411396324754557	0.5809381725945905	-1.088138092697513	0.27766160580876204	-0.34081033150915485
0.18606388627082374	-0.08144391370609941	0.8522897556253655	0.4820262353877497	-0.19175274221439087	0.0707526483410323	1.1628182105807923	1.9192333639795056	0.5293240877223614	-1.0604943437770316	0.6235938248797125	-0.3607514029760858
0.23251832470384742	-0.0861926311075265	0.8652943738842819	0.4356279439428634	-0.026298301083478175	0.0906334681914812	0.8625671690415788	1.9368413310687969	0.4287235099971164	-0.9287587481600063	0.36266637294904047	-0.2737446122185412
0.3095278408476107	-0.0816434475024032	0.8499119180103915	0.4185410312550446	0.13154580868034157	0.10373961421737216	0.7657920058124675	1.8847929805742565	0.42579819486355835	-1.063322055862515	0.1937395125508288	-0.4486780417719746
0.16433108860425255	0.4502842075787856	-0.8772758605453226	0.025029786809923266	0.10198511928141846	-0.013990065880616666	1.5268095846976844	2.1880078778619496	1.4013477457199717	-0.2700432530879346	0.6375908240794411	0.00019982533409872624
0.1760730780894714	-0.0988124016870248	0.875113863423632	0.43978415897881756	0.04335090705770162	0.2267596090634861	1.1223650815967985	1.9498606363456439	0.47188252994388485	-0.950236150061114	0.15888245431477274	-0.34961320488208086
0.2766383378760142	-0.015093065832639519	0.8582545167428556	0.4320215432955343	0.05455701041412739	0.1590866774851916	0.7468507719490324	1.723407381801947	0.32586855547659715	-1.065396441146461	0.4525108925679648	-0.40465206219189187
0.20691216441588847	-0.10940037543897285	0.8735476700648754	0.426770877866299	-0.045299507420569034	0.19289665172380457	1.0458948750135182	2.0241624728319794	0.4969765750580042	-1.0054504403564413	0.2107853634920417	-0.3337108816790573
0.2540345140384188	-0.11471283507804547	0.8526482362857636	0.44192580407167686	0.06695535813549498	0.19300941688649753	0.9442839867087642	2.008759734839128	0.4686346495562027	-0.9255642081582405	0.16294004531696107	-0.3129403338548365
0.2605874379406566	-0.14915660710250403	0.8536549259112731	0.4255816739623695	0.10872901979933747	0.17783314073047282	0.8947726028691844	2.0965663318494157	0.5718931783955549	-0.9602133581666518	0.30122975052049067	-0.28138217410666694
0.27874306127959286	-0.08929663295970156	0.8642819333595081	0.4090784237757991	-0.07001733921792531	0.1429083847781609	0.9180391133641513	1.9695978237501233	0.37484878108830977	-0.9875700712725891	0.28174962536376735	-0.3320733228268646
0.36404405820910135	-0.10568121196061987	0.8179088221257929	0.4328146991611782	0.009792440145326433	0.03980706025262735	0.6589269340984826	2.0213276576233232	0.5135588204878005	-1.0311719295758603	0.6138993888316218	-0.5119101017229426
0.19228543752182256	-0.1356420999054746	0.8665846133026683	0.44006663045195715	-0.18719942403845016	0.15568889484725879	1.0441356253954128	2.0872176877594426	0.5536775065335118	-0.9031948023854083	0.6155339708807469	-0.3145560089991351
0.2268295824946244	-0.045649996489159544	0.862487033931287	0.4500894740229605	-0.2124798935570498	-0.0591219503548868	1.0131249519333174	1.8545322862577642	0.38969481912267084	-1.069240837576603	0.7624958730475481	-0.39736742047550305
0.2527514627269849	-0.09301479859516239	0.8615185855539989	0.4304075650783894	0.022663191009986792	0.11533209717593124	0.8687147194737941	2.00891916026847	0.45504249187185514	-0.9868257516342227	0.5234988797756109	-0.30177780002531823
0.18489951197028137	-0.1561780299243555	0.8717013047143438	0.4260955629919298	-0.09572752922990636	-0.015101011327178901	1.021919551496221	2.0122679682467126	0.6393466893986741	-1.0138564214659178	0.5078354822445279	-0.2990140377409332
0.2463134130053286	-0.0875894486987294	0.8645758317315223	0.4291461548657586	-0.31600997799849745	0.1615192852196309	1.0449538161920577	1.9110015116293588	0.4094065254097726	-1.034532301459158	0.4822541200307228	-0.36370508853189215
0.2031024776744974	-0.037345547417437105	0.881217927742558	0.42521718859388086	-0.08384774258023403	0.04129633428176955	1.0882524563661462	1.872784887356364	0.3491489434569994	-1.0788907742737894	0.7414014427450484	-0.3699108393995923
0.21945581528809688	-0.11636478884446462	0.9015618947814948	0.3542379580612738	-0.12778381009601666	0.09449861849852505	0.985960999713885	2.0133316377498294	0.3717109072551225	-0.895483803389714	0.5715150525313569	-0.34658153413521725
0.2055990928008267	-0.11776656619979418	0.8696965914130392	0.4329987157134853	0.002197515668501659	0.16755752385967504	1.0250018516443693	2.0462883745394436	0.5211322932366236	-0.9768668110235688	0.3159921816975401	-0.24918363275309086
0.5722341075090255	0.09990861100845028	0.17202319718893092	-0.7955968924515789	-1.6698947460647944	0.45108834964332106	0.649330688539889	1.7006437077475185	1.8042710120062546	1.070711303499251	1.1736176929230726	-0.4370904880784872
0.5147785722390327	0.036103585352510736	-0.6468632139351518	-0.5614868966821247	0.06189988001575977	-0.009086654962725225	1.948003276261259	1.8345773642017909	1.7658084021695533	-0.1303883188169344	0.08499154206569676	-0.3312779930199344
0.24086668472750983	-0.07716379173508886	0.8781289993212086	0.4061015266956959	0.15502453657375612	0.15422548968874247	0.9211040204009858	1.9644626696355132	0.38060177140369295	-0.9960448544133638	0.37018892117530333	-0.42420238539040905
0.22390425484208526	-0.03185336641196917	0.8803634099797887	0.41690828017753967	0.1660996034939762	0.3214645430051329	0.9630775063246383	1.8465646219751322	0.31201590041256577	-1.0350123863527094	0.1055275990320696	-0.5527325210163592
0.26327497154099655	-0.16131683777596773	0.8369118100284058	0.4519311777749211	-0.001626759527214967	0.05777605043601595	0.9335508162953194	2.048094379652744	0.6093572800388124	-0.9412202142934003	0.6533447345565392	-0.35203696540204277
0.1918761212641887	-0.0531833514067517	0.902682887079477	0.3814691214182564	-0.1754580330625082	0.2085290256317911	1.0086621925020884	1.8400922433710567	0.30622702776835825	-0.9754441274496107	0.34223277926699053	-0.31983611757312574
0.17622971519028843	-0.1407213248960004	0.8570757874598859	0.46320804262607584	-0.021066784637303635	0.13829541704987702	1.1100942192281928	2.0675922168463567	0.6839514022091049	-1.0597299991585263	0.408122667512121	-0.24740286784949436
0.20618169929892413	-0.0835915491223857	0.8595450245029859	0.46009119817889294	-0.00042285980347911883	0.12100119015896445	1.0218603017992258	1.9649541550604717	0.5126230474863913	-1.0586116916286021	0.4441688640108475	-0.3246142723690709
0.21523487943512046	-0.09123060721908859	0.8866866377394165	0.3989207056989575	-0.10205028225931158	0.027887853275565446	0.9505121024835992	1.9200260262189204	0.4245705417463114	-1.0174434113776183	0.5026610636815251	-0.32748616389411295
0.23468587554537584	-0.14018590103623577	0.8693895126685426	0.4116215837782482	-0.1257958529639375	0.13106178599188323	1.015542501763526	1.955075593753716	0.5078821522893784	-0.9858736284492999	0.561707858808309	-0.4269134440739861
0.10776978950233186	-0.37638642195305194	0.6528447263600904	-0.6484695036035394	0.9602481559584849	0.995617869078894	1.3888211037674492	2.2182608735516656	1.5233899906272457	0.47694888457651774	-0.4656058038951915	-0.6839899389802121
0.3104268309128455	-0.7841405352902739	0.5279839688330059	-0.09995865254913124	-0.2810146770357472	0.830054004278383	1.3133316021652153	1.956538174608277	2.104431409515948	-0.15407847374407715	0.27932118960752417	-0.5174782988693104
0.20555932912216232	-0.058716196707521484	0.8718906643558626	0.4405728542070458	0.06869496844487218	0.11114368568792932	0.9644093684915644	1.8967438979148918	0.4057382501656289	-1.0001368519561893	0.3066895704105211	-0.4386421103143747
0.16315154863800302	0.3910499890949943	-0.7266454794333129	0.5407844537567227	0.3646211381233421	0.2708123496481081	1.5334317839467666	2.072725161408876	1.708578039994848	0.3343468654058488	-3.7868437416275103	-3.5522824473752634
0.1981922408204413	-0.10314070220379859	0.8777324787426336	0.42387206441070374	-0.03250756253243554	0.2037592185259062	0.9574804436149594	2.0363188805864403	0.5016702498717112	-0.9910304136758927	0.2624455885158968	-0.36488600296556367
0.18602789062432837	-0.06765533869087134	0.8776134231005983	0.4365902640349833	0.05565543857173332	0.19781393442393455	1.0371666619973012	1.937983927072574	0.42699780980642477	-0.9999443709064642	0.1647079136659991	-0.3933460010743539
0.22096839711023603	-0.11632072330958615	0.8821520361640678	0.3993122110565328	-0.05387926957639224	0.06219507055663435	1.07496492630883	2.0440293257299684	0.45069775936658124	-0.9950966742282438	0.5051351518044697	-0.32145471915297746
0.2018784744907895	0.07152898737014038	0.9091161393915367	0.3572625513553051	-0.06563345336025077	0.13174138707228555	0.821442837937991	1.662352108003982	0.08875883428332645	-1.0228614147122645	0.3775650758913507	-0.24062276573973232
0.34574576006183927	-0.16706288595416563	0.8290856247607964	0.4064072936733867	0.09450944186637306	0.08994912157021716	0.726862862464019	2.138570643746467	0.606133291534587	-0.9757954007124252	0.42918563663278614	-0.3275615392502446
0.218438037402795	-0.12973672762285776	0.8772954526296936	0.40719269899715604	-0.04402125555403021	0.1033702960922983	1.0086206215941738	2.0697415875275804	0.5151545418179666	-0.9915264846521891	0.48525295489145764	-0.3923932473205136
0.21077230310263803	-0.12802612861332408	0.862829238620748	0.4412596192925823	-0.1622370377532909	0.08626315241641214	1.0723435004648354	2.0103672477116734	0.5556586840361751	-1.0154551043960467	0.4611678930572363	-0.22326100361865142
0.21644073270730457	-0.021476084762822967	0.8638672530567763	0.4543407929126823	0.008857126185801506	0.12885182152818805	0.9642401707307522	1.8208438256504988	0.36863068567247903	-1.074180963181449	0.49685827470288474	-0.12952962320249248
0.191286275970776	-0.09088488762915012	0.878249207425631	0.4287514751952695	-0.10612874337623664	0.053340970389709606	1.1404803088550035	1.8742378407120892	0.44374270991529335	-1.0204863286830517	0.5803347770797987	-0.16181423095768713
0.19657487777512786	-0.12683006350091144	0.8659217278237863	0.44209955180108124	-0.15674972008094631	0.010339601682028595	1.019368947970719	2.029598704463321	0.550493189190291	-0.9492255887071254	0.6650459755088093	-0.24763088159248473
0.21291797110518917	-0.13161607892483557	0.8778880413733154	0.408234898266458	0.005817406805920761	0.09071965852941632	0.9826963290907159	2.000744443996979	0.4831879531912794	-0.9065577131372387	0.4646530979290078	-0.35575367129936836
-0.17066709884741388	0.5099651704267556	0.7929529339668419	0.2864156260332078	-0.3223009184575682	-0.24532534969474237	1.7448591491706544	0.5159876146973122	0.35014286135155276	-0.8483911145580205	0.4925569768321141	-0.10575236400853827
-0.2992272897896096	0.7645201261911185	0.057708864539493206	-0.5680155743000744	0.34101383310208916	0.0607320152232124	1.7554391556140738	0.8993190176725359	2.2219479352926492	0.5114266113595399	-0.04727201757531684	-0.09240671100368847
0.5506177986410697	0.5968170933907324	0.5336763936830976	-0.2362602456650368	0.5952481862522796	-0.2740793034685715	-0.22961814175578427	0.04317015939008851	0.4312753495595272	0.5481003635614771	0.2994392337828564	-0.8104525377920727
0.1978137053280611	-0.096673606291298	0.8923621256797063	0.39397181178786667	-0.05338437598973183	0.14843193315376646	0.9293996772067175	1.928883342544358	0.408879596971656	-0.9194681967138477	0.25103443788191093	-0.3447580124679159
0.20756267692734215	-0.1788422537330831	0.836249730520125	0.47499428589346826	0.2832308290186106	0.02817721550798522	1.0933814461713314	2.0379433625157297	0.713099646904354	-0.9659151638678507	0.34143877587835797	-0.36461911763906407
0.2098260031645827	-0.11726214891311942	0.8699220373156226	0.4306486802730163	-0.13758145503160174	0.05485574867343007	1.077589641008766	1.972557897583608	0.4990871061871386	-0.9960945925540794	0.5243928795832687	-0.28619150124353276
0.6153617485285668	0.738871190414824	-0.26943534959014454	-0.052951627114587306	0.005973336265199333	-0.008357324453451066	0.40100182030842485	0.6038862343735886	2.5914489089945896	-0.09957428793786914	0.4379898086714211	-0.560442348543089
0.2588118494819387	-0.06112400040449473	0.8693219307369269	0.4166049254174888	0.06884308726809753	0.05882502147495283	0.884772236409545	1.8863464390059446	0.378208649402055	-1.0620939520837316	-0.6641273906110617	-1.1154762765163861
0.21700637747486182	-0.16601146431815406	0.8531893082350395	0.44431568750562334	-0.1211379596679684	0.1237560319037247	1.0436630695172238	2.032908806929134	0.6407246349076854	-0.980507315932151	0.5753845687472423	-0.2549341991075966
0.19293514109050525	-0.11717138945769769	0.8758966276211726	0.4264410798068079	-0.03996815195241121	0.13349754681877224	1.0641067600600975	2.026369499620394	0.5034845540072719	-0.9587994692300429	0.37565191339627724	-0.42958802020749376
0.22605402872881603	-0.10287818589290443	0.8699952208839685	0.425938928253701	0.011770275880408373	0.1693849079513946	0.9825258618889162	2.027932166245506	0.44728815338446465	-0.9452352817015327	0.4483217217156548	-0.39755018316781765
0.5635156027327943	-0.3436475248709081	-0.08033257766921988	0.7469291941622128	-0.46641621289633234	0.13444994983638422	1.4965435077240212	1.9649205950055415	1.9005202820796243	-0.02063358170733058	0.6518718208304354	-0.16824521107633153
0.263691585829691	-0.10133201313169725	0.859463499097379	0.4260528892010826	-0.18850217197728705	0.15986521461465675	0.8615463119261334	1.9746797663353624	0.4537903758672011	-0.9789876142513709	0.51667232614031	-0.4090166388332667
0.3131445624921235	-0.0655496904276615	0.8271105113827634	0.46209514499353666	0.1290831449799206	0.1152747314864929	0.8917047485399179	1.9712520727153833	0.42822815423768107	-1.091137925457711	0.1625769992160804	-0.5158362017136519
0.17534271960523135	-0.10733744382595115	0.850253819440729	0.48456376913756605	-0.2143855686685019	0.20235169658640625	1.1164418491335442	1.9579838892156636	0.6356499757462055	-1.0856337547259693	0.4940776409340837	-0.3472805318161574
0.5168723607992186	0.07684714747439146	0.032498969340267705	-0.8519866756931775	0.012102821635820826	0.1894394635214415	0.875678686243703	1.691266868350439	2.1518517775860224	0.7658759554246553	0.8226451207828399	-0.5474804267129044
0.20576578107514473	-0.10811528588390179	0.8588901742241499	0.45637615726282993	-0.12386563135453359	0.1675344595260576	1.051318176492352	2.030788759964984	0.5415647136743613	-1.0121269534385953	0.2788296661414111	-0.4182219140023069
0.1355850041312178	-0.036798762017313975	0.9336391682160431	0.32951549484293724	0.10329424684259558	0.29131948453306095	1.1009785933347058	1.8506587705846038	0.22047427954409027	-0.8710293230825247	0.20179420277904744	-0.44203103961123963
0.16874696042227802	-0.0958511535052661	0.8757393697526247	0.4420606021635809	0.10965238091108721	0.223915251469289	1.1279817806978965	1.8966036563803537	0.5159845689948946	-1.0415310654203256	0.16462189684976905	-0.36702179642677063
0.11289579727918479	-0.06996062450071322	0.8832267698810765	0.44974495321416047	-0.18133742736260092	-0.03969751079168324	1.1031547962355417	1.9649909380200055	0.5418634583647155	-1.0353820666611577	0.6766972541100208	-0.35033584668384316
0.10583877120757622	-0.5674892317039001	-0.4188108175626944	0.7009647819269202	-1.0134542831732052	0.06441067543974811	1.6616558823175296	0.7231936836976937	1.2620467864080063	1.0886365153761106	-0.24644953522030177	-0.41772884829755014
0.4193544230380221	-0.04823605714185655	0.4997334294053458	-0.7563607936723237	-0.09836925745220604	-0.3422622461337681	0.6828034840150686	1.836800921734876	1.2691384702532205	1.0999612274440547	0.7806493875575787	0.1286811507524754
0.2577132940110081	-0.12242878474854786	0.8739575511739198	0.3934377326859675	-0.06561871513587417	0.13716704363794052	0.9394760824963729	2.0398814649446644	0.42593637867372014	-0.9267682056134722	0.2890596915898382	-0.3130772499753663
0.18761777888683787	-0.11455512604694995	0.8988205529253459	0.3792074706290905	-0.05579813452508664	0.2881002832010946	1.0528712106875466	2.0718425776978737	0.4158312391509966	-0.880665230853148	0.3698392779679436	-0.38503668390017015
0.22392950700839115	-0.09505618594747955	0.8826659912224692	0.4021450551024502	-0.015358421672535169	0.08906336548988653	0.9642251876777113	1.9585537774095685	0.39864732498336325	-0.948956726635781	0.4730993715180866	-0.3003449776404767
0.21650391970121308	-0.10099463541109385	0.870029481052863	0.43124800112125367	-0.07248763683699898	0.08503561197612443	0.9921684525692109	1.9992928802728982	0.45724496934797093	-0.9523687200635477	0.43473096752255946	-0.2713768251068213
0.1426037335385783	-0.1135310112904769	0.8697880328609252	0.4585233500577061	0.056628153460150356	0.13136025203008805	1.1238327811394646	1.9902706316918088	0.6069475894467866	-1.0080643934976352	0.26799594606366	-0.4470879718961694
-0.04671805670587279	-0.4161697781577374	-0.8861626546311521	0.19833277203436647	0.07645154490370452	-0.05279172333423473	1.2244252501364703	0.6962559399808201	-0.3266461934101709	0.28992581449585886	-0.42565323406465533	0.6927859257464343
0.20071654061948763	-0.1512227771506381	0.861881684969306	0.44045942277020717	-0.11586869109986632	0.17319800454732603	1.0849315589432973	2.0526612292908957	0.5940904262816569	-0.9521654291495604	0.43430724286548106	-0.3917367335584578
0.2654620812467154	-0.09021958656958186	0.8327429281106683	0.47741965324130364	-0.04217538308777471	-0.004890285516837027	0.9586911895464556	1.9430807449349523	0.5117942576405753	-1.0585765840120216	0.4546875823223527	-0.21569078880335232
0.20035850290211898	-0.11792660910371204	0.8797033051459099	0.4148154771648279	-0.1103805346979168	0.16355042873716355	1.0347922747912441	1.9607657832212104	0.4674419864472669	-0.9337000490406507	0.3510511739469213	-0.2743158519592044
0.19347661136935648	-0.0535182355006678	0.8772845168036343	0.4359753156986527	0.022832739388497576	0.17149340523143877	1.0757117547288693	1.9391142739539546	0.41709362369405945	-1.0786318672874466	0.33956574037479564	-0.361822452808803
0.21068670306507334	-0.17517122737224802	0.8472598923477943	0.45505695145912634	0.026610286625224026	0.15735738307524297	1.04468434706961	2.0713679951209776	0.7005363469774192	-0.9906306787825149	0.3812014091203875	-0.5304911280395915
0.2918186635621628	-0.3016496210639624	0.8175116505324475	-0.394365407905504	-1.195093486474705	0.8366563431541034	1.0022565840773212	2.332104456219572	0.7193763221033379	0.449068991088353	0.21606566264494154	-0.43279029091120386
0.25589512310710194	-0.08697533229088593	0.8528719846318015	0.446724025963573	0.13285869508475498	0.1288377210229828	0.9674162996696083	1.9769969558166622	0.47055140264992373	-1.0676104862507563	0.5402130692490125	-0.5220313406509128
0.2511450968462735	-0.09919125107803406	0.8768383826412278	0.39779603664034435	-0.11533157456355692	-0.029683997197268937	0.9047461718192973	2.0243230767990967	0.4028732974043218	-0.9544645041741269	0.5738026380208564	-0.42750309970344885
0.2184106812431721	-0.11673563820898686	0.8728958215936042	0.4203836934697405	-0.1316466758228528	0.22962482349799973	0.9654799202292741	2.073985496170094	0.49019426778848696	-0.9435466714232553	0.3819617430841795	-0.28060543412937
0.24186674301082778	-0.1409311414069382	0.8510732667161358	0.4441994897432875	-0.15937103853029388	0.1005687755661655	1.020188518168206	2.1241037063831816	0.580344655039689	-0.9935021221659182	0.6174160811652302	-0.28595853162383483
0.22342309376985167	-0.0825114283987041	0.8495918561438158	0.47060350968519077	0.06171848207240726	0.0663018730631068	1.1123213000068908	1.9942349989269885	0.5141480946374712	-1.106636714617203	0.27705591308456123	-0.2850517650308083
0.2185848492179769	-0.1240743590317566	0.8695887796633325	0.4250194953256256	0.06696024433722418	0.10175513119039048	0.9475878073581854	1.9842887466280648	0.5407330446527792	-1.0144108135870529	0.28731977480016674	-0.28898258528179377
0.27912264234316037	-0.07805335539597982	0.8616349558541444	0.4166334445205132	0.06343644725430254	0.04364506335521052	0.8423707931921002	1.987248582480366	0.413213040642394	-1.0466085897018826	0.19634188924888288	-0.43150750217474315
0.8509589556224806	0.14558489734391572	-0.5023635947922174	0.048007417538327934	-0.23691273179518355	-0.19180519484823366	1.1021166226034453	1.5009599495047004	2.331053401112298	0.30543729857822793	0.4814359857978557	-0.5392475961466191
0.20348909531269516	-0.11630271862639141	0.8678556725582149	0.43805524461814166	-0.00901289993222687	0.22044453356445037	0.9891391358802935	2.1312318164016406	0.5606801800489988	-1.0044405443841407	0.10412312410314474	-0.38387701511076927
0.21526620431659108	-0.1341597966623369	0.8913407936891145	0.3757302220267989	0.0576443623026841	0.14385788500213958	0.9560538163760457	1.9851499914548962	0.44208309213211877	-0.887672674809816	0.36796392413545603	-0.429916139506628
0.2307764785519472	-0.1519654754922156	0.8426535792783546	0.46215111872088466	-0.06318551266935334	0.31859916075469463	1.0373289058549464	2.105405772634406	0.6412996918049724	-0.9949897007999854	0.3790278641468414	-0.4768890727871559
0.20971372821004397	-0.04677880379604913	0.8633801641332924	0.45651570388851215	0.09487224324731375	0.08375178135863037	0.9901715615869366	1.8756112018436022	0.4396617553057756	-1.0941769484457071	0.36691718528622724	-0.3113085205529898
0.24264504498042297	-0.19453254523290497	0.8497887721968875	0.42560487971798777	-0.09837084028842104	0.04412836505433974	0.993889616650102	2.092411278513931	0.6622924661439853	-0.932623237207818	0.5161964761582102	-0.5609505163608816
0.1693123191581156	-0.1116581103337601	0.8667482857399583	0.4556459306795551	0.08875596957915789	0.055616179183610504	1.0924763667050414	1.9627342542850938	0.5823895967943584	-1.0328188233874613	0.3687057495400586	-0.34813860855306533
0.3655474133606758	0.6032638601735627	-0.28672829150569273	-0.6482551121619001	0.14023583591717267	-0.11344982648152875	1.01824494109862	1.0332360664867755	2.3685334995529628	0.4880875024178944	-0.06200892823370596	-0.5529494756232166
0.25520041126183085	-0.1043785696685316	0.8646889221824303	0.41987013723380107	0.04091182791433494	0.08232690150752976	0.9330810251133391	1.9622274328004936	0.4646156287332593	-1.0361683701874749	0.6295064844124465	-0.27784368786160557
0.2175365902521951	-0.09944044628164986	0.887337827849035	0.39423471284618194	0.19196257136652814	0.2743656869844182	0.9649452532005072	2.0123724457864105	0.41695494394559596	-0.9633336892055033	0.00723275440152672	-0.48256717684916106
0.20029313583083327	-0.10909608429499658	0.8664876888278252	0.44404930946952764	0.05028268998832321	0.12315332440860759	1.0404728563203498	1.9720598290409068	0.5419457896519612	-1.0423277565589917	0.3751384250998282	-0.26652996717228333
0.22306003402233557	-0.0768215393096025	0.871886602130234	0.4291345072886274	-0.07200920142519032	0.2097815364345251	0.9603011975530323	2.0406534639430416	0.44561627722165326	-1.0392208776654177	0.2754547369045025	-0.3885069085749566
0.6745623590958643	-0.19994504464544757	0.6383174273742547	0.31231148669728	-0.04803366195185357	0.11595109025285645	0.10795810243965671	2.1644745662649023	0.9156406301687434	-0.7188908813517715	0.5009121049903237	-0.2834577380589916
0.29666816035617205	-0.019236234532736565	0.902477119575866	0.31169378972628614	0.04371730268375836	0.1877430261806089	0.7167801876008335	1.846244301627579	0.1002992427758077	-0.8586916126735855	0.25106232762851416	-0.3813697452460692
0.19090175147446084	-0.009449742708565596	0.8713761802813188	0.451852604380083	-0.16867968080336534	-0.02938648385638815	1.0982437749409055	1.936752474597171	0.3302736615052518	-1.060406523216475	0.7634356972876604	-0.31289526137423224
0.042203401534716835	0.6378353785550893	-0.7411805722080336	-0.20502746680324882	0.6249390061378817	0.04843342606715853	1.4586222806776943	2.0651966654506975	1.9235936817906214	-0.2288276190476198	1.0303108791444007	0.11575425489151052
0.2606123145300962	-0.11619902149857483	0.8611492637357924	0.4207148137222444	0.07672288816364832	0.18865892146964272	0.9415699069607387	2.025041715836136	0.4699385087862568	-0.9858555824164058	0.20807614634148888	-0.3398136723839995
0.21033026460909987	-0.15720161237591787	0.8593547121687847	0.43881466649279466	0.0899990097985393	0.1642898468625451	0.9810177079224082	2.107969564013995	0.6303441167964697	-0.9494912514619216	0.3515735214501284	-0.3643578169794624
0.21191723149752964	-0.08872771329995434	0.8567450822056816	0.46174272490572466	0.09320318615457061	0.07973967007823833	1.0302982902658537	1.87995449265303	0.45757445808907904	-0.9606184154823646	0.4142990902538075	-0.3465189789083398
0.22938677177258157	-0.08917684383145415	0.8751888812387729	0.4165016465946312	-0.03629549075775367	0.14035753273582052	0.9435635261435303	1.9498121735645293	0.47506179827733286	-1.1004319023052638	0.394584853713082	-0.2844935083067379
0.16734568099118124	-0.09177619152951928	0.8860873494860221	0.4224000033176737	0.3030753450827974	0.15895976043108845	1.0962637906270247	2.0057814938597662	0.44231418299272934	-0.9263755279742071	0.28689950524452706	-0.4894433030964254
0.930905987848846	-0.27600827955070434	-0.072951181966866	0.22784116497301718	-0.0121214352448491	0.3657733903187557	0.8034241645860849	1.9751926563075612	2.407062572233678	-0.11913904599974608	0.638981204948741	-0.01228735717638497
0.1560067978189983	-0.11437076354275298	0.9094591707586497	0.3680560068846851	0.06118452452201597	0.15314341896586267	1.160480204109237	1.9848980668289014	0.4440056188332653	-0.9722256078979276	0.31468065376095716	-0.3192110961691286
0.20646738751834262	-0.09741627143555247	0.8873421441008726	0.4006310113476135	0.03826250984306522	0.19347571767705476	1.051208280846548	2.017219859765616	0.42852479750978734	-1.0003676484117867	0.29051085407759686	-0.3429319671068187
0.2245280761134109	-0.08621498095909941	0.8518021786157215	0.46538926566965744	-0.07139911637304454	0.11712958710812062	0.9217149899191199	2.0238093004485136	0.5514996281291034	-1.0791757242872102	0.3765480613967039	-0.3488443277203325
0.15764478523596995	-0.10253123769264022	0.8634274314338819	0.46811167218155264	0.09171514591496381	0.1549578212594194	1.1356679732095807	1.934425862764159	0.554608360193847	-0.9817254193948545	0.1636190242556305	-0.4388588938594089
0.22801834869136564	-0.10010440452882118	0.8642394161395772	0.4371235208092966	-0.22399371277194072	0.166412585118378	0.9288663560338178	2.05284664707594	0.49466703861357963	-0.9924204794448132	0.5467000842061501	-0.3826095247185453
0.25005860689281767	-0.16591369860593372	0.8733854818064231	0.38358980422253797	0.17460625822617726	0.15059551584112077	0.9631395678891685	2.081680854746239	0.5209026862801259	-0.9135039785607661	0.2705427264336746	-0.3287588113502639
0.18635708719123276	-0.16593435895451206	0.8656113420348065	0.4341126917203132	-0.130035901351898	0.11989706558010843	1.120020389211743	2.0715535776391634	0.6388183644840031	-0.9627690048038553	0.4674595676410293	-0.37207533018335665
0.227377888584589	-0.11142052669948377	0.8542551963558448	0.45401852551615196	0.23586472993082996	0.12431291580809654	1.054895253615887	2.0324697018181603	0.5665918928758109	-1.0955832229632723	0.3123009801748456	-0.3792357137465758
0.19864949976211582	-0.018825070836615533	0.8955657521981512	0.39767571769221366	-0.028878109768659	0.13842881252673186	1.0198962894252586	1.8871754737013269	0.24827972919229313	-0.9792564163071824	0.450045431091411	-0.3864830913802207
0.2238883028533427	-0.07436906453773613	0.8515243661400962	0.46824088240449446	0.09067987301304946	0.1615427097108842	0.9378626198473902	1.990206813129336	0.5034058682754924	-1.047813278740626	0.40744617713374925	-0.19344018438942465
0.23863706881394145	-0.05191361760778216	0.8566215557571704	0.4544852427823461	-0.07988242567044988	0.07527060580717683	0.9476737947895115	1.9311708146640645	0.4308804286513809	-1.0891387660441418	0.24962988024446853	-0.31739477550595285
0.4128387819872947	-0.2447612942100702	-0.3524792022636323	0.8033769108677769	0.6819885847788766	0.06338551585268365	1.6136070818903292	1.6308358728712506	1.6131291829611678	0.3754158229753711	0.3829360282631891	-0.2817969540134739
0.5211377228000398	-0.5374349842181058	0.10396787996749547	-0.6548051554075743	-0.10707910817626397	-0.42689238178333944	1.4552436894428307	1.979131216369896	2.138476088267471	-0.12666232948330222	0.20148457642738082	-0.3413031173902737
0.1755797946388669	-0.11448443835581017	0.8847421539924325	0.41628880604426377	-0.03811305600797595	-0.008120672980951938	1.0567171766189083	2.1322431470402523	0.5098621979922798	-0.9429177516352717	0.4259251948658244	-0.44758881462902605
0.22257385253990933	-0.07212544566330932	0.8458610464730475	0.47935153104264994	-0.029316574015449213	0.11628141151923106	0.9712402625197374	1.8698780475200938	0.5442095657603054	-1.1299276985180402	0.36909247298238496	-0.28326181519365046
0.5412083994021049	0.19850192204257275	0.8153916758896302	-0.05316832000276217	0.44750096292225877	-0.7791264458909639	-0.05568735252153859	1.1250755372298882	-0.2336732626845408	0.04995381435799959	0.7993130964652129	0.20168932329230746
0.2554911225965625	-0.10265095770151869	0.8409508766797984	0.46582044842276693	0.06945092115860331	0.1501133343037712	0.9632447489536238	2.052948513146801	0.5479926218250714	-1.0652134930463497	0.21525945783903758	-0.5022434802330212
-0.45292469590314605	0.49997397994023496	-0.5592153387771712	0.48183341945126407	-0.2557412000408919	0.409313366372716	0.9266484652364775	2.302813846959672	1.6577833883095188	0.40556105372611645	0.8290182396103521	-0.3600709995221964
0.18646213214586968	-0.06820265795503576	0.8645129932593847	0.46173320782588706	-0.01397505738348584	-0.0033296508318341194	0.9450541139025034	1.9580596119308231	0.5393828548349252	-1.102314957691887	0.5518467252764974	-0.41536390076227026
0.1919515565365218	-0.13693736885981855	0.8382685243863118	0.4916387270915016	-0.03853258447086706	0.20358957725270177	1.0325345706251339	1.971927665480999	0.6926888317999976	-1.0349576808532688	0.3646587334077729	-0.3187062137756154
0.5768578435218723	0.7609949769365381	0.15653525022559084	0.25222685995243416	1.0005026158588317	0.14959665553189436	-0.11259952045909506	-0.020021007842276516	1.8058824005648293	-0.8028266717263329	-0.6853673735006544	-0.34876764023744045
0.20713639544209528	-0.06954689364266833	0.875871505872098	0.4302404542453607	0.12508031184333634	0.14316980709529567	1.0179444080880424	1.9785946478148126	0.425606372540573	-1.03668707566438	0.18060891214012512	-0.28131630028209725
0.23781035284392743	-0.13259684525155968	0.8711260218381611	0.4086609435534551	0.24840945542241488	0.12922150107900646	1.0080571907903078	2.0613217070734247	0.49219070237367196	-0.9669673982804373	0.1942726848533275	-0.3050241278285634
0.23950952783172547	-0.1489779554811026	0.8668700898824787	0.4110681234608658	-0.030765527156305147	0.15001272511179017	0.9212847255316434	2.0158870605381556	0.534155002642502	-0.9326355173810014	0.41139419712042025	-0.365174063834711
0.20590908472480532	-0.08268914209866052	0.870372990154903	0.43956206912743667	-0.04490799096318942	0.2431427944242355	1.0045996178852525	1.9714292841912062	0.4843103988364559	-1.0587152857340263	0.2358369478698561	-0.413696978801525
0.15259267266056295	-0.11025464988840873	0.8878939108958451	0.41976635337098145	0.041346130988142195	-0.007462909360128445	1.1037087043504294	2.100014037441353	0.5409760200677548	-0.9939121117857308	0.5732017620980567	-0.18894674873735626
0.21588880950783693	-0.17818594383525116	0.8622886836561673	0.42201897752037626	0.19278532082446329	0.18422995507889758	1.003603162229857	2.1026050680461923	0.6151943021412671	-0.8826311805319086	0.2362789164643504	-0.49601682370854777
0.30152345336255176	-0.13896395141089474	0.8608657683680556	0.38559403020880456	0.025341577408520236	0.22143402019101918	0.837570249175162	2.0588675755497303	0.4399421262539911	-0.8951637985761155	0.6593985216378271	-0.41954658406511497
0.20638865577835802	-0.13671592192356383	0.8756459833313168	0.4146764899705836	0.08127433972462962	0.08507634719714112	1.0322665280868446	2.0801477802023287	0.502550679610362	-0.8891636554476804	0.4842501705525461	-0.30423712572707434
0.1792892758193865	-0.13052158206679096	0.8796794097932378	0.420694197935701	0.0993439952160356	0.15023276982707282	1.0501595118961098	2.068878565206869	0.5594550884123687	-0.9755070522530982	0.3295869846112897	-0.30004913660538163
0.1970384184120136	-0.07603373943689376	0.8609563874877515	0.46276217540003806	-0.17398624651456251	0.2438065625826318	1.0995256214438143	1.96993433788648	0.5038512185177381	-1.0818974990591195	0.4393927743114276	-0.4314266248679674
0.5126645760658406	0.7741804962682363	0.3702459267761989	-0.027157786189837895	0.1852516891284823	0.39530596378951505	-0.07330732419416369	-0.5422556547505383	1.2300856680401175	-0.0718619694652555	-0.505957824202472	-0.02996871351542213
0.2530401299371986	-0.12190518388528418	0.8769307703833953	0.39000287529458716	-0.009176727086136397	0.1334759842972261	0.9453080346987441	2.028716980274369	0.42488833119025887	-0.9345761943974832	0.2996281129000767	-0.4204738394271997
0.5435766146395712	-0.2446048305565898	-0.5380795157248437	-0.5959558504140077	-0.07709993733545116	0.05801732586475991	1.6808456564899634	1.5858269686475766	1.7130051672938846	-0.6644209228724616	2.3148392861216815	-1.305056600155479
0.19991227983514367	-0.13834779779069434	0.8694994368720235	0.4299601103553846	0.1217665141531006	0.08741238077221851	1.0381813955893533	2.1230134643521237	0.5946481234210274	-1.0021329194864985	0.16425568508978722	-0.29124791267123157
0.19205833467055003	-0.10761586064421176	0.854834497229395	0.4698833950757868	0.14296916158327397	0.1452303451947137	1.0737142120103853	1.901369939584115	0.5544527588116097	-1.0120884272978186	0.35009201620415925	-0.346954850786845
0.2533682779277779	-0.12089115489874172	0.8710210319687833	0.40312802715166846	0.00953346211359205	-0.05157431941564473	0.9461586989880542	1.9757346501234136	0.4472437887928406	-0.968517385895336	0.4164512626576958	-0.3740427190240467
0.6056385977913629	-0.3612845470922706	0.48446879668841675	0.5176536969180481	0.0008040019952474756	0.45911599976680934	0.6751478633008228	2.209340563574448	1.6036896848803754	-0.7488261255569828	0.5513263131626448	-0.5663817750632792
0.20991661861435568	-0.06589530772529899	0.9015653160163936	0.37252221759992205	-0.1034709714876819	0.16881055777531181	1.0028296450606775	1.9425398781362904	0.3346204721466889	-1.0313171635523974	0.7218720917229003	-0.2659141659213393
0.7615406813807234	0.5678155748751885	-0.25045617068551	-0.18685012736654313	0.2498394075059116	-0.21699133610255447	0.16778303808345393	0.8558405749909427	2.400220493716588	0.06734372492222002	0.5233933504717118	-0.21714298513563024
0.20510055400467797	-0.06625006603549137	0.8722858309858634	0.438932934009934	0.10665926584995677	0.16006728969302184	1.0466014167560975	1.9690993458727075	0.4212299367604328	-1.0289464269664996	0.17722383470550798	-0.47853171971455605
0.2245848435572712	-0.07075457503984912	0.8708355158506276	0.4315100722908538	-0.049897495880980074	0.1720528639343193	0.9299008181253509	1.9337985254909633	0.44979692603641125	-1.0746346488038496	0.34294422256004253	-0.3542461752037079
0.1802757658606817	-0.1355725090958873	0.8882793150353786	0.40010073919085554	-0.04988495770037248	0.162117511755523	1.1109013425116918	1.9661423020695077	0.5127728406970058	-0.9727531463101204	0.5972980352641607	-0.2999901542862191
0.2004208232524806	-0.09889299818138397	0.8753679763905063	0.4286986988870911	0.057795242234559695	0.055736765456942956	0.9338830068331944	1.9558870468363463	0.5002592525455604	-1.0069006450853593	0.5217353625646776	-0.2936831840320686
0.2608416606600191	-0.04483817231453864	0.8558845507072815	0.4443116048768141	0.019038928575295645	0.2681877064818397	0.8901992911104308	1.9191605277419987	0.39331078983022844	-1.0865753545768448	0.21328384803651423	-0.3956545427264322
0.3392964560694008	-0.028146032772367623	0.7893338312697527	0.5109186026667415	0.163985297133344	0.19140857834302408	0.740740274806864	1.8138012796000536	0.5858469262658803	-1.2970912298743993	0.26436620421440404	-0.36469521619461237
0.2600778165479926	-0.12156577716792329	0.850377158827642	0.4409534883697088	-0.007168573952331214	0.0028789857641181274	0.8584645802058766	2.031000766857893	0.528042082148977	-0.9647328884596885	0.805012625961457	-0.4276939921925809
0.18657273181010758	-0.1503840543489777	0.8618857710672482	0.4469095765077005	-0.040668946535482337	0.15345353205336296	1.0397383103193543	1.9724148167088706	0.5915568991442831	-0.9111945133521561	0.5451527177462044	-0.24666586828137757
0.23961408297128692	-0.0909303317807972	0.830901771433038	0.4938815771351495	0.19340819135664936	0.1158624053682612	0.9753588436310552	2.010663579193907	0.5584111744492354	-1.0424852158960054	0.2598822893430955	-0.33712286792194285
0.2625902588607399	-0.1260420052000484	0.8538105601295453	0.4314710839533429	-0.10334787613311787	0.26627088608026483	0.9486654267239505	2.145732396104641	0.5105832812437767	-0.9608970309220214	0.42690588626998366	-0.305119274117541
0.8515416582900281	0.1323453352565603	0.39825704043460236	-0.31424965581010406	-0.21998647841383498	-0.2699805670028227	-0.5963516571770555	1.5193422539705579	1.1790501485820428	0.518137730885185	1.1682162863156689	-0.61718150767132
0.22967547449556358	-0.11908392985483528	0.8545388589618728	0.45036821889394796	-0.120913053703734	0.22743798055482067	1.030990085500618	2.0011168847824377	0.53559375669351	-1.0128999625708779	0.489627090267287	-0.33318195987728694
-0.5654251454845666	-0.26400235325348287	-0.78069002681485	-0.03347005172103545	-0.0641973149153871	-0.163865917262067	-0.32024336993642644	1.0899381204937142	-0.12554914447968207	-0.2586673536085798	-0.14161951420470908	-0.5708948079522957
0.20127620476608352	-0.1153713610007784	0.8700949056746213	0.4348703181120339	-0.1620702283984831	0.19729381576158986	1.0187641296304686	2.0160751769788527	0.5522467538014941	-1.041604149118404	0.41391121913644485	-0.3847943961441085
0.19189669089597236	0.17517704432291295	0.36536982951814106	-0.8938643917526575	-0.08493765162621943	-0.060800495757279895	1.1298507417308505	1.5115830480670958	1.6843238916947492	1.227267147496934	0.09739097154609817	-0.3653694630629385
0.7720961868893774	-0.5397526707185338	0.33545547820940064	-0.0020383283337397796	0.42136013106191333	0.331572173853469	0.8289489321597656	2.317541769979511	1.8200561204804233	-0.158587766536523	-0.1400975706334823	-1.191082807213005
0.14794463612708977	-0.09095888379036497	0.8606253670806875	0.47870956083837074	0.004949040130150088	0.10305757607121897	1.0994507363544523	1.9643350529457717	0.5991678826438861	-1.0437292988084592	0.3206951231810342	-0.2746615989737097
0.13497277294074161	-0.15653864828609626	0.8209855642712607	0.5322224210005143	-0.03821903726766057	0.07474944051940642	1.1361963751765187	2.061740558441628	0.8465301421940616	-0.987561780470415	0.5001797437989929	-0.3668903120281601
-0.7053458651537994	0.4573859489808413	0.0809629497696626	-0.5354720393726723	-0.27860094455520584	-0.19959814345305638	1.5081962056595912	1.7922289166824141	2.1399106281920526	-0.13223128706406903	0.13866095409667686	-0.6697902787373323
0.20758948535024416	-0.15146710706102706	0.8837102926419225	0.3911782710342073	-0.10319125838199623	0.14090916725504388	1.1059440676431274	2.115003361361179	0.4932647072510499	-0.8822883161192855	0.5423155339009258	-0.234401387996881
0.22341307562827867	-0.12420618784669119	0.858643622985496	0.44428656208042877	-0.03971010829898907	0.10710893734223736	1.0088666067124235	2.0783858658473244	0.5458065726692763	-0.9811211421696798	0.5019678150838744	-0.16595036773198527
0.8725952271960213	-0.38499985520855795	0.29852750709318665	-0.0351284567386646	0.5823430100358921	0.550875111701294	0.3910292473958281	2.2931488679671532	1.8003061328465597	-0.11986935137624295	-0.005251720070853745	0.2056184547370785
0.2307509385842958	-0.06673819700484872	0.8656148553296811	0.43933010326585153	0.15444969058006106	0.12388717274486004	0.9765876068071008	1.9653565144180658	0.39525720378484164	-0.9931590406968562	0.087228149513358	-0.388708119336785
