0.2138012459869486	-0.08447877350179252	0.8675993958090878	0.4409349752897437	0.09933999311569376	0.2390569505212715	1.2556366613865462	1.6638123781151484	0.3189428214976099	-0.9176283932436127	1.3494097575819939	-0.746254923753412
0.23567707674511412	-0.10931158837619812	0.8617002828386163	0.4358668543252617	0.11370600423310014	0.19341344099499438	0.7234111311932012	2.323974002572889	0.7823660943500501	-1.3550450327711638	-0.06753330348929194	-2.2945730754037457
0.2346721694327245	-0.08993825859337926	0.8595385882430977	0.4450095480503669	0.09015021265367675	0.25703632888075895	0.49458888110321036	2.3136605376886212	0.5547815601776342	-0.8647810067767089	1.294973815142647	-1.2588102661551888
0.19069990223938466	-0.08999608656852774	0.8682923573706471	0.4490018193949367	0.22970816600163577	0.21487725142855685	0.8608954732525452	2.4352915038480463	0.6721577609341587	-1.177356976117718	2.0904330569344096	-1.4637497790526677
0.18402881097125953	-0.08688198139459381	0.8960723456837689	0.394511431193371	0.12137465145275361	0.25573434234271725	1.2999574990414011	2.040082084849801	0.16194727027525277	-0.5249524173445699	0.6390865366433797	-1.8600588966451725
0.23635618547900375	-0.04269762093189698	0.8612819918769272	0.4477789602260066	0.2317594834655363	0.26625741188733887	0.03586197364675304	1.8647512242809898	0.8045430624759301	-1.3886186378083722	2.3729894021532956	-1.852756003127969
0.19074515404073103	-0.0980167161992066	0.8878091751438992	0.407190223465411	0.07117747143644536	0.28135093921351423	0.9823613773376434	1.432668730610314	0.2189333216161829	-0.5926620671046195	0.7360959657041913	-1.6140655057317634
0.2353575814849323	-0.10518000130638201	0.8774025921123036	0.40460927759674953	0.13519263488938643	0.28364495647099924	0.9772451914730459	1.865857608140882	0.55043224503839	-1.277039025820212	1.2205709169419168	-2.529860806913573
0.18348935380537731	-0.10068091080321634	0.875800265763126	0.43493551904754557	0.17925848761813404	0.23656445891894318	1.3375155471063156	1.8344189083734832	0.7641892564323551	-1.67842362571101	-0.07973301223748831	-0.438281233910885
0.230150506469945	-0.11101499613089126	0.8546816509924693	0.45191336610292127	0.14774393157697788	0.1871228702984892	1.0753323635823722	1.6514783225071665	0.43083343157784837	-0.9567649234429971	2.33954387563872	-3.9179885397011858
0.20061426198125062	-0.08237184591664506	0.8877934247845378	0.40594535568145634	0.07830464134684684	0.2522834021342456	1.648077722467375	1.4751846954469412	0.4132965681544393	-1.4189993238748215	2.020960437590584	-2.578963602788804
0.25110940878268956	-0.10041128434068176	0.8710433995563855	0.4100549169161587	0.14297920039326165	0.2882792513683834	1.737635118973512	1.714550437042378	0.19617637004054142	-1.060966300562302	1.2921491063835997	-2.482039830459303
0.22412131259306967	-0.09723767780011314	0.8588447390900735	0.45022237327225834	0.16013548768112393	0.23811836373757364	0.7428019722820057	1.64448806661091	0.4792736310470601	-0.9288591897981833	1.9767800307381205	-2.373996185703136
0.2202263900659799	-0.0995056100999345	0.8802559628107125	0.40834839367056674	0.010372611741327725	0.2684758450998304	0.4981691776737141	1.782172185014629	0.4220285441275705	-0.7441366642376614	2.293962073176902	-2.078677173963853
0.21740045008496597	-0.08579319272399827	0.8694846989706274	0.4351700020004076	0.07986337925383234	0.22507706034193622	1.2755635800432128	1.7116603529916832	0.6573732976937731	-1.6132438139131724	0.26253255590205327	-1.42318690691563
0.20983852904829178	-0.0973019341189187	0.8584257767487798	0.457826726127714	0.145861864616953	0.160665503447497	1.2159665492804235	2.1212283298568675	0.3685818210339502	-0.7975881005791248	0.42858421262677066	-4.305056218911726
0.21287033612958228	-0.08233507292290076	0.8751709828012243	0.4265945459398167	0.18177355298238188	0.24507668409550443	0.5507736939352975	2.7250487380199453	0.558191713617545	-0.8940327273850798	0.6869228393181279	-0.04064945114739746
0.21564089994199814	-0.10719358423758028	0.8682298252307603	0.43380353658109944	0.10769385427533083	0.22210837626729404	0.9342253062471358	2.2573824768754287	0.5703309718581827	-1.0480749666075122	2.0131003169543438	-3.365826272694097
0.20557215315656824	-0.11356248659414307	0.8684132882534301	0.4366944152035748	0.13410682910696278	0.30168771621479723	1.2012499280377156	1.9899962921696257	0.3392557358732786	-0.7226307117653881	2.2235047351425616	-4.274969296110591
0.21685513849974702	-0.10301965688200669	0.8637597997119714	0.44303477019722104	0.06457723960976462	0.26321867903270674	1.0352238758486871	2.4504547362427287	0.611916967870039	-1.1299291209756137	1.9839485786953865	-1.7710690627160683
0.2330422255775849	-0.12343495009705174	0.8458281919400261	0.4637130620457557	0.19757362107776502	0.2526595879372166	0.41507086329126985	1.7084260893279066	0.8658168255965317	-1.3331128221651978	0.5194958893278406	-0.6757094089442396
0.2175397984177715	-0.10828508160728434	0.8596936719175673	0.44930787626142205	0.17597760153240874	0.2669827939497762	2.01404393747475	1.511760222170138	0.2493172918005152	-1.0878289854651866	1.3636745271996542	-2.874119545199268
0.23224574155237523	-0.10426942950500001	0.8615086530930517	0.43930927858091634	0.19185116306713265	0.23677000724110486	1.5611954696128154	2.2205506643782744	0.16977041387107744	-0.6312275717727891	2.874113974078604	-3.0520621921055873
0.22577611506049491	-0.11685830987887301	0.8653443537532952	0.431912526685364	0.10185768545522013	0.32310327327747373	0.6904306912655809	1.7684059580060365	0.7925656048172588	-1.4703717989880656	3.524050749454926	-4.165897420393573
0.22168423569168444	-0.08458441824665812	0.8808289646956604	0.40968513615804897	0.10399036689934554	0.31432835109847596	0.7728580058230767	2.375665587049866	0.49711558276531387	-0.9965212617174908	0.7237254375304539	-0.6302145503950439
0.18891389358033084	-0.1357650942563409	0.8850780731005349	0.4031329613297959	0.13583622260638994	0.2983168695371549	0.8650357597745303	1.5601349345589743	0.5445062940531578	-1.0754168726958313	1.8293072597093343	-1.955457193363098
0.1682523457253122	-0.10381796381733133	0.8872379669031286	0.41679943453939117	0.0658529146577724	0.27959612235162473	0.9176401473069581	2.2569731901880496	0.9173058888012856	-1.7609173557058706	1.6643889116808295	-3.2354968757676787
0.2504363707784402	-0.08481093547187385	0.8568833124206814	0.4425378156843437	0.23309460652523672	0.3624371753492597	1.2581137834547405	3.1322471829284804	0.6602472060973514	-1.3901262839364494	4.999030666912656	-4.612404978825357
0.23317766425880002	-0.10228997457864163	0.8713460824934331	0.4194293057415735	0.13047266383671716	0.2846682524013258	1.3016024287589751	2.3666957719044595	0.6736518714616487	-1.5459083904597113	3.713807755458422	-3.339405564486608
0.2266910705982454	-0.10830156127622065	0.8709302331435885	0.4223297992477077	0.13989440569010733	0.2698914487658051	1.1624892102958575	2.6744328331661724	0.31783330798445547	-0.5935913349018879	1.0542281477927122	-2.320473862453149
0.22502613916591302	-0.1273696418015665	0.8661554549684545	0.42768556074271824	0.14725102898473943	0.260860077852812	0.8991876554327113	1.8855866813093818	0.5882497564244926	-1.1028896109919974	1.8913705930134537	-3.315305907215906
0.2000572905232947	-0.13572505916659727	0.8546376644431404	0.45951088271974155	0.22747605899743248	0.2571599427409696	0.6646159095225163	1.7306963893019147	0.33012941893717174	-0.392163560432307	1.282945575901471	-1.4437104793082618
0.21363053936069337	-0.1350340402924175	0.8655863354523895	0.43230555917414304	0.12521440800652395	0.33335168046494146	0.9868734111218066	2.229133300066265	0.6786604226819736	-1.150243389134659	2.9343472146068756	-3.4011356374620263
0.20618183235980975	-0.13847580338243587	0.8637784230496374	0.4384065918256952	0.20355304087794526	0.2383771182489529	0.5003885062361806	2.48355729052002	0.6529867938858186	-0.737430360718589	1.9492610339253222	-1.531836214611628
0.23314664129855103	-0.09609567819061966	0.86971825615295	0.4242622057154765	0.12127764876151409	0.26956636547013374	0.6482304167200534	1.3871021987349572	0.5309568227830751	-1.1304826437068054	0.9693370831148505	-1.1693641270080992
0.23323479124067578	-0.10170868095524607	0.8562099591448772	0.4496236006198855	0.09575007190043298	0.25373506403650276	0.7127261040791681	1.2979881891158533	0.4153016258550892	-0.8669501446432076	0.34410562224315483	0.09431417169033211
0.24065692912672645	-0.10962971742549586	0.8631269180645097	0.4302063351845956	0.07672530185089955	0.25938565069496233	0.6341452771902824	1.9600254596450253	0.8599872364549852	-1.5806660551049074	1.1014103071565047	-3.6613973608587966
0.22512416142924072	-0.12623703636352518	0.8787524184324393	0.4014691889673153	0.12732330892533011	0.2511398026111628	1.5217056160682563	1.8740864508922135	0.4642727659418816	-1.2802337298054836	1.2861130270951675	-2.501542971339511
0.17279279620225574	-0.11477327505673136	0.870730101978187	0.4458686291077378	0.08453800576832861	0.23030510814148678	1.589999356882569	1.6985221490476392	0.19493317540278482	-0.5596484086123844	2.1675386809820885	-3.918909502174516
0.22054393089601024	-0.15520082505001004	0.8575964881953886	0.43795130081285166	0.06276080416471767	0.3307054983162237	0.4164463714385068	1.8239874162926832	0.5958088965677514	-0.730044606817293	0.9861078557233341	-1.8603357931620856
0.21347422742562502	-0.0879085348381349	0.8686721339665849	0.4383030542873096	0.0028699739385161568	0.2192039769606667	1.4676512786292113	1.6377473743557074	0.17677106861757244	-0.7366817295982461	0.5085723707695459	-2.2617451105486714
0.2302293362631711	-0.14614058212600964	0.8526494485059459	0.44567510693575524	0.10269691480074754	0.21163389673986346	0.7686367766292979	1.9351456634516437	0.48547415655202175	-0.6913078343587279	0.10736291163646654	-2.7123939980668887
0.22507916981241397	-0.09759997921149986	0.8646232471657375	0.43845210894126807	0.1680817799877847	0.28208893333663954	1.07467014892139	1.6991941195410791	0.3620914977024681	-0.8874795508501778	3.350102268147554	-4.5926989699694865
0.25705343384374785	-0.1378227142673575	0.8504799457661444	0.43773541486922507	0.12387504860246457	0.27278487935001144	1.4685657496426727	0.6566243613129026	0.5202156869656513	-1.6663836223896056	1.4378193381166557	-2.6101943320873624
0.2071487388681584	-0.11131109975340335	0.8752971821531584	0.42255660209226414	0.14459669495150185	0.32117089573516006	0.9284926161190294	1.6445435045631744	0.5790222272713993	-1.2213669121994317	1.8185166689573542	-3.2887142355419
0.19960953483922847	-0.14834723697540836	0.8602999499303902	0.44500913140383674	0.09972005509584818	0.2714719504321906	0.7412919455950331	1.7979505337265058	0.617809134977405	-0.9275070673921533	-0.124489191096124	-0.19349825363447745
0.2138445941828875	-0.0951557200116544	0.8608855532535049	0.45176536242526	0.2305120957492889	0.24454068231819845	1.2575346397413198	1.1619105564917405	0.35578129351284377	-1.0285018805402886	0.8421635943877946	-3.9620076409493366
0.22082925778350615	-0.13439664788215203	0.8605202627225529	0.4389497207981063	0.18412173766436604	0.25410874480830065	0.20338336467680126	2.4020573963109824	0.7679506113620899	-0.8723586759170939	3.554421018221673	-3.598878777765219
0.19261869143074575	-0.08368400781058026	0.8711494962606546	0.44383959006951335	0.12106018346059877	0.1950073282285952	1.0553941019506234	1.8508701185673284	0.3101358378620738	-0.7177707610060766	2.869749674043766	-3.3016607723197873
0.23243025513003512	-0.10792480129857342	0.8654815986968146	0.4304300362219815	0.12339106257646197	0.27998919930668825	0.7670188069380943	2.220287214095007	0.21238827543052258	-0.2845351263546469	0.4972724269081732	-2.8185854486881614
0.22380231420366772	-0.10372302296823958	0.8591690044882194	0.44831091932958195	0.20888008779938336	0.21428860766764588	0.7071506824086347	2.452425267295917	0.8825350821805771	-1.476956630588707	2.795099876025999	-3.0807333231231713
0.20555247945327165	-0.09977597271088667	0.8817573797029489	0.4126703972901359	0.23409150548968646	0.2161283857601426	0.9305722404972734	1.8495196261545366	0.6946370178862883	-1.5005804448286308	0.3118349071426518	-1.835531287900702
0.22903034281499524	-0.10878485574367219	0.870172349904829	0.42250566705309656	0.22862145660682098	0.3005747001712767	1.0234326131281184	1.8410436752586679	0.35008069674399017	-0.8017643798880265	3.0158610748747594	-1.0685251583501356
0.24215951763412386	-0.09867094670250161	0.839028795002993	0.47713047843526657	0.168408512184938	0.1831202724165997	1.188704268635374	2.7706726422175834	0.5561849058287076	-1.0083747167151969	2.1936721039107216	-3.803515889296048
0.22038796492175347	-0.12112487352477236	0.8550837049417168	0.4534200783758953	0.17893916276495178	0.26576139112908925	0.9656193125071778	2.188429903680733	0.8056195267093277	-1.404017466151292	3.441525413285112	-4.076234645573069
0.2019857318891565	-0.09771876757254212	0.8686280648342387	0.44174437354609386	0.05446947784615641	0.2658559981898914	1.4383882752560555	1.7700398970571416	0.04289130691938358	-0.35048411122583983	-0.14086514997404898	-3.584233440328047
0.2517823394116927	-0.09555839638207035	0.8627659238120173	0.4279126162548362	0.14073831783636645	0.18148875266406703	0.7023090941557129	1.782350410949161	0.371799158920492	-0.7648433629707838	0.7713959319450727	-5.059589166751231
0.21997525591953296	-0.05694333676688809	0.8775424861714286	0.42224107823026497	0.1333440399449993	0.314880950304995	1.1245333553199506	2.079703749307567	0.3057839205395973	-0.9408905101821657	2.6166060014555343	-4.092398976383663
0.18735643172183855	-0.10287953979053081	0.8729513768772125	0.4384851894797905	0.16095924532522038	0.20717952699385536	-0.09013965522364847	2.3126885119965275	0.7382663288872804	-0.8886367058694115	0.8583297574922245	-3.0523973950132217
0.2381279179005771	-0.06481005491164626	0.880462154785057	0.40482236288270906	0.06938858725856345	0.3355893135082932	1.758908282687706	2.2418285406136187	0.33699477820411256	-1.4086753528706837	0.6737332479041536	-3.0912969530893073
0.1947336793552563	-0.10384214408931018	0.8709099736403846	0.43910297317304026	0.1374971001363046	0.24109027415042536	1.126293758309576	2.333202740870463	0.2700278218017061	-0.4832863554018922	1.3651712442239203	-2.5144849471123814
0.2127390424961747	-0.11607359862562854	0.8644729279474616	0.4404038786680362	0.1097873175667486	0.3007984471936001	0.9305243114967986	2.1940594622795473	0.3812958329917385	-0.6196730138884303	1.6809346435537804	-2.5066763728200967
0.22746580673262196	-0.11151631061708149	0.8677495834423445	0.427591019163721	0.09578730494472404	0.3005486662600089	1.4274121457964315	2.464721881649318	0.5948430950338945	-1.3237079052338638	-0.05250465769904326	-0.05973686373808515
0.17844244246119553	-0.12115779004354717	0.8788709961191044	0.42551716395565076	0.13104942424614333	0.19507987202282517	1.099952272372347	1.6508493780868787	0.4794653575114776	-0.9815188186705838	0.8580497197890152	-2.0210164462071805
0.21244127418537984	-0.09881577757374602	0.8705332948451756	0.4327538904400407	0.12798802461137848	0.32024963124409156	0.46059566186680795	2.078592676343366	0.8104983044363661	-1.3818882980777125	1.7852228201008096	-1.4908956351481777
0.2198434047252972	-0.1342651684998777	0.8549094826785271	0.4503015859985636	0.14739402171506957	0.28864145925900575	1.5007917201539025	1.7498870469443457	0.33595132337112826	-0.8487606223932566	1.6654992948794902	-1.5252124705185575
0.22641147010405535	-0.14262547692394356	0.8659587183013542	0.42250599727745175	0.1836581055960849	0.22559931040213402	0.7538602510287389	1.8768801977459695	0.6867373975411717	-1.177919163626331	1.3343141022712344	-0.5159496345683708
0.2373167594422177	-0.0938523348204395	0.8810525233573729	0.3982699411482147	0.15677531136801745	0.14450096526683934	1.32293347829849	2.9979709794693252	0.36459531017295954	-0.8883806970026437	1.9827736669778984	-5.206716840134331
0.175361271915293	-0.09858200500558939	0.8843436119379797	0.4212675974078905	0.13494998231929642	0.2547738957161741	1.0324427344062739	1.7577582999328591	0.5844265379409915	-1.2452916204941162	0.007818988122280546	-2.8509323034052585
0.2164937306922697	-0.09597311318891621	0.8708920033920778	0.43065850106958714	0.05374871943149142	0.29123669743510755	0.64543483203895	2.0435171741666953	0.6520026814771014	-1.1875623257533625	0.03896480151622931	-3.8088785438428254
0.18038604757014384	-0.12548777917607318	0.8618372911822202	0.4571106809594063	0.1452915803438469	0.2331393319206493	2.1736444972205775	1.7469947826756347	0.4847809922604969	-1.292183722578406	2.309923783831606	-0.18231181172205266
0.22579697061530024	-0.1035955443441887	0.841319095621621	0.4800686103000303	0.13351493969956305	0.22803181714441104	1.1856823726638237	2.121180831020457	0.7354123289551776	-1.3887494958404436	2.3739378129752535	-4.71401749915093
0.22030983571596124	-0.12639139334528302	0.8450571068798195	0.4704968417396163	0.11797249437074359	0.36780712462336046	0.8631395859119477	1.6722879307197533	0.7727182701113107	-1.3428068978561223	0.8681365360722232	-1.2910024959579527
0.20882938422669511	-0.10203086377216947	0.8832434193600114	0.40726042439529947	0.1158199372437204	0.22742204670719032	0.7842262935079443	1.8125012121149053	0.5137332611122155	-1.0621949150435914	2.2343324455927775	-0.6801641807600775
0.22362530157178787	-0.11143218690921744	0.8724918416928961	0.41991972851593257	0.11628212065208804	0.24473461260683824	1.2522451130495955	2.0258416080591477	0.5664314679888849	-1.306193845587369	1.3196959246818942	-0.38452201861722957
0.2349520414644743	-0.10860793297323725	0.8613709324054328	0.4370834839180634	0.07494232851486733	0.23108434753746912	0.3839609566355927	2.1780305089914194	0.3515537635042794	-0.35800760698528966	0.13117770242759544	-1.564697699791448
0.19744734634821792	-0.14703193548631505	0.8459191685925054	0.473092924883642	0.11960952959364089	0.30056165159500525	0.1368060122083763	2.952676320539859	0.9013148209290538	-0.7510443193570009	3.260807266810986	-3.96188126303548
0.20274223020428156	-0.14700067158627259	0.8587552053412176	0.4470188899189182	0.0839640343229625	0.24265700737131324	0.44803102305434017	0.9076208852350092	1.1992250360968981	-2.2085300946504995	0.9753646837488089	-1.6801488878061484
0.24904575180036706	-0.1061491913369663	0.8661688131143785	0.42007160089290346	0.2233701215818572	0.18232256788900728	1.0584510559344276	2.134819750194666	0.5728621520294648	-1.2692804702910134	1.9809102214924301	-3.444256191701566
0.22123240116755083	-0.10520888656078568	0.8700465573595328	0.4277923595497055	0.14999155134993858	0.2833513406407033	0.6786572549982537	1.904989949780948	0.6426181687270702	-1.1894247678952663	0.28981882811378246	-2.004634852774625
0.22657969400910363	-0.08009694600373529	0.8706505566308286	0.4292012695019019	0.021422766888005946	0.31150944457353774	0.5019767574326566	3.0200166007703113	0.8191077550799308	-1.3629974978321138	3.5103309751472533	-3.656103561519869
0.18106697806019265	-0.13756849677958558	0.8705744654881702	0.43633674861274485	0.026905299755457936	0.18975408380138006	0.7440800787115769	2.246074878809989	0.5688944127705834	-0.7356798089831937	1.7229777563222968	-5.60879290347884
0.20208938764923273	-0.11684689669435953	0.8696557912924465	0.4349775704607818	0.24324460594533162	0.2688764109714105	1.681947377458368	2.4816934429731834	0.5073684756824822	-1.1291650530091233	0.8411677878127314	-1.933927052457607
0.2340621865984139	-0.09383638660916481	0.8758463252988614	0.4114642631060268	0.09959593461884682	0.2805730987118924	1.273085740280085	2.251109637461441	0.34196076489642036	-0.9387214196246166	1.152770668984003	-3.232082431059959
0.225153939113221	-0.0764896873245202	0.8668432190034614	0.43822125131320844	0.20219758818443942	0.2948424799764494	0.8984057671545272	2.789055084143242	0.40712396041244864	-0.7801043181562333	0.8443610622829305	-2.154171467678968
0.2176531502923015	-0.11332865993346088	0.8693364800018993	0.4289962768409883	0.023929856893995335	0.329014577828089	1.0916318892231602	1.4218934931262344	0.14255340431754035	-0.467096618418499	1.9050564147755995	-1.2174541580332825
0.21221422849346785	-0.0889475086673583	0.86630582459738	0.4433595382930719	0.11359180010355396	0.18056724908878485	1.3186511464781008	1.9609946061828303	0.44687533950829844	-1.1109305606755098	1.5163674473468831	-4.831951363556883
0.23434910381704327	-0.11570431329010042	0.8515560806678576	0.4544724974119031	0.11792245363448633	0.2453607207683309	1.7584642952968421	2.10115787189647	0.6137973143976992	-1.5219058190033825	0.20253798450689398	-1.7645863545125549
0.22709598151398983	-0.08094461588898129	0.8668421811046005	0.4364172514882999	0.2513801552901576	0.20766665178564625	1.254993862635804	2.3338824599275134	0.26542924874397716	-0.7473905112098356	1.83524965770662	-1.9152841610506772
0.23575866072153673	-0.0670369630208553	0.8617407920746165	0.4442147079491407	0.047282111412336826	0.2724680926097463	1.5845521342690847	1.4651809946702152	0.10822964707000059	-0.8298160778017896	2.0877212972745793	-3.8940417075006963
0.1961852721256354	-0.14280745960608132	0.8770334777681214	0.4146440007473907	0.21399402622859967	0.24369708099084944	1.395939153224193	1.442397046754566	0.5740157292463488	-1.3778293064424798	3.5469724220603287	-3.8293874975521027
0.2260012136190186	-0.09308835150013081	0.8658294368929778	0.43657461729618235	0.0999667589628997	0.2824981737871099	1.8505415369758167	1.6989994181370345	0.166993449764836	-0.9268871957231904	0.6482717866132782	-2.053406449952495
0.20624954438843163	-0.12146210468326596	0.8652832544580872	0.44044633284873297	0.14238456595131724	0.2526818197669034	0.7499369825441807	2.0783769920547988	0.8114833973938299	-1.37222873060617	2.1926762285122954	-3.770797966180228
0.22984977420527655	-0.10260675675416969	0.8675939378792672	0.4288609258504676	0.14890104339580923	0.3122765296265718	0.8262474445875228	1.5023094786662314	0.7171672981374048	-1.5342402302881364	2.18299637666921	-2.5105253530596854
0.19595966421066185	-0.12443084152266246	0.8744118735474149	0.42605240414731443	0.14857227286207994	0.25075476449509526	0.9121241099986701	2.063701445882111	0.7489037655878842	-1.3538282284310708	2.2953683318020657	-3.3909504013234257
0.24934317440432596	-0.08437935271143802	0.859279609779684	0.43857343561922046	0.06917154850203858	0.31240488913671466	0.4943640405726688	1.7011902252090845	0.3951571798925896	-0.7279772338115654	2.559966684012251	-3.0216141926480105
0.2387261599343391	-0.1145764716789358	0.8635877937075187	0.42906663265743544	0.09562863726987159	0.23765387987805875	1.081976576153171	1.4563766612188134	0.25691967497763835	-0.7301949984306517	0.9336820001724484	-1.3330693131679348
0.2098215751899101	-0.0828616323997572	0.8636562804181123	0.45078452253290985	0.1519077160798161	0.2845666643086385	0.7792971208109803	2.1836049934901953	0.6449695273267981	-1.1970425583264315	1.547999751861626	-0.5593095474068825
0.21629029130117325	-0.10171565597637948	0.8796701512369449	0.4111603826257085	0.14772456924118257	0.2272741423427784	0.9439427523360144	2.147602030464617	0.5471724294003067	-1.1359366734462344	1.4193449871382706	-2.86460491053036
0.22744573522896733	-0.09492336702703628	0.8766590302042646	0.4131911623930544	0.121016358261277	0.3301438852176744	1.0336700169283222	2.3130871012532577	0.7393182517888011	-1.6062004784622972	2.025521272044441	-2.040506029329332
