0.1460952914282975	-0.13859026814000822	0.8868976122455347	0.41576619486501165	0.15277470197977425	0.28687359249198585	1.2228758322447502	2.0221521975719363	0.5601917270700194	-0.9506268086019919	0.3046945900489744	-0.3579448014544333
0.24407956831956915	-0.12084945220452753	0.8322108199939677	0.48295520011256354	0.15439033561188023	0.2571627546624503	0.9399040396440194	2.0538990552213274	0.6551656474357219	-1.090028096007458	0.354728429807248	-0.23930665009059912
0.20810441155402448	-0.08293071872812502	0.8626222791426745	0.45353925222596486	0.09308687971953832	0.1931095085941327	0.982454516910115	1.915223011652171	0.4948719704807253	-1.0418279850752752	0.36585068537999876	-0.22740179096410928
0.25093134958782026	-0.08383924047965793	0.8565694507333761	0.4430499019525357	0.10774239079828928	0.256802685195849	0.9546235549768624	1.8949651461548402	0.43709698134042696	-1.027144927982312	0.4252200101237913	-0.1484288165532299
0.23691862032008176	-0.16010153599016613	0.857630130826688	0.427443123956178	0.08906867048255308	0.30466381077821303	0.9870319988863377	2.0942414440144215	0.6028534355146062	-0.9722469141397795	0.40446948884104234	-0.15598722389441075
0.2159121332880421	-0.12034340110122474	0.8642933378277049	0.4380598620018059	0.25181761634300776	0.26572959231257526	1.022188203412996	2.021135049263217	0.5601628952758473	-1.053777504479136	0.3551821181790206	-0.24922693792078912
0.22658651623684736	-0.10623332486593971	0.8894427940764377	0.3824454829293665	0.030905731590839855	0.1983108714834971	0.9319107533363059	2.0194807788269102	0.3702835295456785	-0.8523261094033783	0.4552164189532641	-0.16030020831786748
0.24111608839826404	-0.08055956756394288	0.86714121914992	0.42829813686335516	0.1008389555887828	0.22631954621099434	0.9421375177574169	1.8906820723552418	0.4001183326470742	-0.9848538794262217	0.3229649245463124	-0.13143513453141384
0.2198693639335003	-0.06706513141067064	0.8767930697090252	0.42236671727607983	0.1544554109627593	0.29304205094800817	1.016956512366365	1.8985465270443194	0.3857312599612435	-1.0286743413465427	0.41636275284080276	-0.1718446643314979
0.22361353053059152	-0.0814754020567566	0.8612178796881477	0.4490684931375003	0.12828677192739904	0.3715402398182636	1.0101823378432784	1.922284909583847	0.45752515253795367	-1.0316919401416955	0.2346290014233089	-0.21435262829151158
0.18870524407480255	-0.1261236860010867	0.8813217746891056	0.4144334399478572	0.16017232316169236	0.17118812414304407	1.1803167787776492	2.057821447369776	0.5108909789784074	-0.9976301238345482	0.7063036558831821	-0.19914589641105682
0.17647147038197591	-0.08768980330792805	0.8722692068033089	0.4475653576850724	0.15837195614626842	0.2229713715152879	1.0312375412871948	1.941097289763845	0.5170083196653174	-1.0339048691831163	0.3599430569083136	-0.28962921446101036
0.1864572187648429	-0.08556151517973397	0.8773329746008156	0.4338199907435251	0.1111872869338082	0.21946146312989115	1.0313688363876148	1.9506066344082658	0.47315599410691944	-1.0154549600145624	0.1945821989324138	-0.2728251971787378
0.2539876552824028	-0.16061717527736233	0.856139649430404	0.42037756201211934	0.2382479485710819	0.289030654899041	0.9862387240272169	2.1536062150048116	0.5951003151393751	-0.9850080659584469	0.3926300624335522	-0.2984548834697425
0.2108139724863618	-0.10486799965479578	0.8872993349574165	0.39656028777103713	0.1343581952943926	0.2604737589508049	0.9970788092027795	1.9286749513536687	0.4162481937768671	-0.9513776786709163	0.4421578838464173	-0.14213894149041187
0.23132780204268985	-0.03736002770816227	0.8645803293911485	0.444513813465495	0.13727403735565638	0.24245954794308133	0.9023160975303549	1.893802978867471	0.43068261318912143	-1.1480812697822982	0.45626440328051493	-0.21646896691086748
0.21066283219475246	-0.12338770103727566	0.8545853850119046	0.458345356787299	0.08946224052768277	0.26347844110118385	1.029237689530785	2.0365141342353152	0.6083193429707164	-1.0590314535966847	0.2598652165247105	-0.23779279203955564
0.26196259097065655	-0.16212116512773922	0.8504696687958183	0.4263726905043239	0.05417704114238698	0.22240462087582144	0.9871311642698604	2.040779798089794	0.573133927835729	-0.9737276092321219	0.20460177654977785	-0.04561016794557176
0.2001163633125059	-0.11373230374708446	0.8841980173357467	0.4064631229994826	-0.09297106634751884	0.3210086794062969	1.0838954696063388	1.9973147558625035	0.4581593673022986	-0.9714278933226334	0.6055661834899841	-0.2059300533675018
0.20913559916282096	-0.13790412200507424	0.8770692941668052	0.40987096448340876	0.23703743382919995	0.20136031759436337	0.9863392861341871	2.021773919805905	0.46734875415041977	-0.82310036925295	0.4159520355486627	-0.05720330371347576
0.20938652293024393	-0.12208482663128505	0.8725661318644061	0.4241237138439439	0.19422542409831664	0.2504585227735161	1.0674770450661728	1.9554656405268969	0.5095536834317251	-1.0124449437278473	0.22332754293715493	-0.13611119602912222
0.24939268496115213	-0.1133884654808025	0.8953592948326368	0.3511097801836054	0.19986125172536437	0.2713375348437448	0.90752221118583	2.008384098499811	0.3260930456233474	-0.8275823279880606	0.407933234043421	-0.19272169420897792
0.2548786795476162	-0.11403937529278027	0.8650866766403783	0.4167216355004879	0.22523121461031528	0.23215057628118477	0.9027589711886691	2.0271234076985647	0.5017944420300309	-1.0391056686157625	0.2092498081753553	-0.1681698705994437
0.20220943161330454	-0.13291938287698699	0.8676197136613159	0.4343728995787854	0.1625939175114428	0.21962426480315608	1.0954266295033976	2.0410995192845953	0.5489093079120807	-0.9817565612458273	0.35426704845190615	-0.11115985643858924
0.19456797343580604	-0.10652650322872281	0.8633126984164493	0.453306290024585	0.006052215715823307	0.22809909065298384	1.0680299596143976	1.9427941910043842	0.5777868639662259	-1.1022483049226783	0.5209618737178081	-0.019732369648215994
0.23995729971007632	-0.10553267928810656	0.8477049588753701	0.4611720401501259	0.30420218700211415	0.2603180360917281	0.9079662881555266	1.9757436835431423	0.5883507928445777	-1.1017916409457893	0.44658289120504907	-0.3061678253094911
0.18579259930121456	-0.06175831292597532	0.865806933162012	0.460483849139171	0.16398750492123035	0.3302212624302807	1.039341151621196	1.9128853429360282	0.46443164304601126	-1.0360264750669708	0.2940427632022097	-0.4063130284689671
0.2066702039130577	-0.11393863210388722	0.8785437479654118	0.41529061853082744	0.17334079577564163	0.2343960752154356	0.9974065800425068	2.0181332205931946	0.44371345649731897	-0.8813407996368746	0.5780514625376059	-0.11972080562103105
0.2210200898681426	-0.0859246585308323	0.8920186718890518	0.38479833930557705	0.04558848856238202	0.2890234358780858	1.0211215488341268	2.0799170458619765	0.36527812813621713	-0.9688376669047961	0.22736034184792173	-0.10886809110195872
0.17715634045294795	-0.13198399041138717	0.8527991487175879	0.4732118650868376	0.23179146946827556	0.28387721021526063	1.1081397955134078	2.0264027704684606	0.6182663468929044	-0.9638775250988623	0.3113012785927551	-0.1943512182383124
0.17994697452541605	-0.10034819196810796	0.8861225537488494	0.4151338898060459	0.24098059359671622	0.22668144110903796	1.0827048120705425	2.014157917389068	0.4445276084270196	-0.9313098712798696	0.24788508135579843	-0.14105023910235656
0.1812000329882707	-0.11154397214698814	0.8745176931188656	0.43582484411146116	0.3489666358338148	0.3350525958513179	1.0594051136164733	1.9951782452325635	0.5346846029640705	-1.0027085108973335	0.282305888383453	-0.21292702676770228
0.24386218854431388	-0.03708993106931349	0.8781111119781498	0.4099712734230878	0.2817213909053428	0.31319178556743926	0.9332146989038154	1.9302639180229588	0.3144530512226495	-1.053993705601572	0.38734560150477776	-0.24334184977926906
0.21361556575667218	-0.07594252686837429	0.884381361483227	0.40800824763768767	0.08910237430900664	0.3228832373984321	0.9850634706469316	1.9458095292277238	0.36826458929935524	-0.95179825224963	0.25941248516870385	-0.25621183212806065
0.22892911294232698	-0.18360637032333627	0.8605153704560947	0.4164054025021042	0.14236679258751675	0.21139749316625256	1.0255159394882591	2.18967471351939	0.6146260816543041	-0.8684503519189625	0.6339274619497685	-0.17315315865936
0.24962150708095762	-0.07820828210575165	0.873646750143717	0.4102607997067479	-0.02677921969072365	0.2572561038656656	0.8816488658457603	1.8776961911024583	0.40942660891978444	-1.0503595561631818	0.3213491672340914	-0.3418299877181275
0.23740823863031482	-0.1444452854329534	0.878735066534937	0.38806902812319877	0.08727083926320729	0.21815265403050266	0.9541606911152853	2.114666903923211	0.48351525444275634	-0.8914747859979693	0.4620603070607512	-0.18321176299552697
0.24058713219709946	-0.1760461717720753	0.8470966186925275	0.4399464692724095	0.11024479527935366	0.2224968478305058	1.0063757541620009	2.0891880729900105	0.659797518659051	-0.9847555818303522	0.14902633214398628	-0.16673630728923025
0.23441106854294738	-0.15749071511397122	0.8588149010136806	0.4274167654576801	0.11742631257855267	0.2255298000022122	1.0493312151331795	2.068849938346151	0.5394900529788094	-0.8971858910996264	0.16737389667955596	-0.15668984287088664
0.23782735326818066	-0.13076547456837642	0.8746291530219029	0.4016993718971296	0.06725044464623448	0.21589357492947805	0.948608935782338	2.005406722635842	0.4876449710751497	-0.9705658659139295	0.52138774043271	-0.2096532980373358
0.20105477256740498	-0.12689283475143073	0.8907922047051156	0.3872524176208777	0.25831268552689995	0.25924108076110536	1.0924886904746696	1.989218674697158	0.4031931453191171	-0.8428450401138308	0.3938760624003664	-0.2305739543861887
0.23728026657428472	-0.11192468232901638	0.8783237081732889	0.39964785028911204	0.26698841818639263	0.24784748644908275	0.950157232976079	2.0786056849234726	0.4611545832311678	-0.995499622611751	0.1741389939167144	-0.1916160829501905
0.2178700056267057	-0.11160491499158687	0.8683133573105329	0.43140342733229475	0.13244912600245115	0.2548133609262732	0.9751467448886503	1.999402287191968	0.5467115783352676	-1.0756267594673554	0.2553333164450055	-0.18375683423747868
0.20080204347881553	-0.12491967907300809	0.8625638850110198	0.4472774948393054	0.10494508552483528	0.20211317028410145	1.0525337908665795	2.046023834146862	0.5566869086271755	-0.9746529234519492	0.28803663876600705	-0.15845162142926525
0.19794660748107837	-0.11026555507271675	0.8764310719882428	0.4248849538460701	0.249279267443001	0.3164872963777569	1.1161940602514373	1.9865966925960203	0.47688816273289486	-0.9881574774172411	0.11339753455156376	-0.3465967491289794
0.19924246843149024	-0.018838377609011747	0.8871317771373382	0.41586628174875484	0.2774157734046321	0.2023702787788767	0.9696712775205192	1.8169065599012528	0.30839713927610307	-1.0401445086043464	0.5442825040009551	-0.24068710915832792
0.23194711388391157	-0.1043723713088925	0.8723952744521614	0.4174127808079438	0.23420813947304034	0.19347261018289222	0.9361509370830354	1.9913570792704465	0.47223122435402026	-1.0092339177773237	0.34241689785025226	-0.18482640019634386
0.22080502696954296	-0.08919047600765494	0.8546629705552762	0.46134738084889815	0.20172832712462166	0.12970106285365965	1.0166908284406682	1.9883234136556545	0.5204917360618297	-1.066432731143285	0.4066123498095291	-0.20385421474802537
0.15357617484229918	-0.08979238823140759	0.8836402817018525	0.43304911741092206	0.14035512750787657	0.31587835052245855	1.1301096548054277	1.8934580169956265	0.469143175394556	-0.9654646353726261	0.19131591458964822	-0.18298638344110796
0.23196588631802714	-0.1151800313994326	0.8476172619121566	0.4631094527863328	0.05083528031361484	0.23366447472993282	1.0647685474990523	1.951125611281353	0.5435202396548989	-1.042855862900086	0.7338470834036793	-0.13661505447167088
0.20762544182233872	-0.10627733395583322	0.8634621822422558	0.44724698325730555	0.1360741738010339	0.21909503807089195	1.0210943889331072	1.952540137411995	0.5185915056976378	-1.0112501224864028	0.4015016299395484	-0.20175087141277748
0.18089620131882425	-0.11556833694139466	0.8913801734150084	0.399201591038474	-0.06433354150761535	0.2759310649197903	1.0761218058400215	2.0886210753066745	0.46761369253725177	-0.9271242031905911	0.5580886624005633	-0.21715940740065284
0.18286308986029595	-0.17176207259901277	0.884464479549107	0.3934227563311051	0.17958812023605375	0.3181428282207445	1.0525461733627866	2.0092701082533635	0.5499459436009635	-0.8483573832297152	0.34254693934984703	-0.1231197049302875
0.1865137672004624	-0.160697939993405	0.8678737971665944	0.4314902767365735	0.05186836695340849	0.24980617941578287	1.1308625629401607	2.1006009829200325	0.5900943205553218	-0.893384174676776	0.28070105398013373	-0.23207241125020275
0.16819094822755204	-0.09007837980605017	0.9000102619597035	0.39189184578536435	0.08673581656892705	0.32481690732061536	1.084807440235578	1.9589009413240077	0.38509011111794744	-0.8997003244639468	0.327332077130454	-0.10649715018195542
0.2540518377216884	-0.13272667469285646	0.8827545412836243	0.37227102145929586	0.12852657417496782	0.3689268479702596	0.8208770572171753	2.030083992297027	0.48495795391870494	-0.9863724068522836	0.1334881351399075	0.06442630697568326
0.23657583147688888	-0.10114833179294172	0.8385092105632383	0.48031572401612915	0.16823539818068978	0.35013108796690623	1.0714281176746776	2.0457724161003528	0.5668365836592908	-1.0864629261128025	0.36715447241827914	-0.19654454282953748
0.1333669131624147	-0.13131179668540852	0.8812260321163942	0.43406354240499717	0.16971126516006227	0.36843641805238875	1.2154289483297605	2.0331759706823074	0.6039182074438901	-0.9844329717721817	0.14351966147212922	-0.2993690386197981
0.22647871593242605	-0.09036427742241206	0.8652115592669734	0.43812172544435346	0.10756207358973745	0.15980044037565164	0.9746454662529342	1.9766151322740988	0.46662070164441877	-1.017631983257619	0.43894614591997905	-0.21822867023927175
0.2581217118912946	-0.12776233120375288	0.8624206956767707	0.4162697589833845	0.21730723121348172	0.22592890987878608	0.9297170498383958	1.9719945231603357	0.4970475117056605	-1.0010277972776056	0.13331496307810323	-0.0879220334195683
0.7386180030450172	0.3704420665002083	0.1521456012237061	0.5422802199722235	0.8013825446867852	0.3805629857051147	-0.07498535609822944	1.0893558036180064	2.0895524980401623	-1.2282836025335582	-0.5925532272838482	-0.43711837913055523
0.2068042549794314	-0.09990976519745196	0.8798902360956331	0.4159846287594811	0.1383272237491633	0.2704593803220468	1.0524753385831052	1.9971246369489968	0.45166873012264497	-0.998938426057025	0.386232005836424	-0.162155699654818
0.214827125530597	-0.11723143412079934	0.865865342063179	0.43632935542323503	0.12541906199505756	0.253923875705201	1.0303215751674575	2.023846819289703	0.5219819830841611	-0.9993567020267361	0.33269483507388947	-0.25352118095934273
0.19133611994125835	-0.08058930093017608	0.8836211504779864	0.41965404348030516	0.1943215474282134	0.21449174840137772	1.0506786066287603	1.9092459706366947	0.4160060929178464	-0.9883373190222889	0.163850039085595	-0.1549997047351264
0.19230091849835498	-0.15910024705660106	0.8471309608028622	0.46912322835310233	0.18235892582109847	0.21155799368314213	1.093522300975261	2.0282194821486215	0.7107020853487802	-1.0437617090635205	0.5733509550728171	-0.08398348639442355
0.24976666797418023	-0.08449875563902963	0.8732447989766139	0.40978054239412637	0.3786063227103133	0.3224747601073526	0.9043825629893933	1.9618366179453803	0.37074898449319404	-0.9367611418057122	0.3030158711191522	-0.36654419451144665
0.21803897094316274	-0.12092567691159357	0.8886042742061372	0.3849914696147227	0.165293273347093	0.30085831339702956	1.0074093524263963	1.994326943471978	0.4441247993539909	-0.9692172095644311	0.2974112684413828	-0.30938007291128716
0.20787820736478402	-0.07471965254739656	0.888962296887716	0.40118531770008287	0.007536585227013534	0.29853451100205247	0.9773170124172817	1.9039333418703874	0.32643043572901537	-0.8751218083525164	0.5378495703089208	-0.2033268064170762
0.18961010268490078	-0.10965704389570682	0.874364964589917	0.43302338318103517	0.26358557494932794	0.2676724161775661	1.0683306848134126	1.9777689759170107	0.5211911689422808	-1.0193474684332688	0.45191282968562785	-0.1008312721496668
0.2945103603074248	-0.12145914570242815	0.860573532555208	0.3973971799878271	0.24264629399519025	0.35911405643470135	0.9200833306169705	2.002311168863922	0.4084891834098115	-0.954486010196172	0.10740359128234817	-0.3051987421050168
0.1873724418383729	-0.11576767059045161	0.8544491469097032	0.47053806416789123	0.0726939724775396	0.22760896660254767	1.0756064148946807	2.0031738153022585	0.585867947580568	-0.9993465733192585	0.26937925338435675	-0.09814735462899522
0.2238058642551993	-0.0470205390646027	0.8898215573187543	0.39486402743461474	0.026998295644215447	0.24474334186375754	0.9407838620127607	1.9702503322160876	0.3074931791154603	-0.9915432779511507	0.47610752645021187	-0.11648412695782402
0.19175809126914892	-0.07575146126070197	0.8756238296692257	0.43677621210990886	0.14403573144618068	0.2287771687309457	1.0539263696003958	1.951826040998701	0.4436785712894912	-1.0136558532718773	0.37648751430270755	-0.31559777329428923
0.21481143708435183	-0.07226763604538464	0.8563241982421527	0.46404989255801105	0.06491805743835229	0.3019687855192724	0.9874185860685365	1.9136762286267637	0.5135888887201279	-1.1068002597871796	0.2941652784703373	-0.22401578745476203
0.23839071029104736	-0.11859909682028014	0.8627567792447159	0.4298312033201269	0.13272687986418305	0.2328939591767427	1.0575291799241688	2.05813255779995	0.4718990772285635	-0.965836343791968	0.6377921939649348	-0.08837200423896648
0.226018143032911	-0.06291709963667698	0.8788039133916802	0.41552487218063255	0.006745586072251105	0.20872744589205697	0.8820423522570914	1.9352688112830323	0.37498094593261794	-0.9797988613932971	0.3938238216202426	-0.07887664320038927
0.22533677384459794	-0.09820921500751473	0.8493424423578734	0.46711423019479786	0.13765829826028345	0.25248381884640675	0.9953770663001676	1.9897761943819916	0.5253971589203489	-1.017144788663886	0.3970156676151637	-0.37406324955358855
0.22506170980180457	-0.14158627575880425	0.8570725753860814	0.44127899770883033	0.10900889010831556	0.24825529372942265	1.010841462058915	2.0788930598468185	0.57989113739354	-0.974820407379285	0.4144477611328244	-0.2797460893571403
0.21554192606826203	-0.10800749823464875	0.8531397249351316	0.46263232503737134	0.1852602073225471	0.3141808614802542	0.947158746993329	1.9902421870152276	0.5680506913813634	-1.02417822117122	0.37890364019673495	-0.293879184897723
0.19021042465703825	-0.15366769793659615	0.8458620003866608	0.47405032355703863	0.13984621960305674	0.3066232944237045	1.0454792747899257	2.029984582225916	0.6611595799094917	-0.9411822793827254	0.4391736712156477	-0.20004269648840664
0.2764571628109847	-0.12001431980854242	0.8509526784475403	0.43017152301651795	0.1627219505436873	0.3094591942971923	0.8855169000897263	2.001244498922476	0.4937907203898093	-0.9875642758508486	0.4695455975764056	-0.31572053710821746
0.19199330345554977	-0.08815946075825033	0.8801567892022675	0.4250770604586833	0.259849259760128	0.3670232983506427	1.0196347743265448	1.9828294247233422	0.4644975703425863	-1.0110838854092095	0.06471423407191033	-0.30089144006752855
0.2667851715996422	-0.11933666550647269	0.8484782503977891	0.44121320365810945	0.17325339462190084	0.24887342719590821	0.9218276162758595	1.9413319597349958	0.4994106913987056	-0.9927104676696084	0.5262061256202203	-0.41422161408991215
0.16967414658145985	-0.06968385233756079	0.8871031747309651	0.4235596794874283	0.2540261048337045	0.26847601530341	1.0485182694017898	1.8950435399543422	0.43009482222186957	-1.009045504685361	0.420349597190295	-0.22297981124637198
0.19711937655311756	-0.15421644539832918	0.8647729667140287	0.435349233830303	0.1817532431006544	0.30734572780566666	1.0696306253195282	2.14862242023852	0.6007190614045587	-0.9164541562068618	0.3942612126409815	-0.17959911315011481
0.18255445928961977	-0.13340577752801547	0.8983326793333264	0.37666319857058916	-0.03554600469907639	0.3411133676950931	1.040590036878166	2.054404073972659	0.4901579545143189	-0.9457252224444409	0.49723409069684	-0.2962159091472993
0.22344547592916483	-0.06484166574810629	0.8728486176610274	0.428955671738973	0.0029201227737701376	0.23661099997797921	0.9492375223358143	2.0007668213218794	0.4199753460669077	-1.0465992323316229	0.37725419355277023	-0.16354082950173757
0.14665761758856807	-0.18358547705202266	0.8356153511621602	0.4965228098697645	-0.04913386729536256	0.2797420951517271	1.2714674860716861	2.0665614830613315	0.8061810006755055	-0.968207153925655	0.6526887722110347	-0.18418833996731399
0.2464093526486903	-0.10519559221112618	0.8617304147334384	0.4308561368136006	0.2757006888666932	0.23122169312046406	0.9797823053553228	2.0727961848877317	0.5116823832988033	-1.0776468851127523	0.21223463484035365	-0.08132859866671233
0.2098869447955881	-0.08955556951442031	0.8598664495098555	0.4566803689459804	0.07156504381359487	0.20639031498461935	1.038092174028548	1.975581970188839	0.5148521164656932	-1.0590814071659416	0.5917395566593912	-0.23035676294388097
0.2063204022568708	-0.0830244596522796	0.8869625271860293	0.40476697750654284	0.09897072605532305	0.32500881685543676	0.9576292312734165	1.936513917359739	0.39900954285654844	-0.9652638698976597	0.35103659809652393	-0.22619081889796486
0.2744603768086148	-0.15852368759392108	0.8970492282627515	0.3079682193131301	0.08640940031668794	0.2936728699902752	0.9323984604757539	2.0075713250422966	0.3435868838756432	-0.79837189958969	0.35515407045211056	-0.13241915070205115
0.2746871572799078	-0.1554995260493211	0.8522008059678908	0.4172776645491549	0.059011449505326115	0.22772424322445173	0.8767895185638653	2.0377552893563564	0.5663900204358175	-0.9745330391327174	0.7304848210189491	-0.03645629188758203
0.21990343974558355	-0.12185586795809905	0.8726303796220085	0.41870018532714814	0.08598968908853034	0.2624480386096138	0.9643073972595302	2.0155694485734856	0.4614322439383804	-0.8815504654078884	0.31424319219678953	-0.12697769789845106
0.2218848387435115	-0.12643815812270767	0.8574784018212301	0.44666687913523667	0.11004410486635167	0.27825831462292466	0.9764837258889694	2.0506664674949016	0.5852520538500536	-1.0281161649314505	0.31501471417468	-0.05411860865752873
0.2207698827500667	-0.13148089295941778	0.8725748967456912	0.4154352936696187	0.15198048377081855	0.24643915895288385	1.073248289983885	2.076064379600139	0.46155124249300344	-0.8827274283614445	0.25776357210717304	-0.2879835480305037
0.24793113158481567	-0.09077485799898621	0.8885424428236633	0.3752098165657368	0.2107122360016674	0.2434186510478388	0.9763841634368505	1.960534750032422	0.3110581541656918	-0.9074846235241548	0.272156166396031	-0.22204103858938118
0.23161913060494813	-0.08629801199909587	0.8622662824464831	0.44204308570402234	0.24081772461828096	0.2257157099093733	0.9715892041547161	1.9764309373438065	0.4685015332276321	-1.037115331578378	0.3894333002686107	-0.3266078688748349
0.23852939248715999	-0.18618152302379318	0.8496425601081314	0.4319116685818381	0.13496146166186815	0.28391044703750024	0.9092484105726409	2.1069876067043656	0.6821948103023611	-0.935890562601274	0.3819695448883762	-0.30942193883986047
0.22208951022563836	-0.09758527787751886	0.8656954571591463	0.4378638355051946	-0.02339756261317805	0.3133361665373225	1.0671802306239033	2.0338498624839554	0.4479872868875484	-0.9737188945549254	0.33909561782069275	-0.22535248071626934
