0.23838630644136652	-0.09556013301991971	0.8729509453874907	0.4147250617283025	0.19019099075592485	0.12331540657746766	0.979525643242739	3.0961944119945066	0.5615238370319784	-1.0315641714617756	2.4383520523061954	-1.2958088615852537
0.2387200767912157	-0.11840416672721019	0.873825984102619	0.4067202081843491	0.15824093303564754	0.12963812343886924	1.2122463553180167	2.3750512407273856	0.5856573296313266	-1.2783583453394007	0.8527037402310963	-1.5424213250656142
0.22083101900495614	-0.09418744260089036	0.8656408117125246	0.4393499423002332	0.08887979750961499	0.14910729383576404	1.2356587901758438	1.9290589785591015	0.8733286137322149	-1.9282295648151124	1.4275308770412547	-2.518925146748703
0.24842631267163512	-0.14004019179950172	0.851211070723459	0.4405823701998937	0.22031630393917756	0.143970164594631	1.0967098866779605	2.1273895216402523	0.8363408427739614	-1.5580154524365732	3.3277630727394025	-2.129513823805327
0.2118432147483117	-0.11143765814410349	0.8535148138198714	0.46283535226091893	0.13167259595297126	0.11171042439819412	1.0208289106719006	1.9362116577735893	0.28580289400804093	-0.5281052711414587	-1.2267325538840719	-1.4044982274777114
0.23864733234794722	-0.1251211632105055	0.8664912221632116	0.4202203079268805	0.12065398978104191	0.048685292602532536	1.0440431033554642	1.775709904870993	0.494957918946395	-1.0848021767589597	-0.24374960370402718	-1.4033555556502149
0.1609353819553093	-0.08021355764308909	0.8610119075281267	0.4757353078129834	0.11893802606212744	0.08685095845717704	0.39197886207448024	2.918829934211182	0.4164134028835193	-0.39410661762120497	0.7442698016216264	-1.5259475060830916
0.19250070239046216	-0.12030259748179202	0.865275522295745	0.446955294335058	0.06384455722025148	0.08711798344333772	0.40820254098629716	1.7999181768454855	0.5210791668133838	-0.7001181015556616	0.10715915602684205	-1.3062135368545778
0.2082217294392993	-0.13641319379567107	0.864638883365814	0.43638830566330516	0.1515888452447328	0.07855381420593086	1.2476428410300362	2.003119448946457	0.3577687975311717	-0.6780090993675448	0.7301624755845754	-1.470399255864721
0.23955032256895387	-0.10571972769635544	0.8631466767324242	0.43176011462233355	0.06963063015261982	0.17927031569896135	1.6011148801097155	2.0435878748120686	0.14594546243771137	-0.6797116345392846	-0.04037810245148702	-1.5644266081928118
0.1866377729987991	-0.14150754043022418	0.880194596163654	0.41279465909304	0.11193137818395756	0.14337146315773805	1.0759109407622054	0.8075974188523055	0.43691014068225953	-1.1412222323854286	1.462741513940032	-2.1157272954565816
0.26795909738025225	-0.09205051438509317	0.8552500975014238	0.43390309477624756	0.0027244928759056265	0.18321144655609042	1.5696476305227955	1.8447829244066272	0.254711726277502	-1.0800346426077527	-0.5939465764576286	-1.117170711650383
0.19817667268925987	-0.06443916808804458	0.8569944547829046	0.47131104855422895	0.13951421170986444	0.15767326617094066	1.2869170961901963	2.5114207396147483	0.731709057913142	-1.5282342570273377	0.5969424189095883	-0.8214518735764701
0.22293808782582578	-0.13930201368524228	0.8522200447463839	0.4523434019771617	0.15965732234598695	0.11887319916274725	1.2273877899503798	1.363351347589707	0.04531267993270721	-0.2704367354927732	1.31897967211137	-2.2339229753201133
0.18351890657548825	-0.11844916606108649	0.8546526238170368	0.47101963716115386	0.12500925677111477	0.17250193406314981	0.7282801588209458	2.1010541237491287	0.35413770259277216	-0.39796596902703646	-0.874764503073156	-1.7409830166880367
0.21426281788678853	-0.1284922605846768	0.858336784318599	0.4481508100256645	0.21350051983130872	0.060091173480758237	0.8449308399810441	2.1124870394127764	0.7093639084721419	-1.1569144851568391	1.2249857649927727	-0.45530837146945574
0.2180136429274318	-0.081456919089873	0.8675892852058332	0.4394583643827109	0.04671064228535429	0.12330410885107183	0.7528902083559554	1.8254642265328218	0.22981603837354544	-0.4888508107225043	0.3780651181438987	-3.0296845632016467
0.22803862473726183	-0.1049919623892346	0.8742815613376226	0.41545977538944096	0.14874552381646897	0.1349883851867392	1.0721009764281553	2.3639757114700974	0.483792394759784	-1.009129591709028	-0.2205484485796643	-2.8140037851465873
0.1551464442624802	-0.1081721944085263	0.8718616782558305	0.4517583105804249	0.19928108944505954	0.20155675888643387	0.7581277263663366	1.1351195403986474	0.39016953415842315	-0.7415609330282242	-0.18025798281568753	-2.2562036095817297
0.21449479462819276	-0.09935565663486429	0.8624203576710402	0.4476064825788603	0.07394571321126815	0.18189169331034202	1.290729272280167	1.958825373472514	0.30098067992238253	-0.7636310194288787	0.6709613155563988	-1.1361234370936282
0.19445817463589984	-0.10187397137874285	0.8718687125248676	0.437781521301467	0.24181037021774285	0.1823974346991556	1.0457766425362414	2.082859223315466	0.4100964148667409	-0.7965637934801232	2.2659718739748054	-1.4934838300040874
0.2067557063938619	-0.09146813283358123	0.8930945670790981	0.3889315528512853	0.19117525420108206	0.13249606021515623	1.1134686261932625	1.6311068956430237	0.6136881303868208	-1.6175165544603953	-1.334430902307097	-1.4795815980801699
0.12900615671981874	0.28349337124374635	0.5838110183161326	0.7497690410265802	-0.5891458355767404	-0.0008964388600754747	0.8589564320259012	4.8896180236056965	-3.1332798483696283	0.4431475762183657	-3.088870829968048	2.460011651777231
0.25032061412489764	-0.11663218538741903	0.8409719904667089	0.4652984361959002	0.14547605801752075	0.08981590774223223	1.8547109663582246	2.6594395264146358	0.16271090559078213	-0.6252577609660891	2.5236707514215504	0.015664113803961807
0.22739752591959728	-0.09219721595393428	0.8760142383834844	0.4151976550095067	0.0815305144291195	0.12215697482087103	0.8468345530127597	1.3684410905022328	0.47501956248176713	-1.162158595791517	0.6735586405740502	-1.3404590214045136
0.223584870025496	-0.07707708923873181	0.85092503666744	0.46903678979658137	0.14403564676636352	0.10943114205942493	1.1001344337087935	2.4493255265829603	0.4259152608481886	-0.8946174378360892	2.5920617431018864	-0.38342218800773537
0.23181191240605853	-0.07384566375366952	0.8475774228847212	0.4716169710978608	0.07699552548651863	0.09751284749558287	1.5212938839238752	1.817907294782143	0.27576748726634803	-0.9587097106753486	-0.15479641442775383	-0.2761768402370388
0.2274911344278191	-0.09827060364882685	0.8682089125648762	0.42988830684045626	0.12981440296194088	0.09762996394641048	0.8673335859608214	1.4136886532623412	0.6060864572768813	-1.3598795751371946	1.3478591964859081	-1.11755309469262
0.244496715646442	-0.1242926585894652	0.8439114695407125	0.46107062651669817	0.20569482402194103	0.013132903100579484	1.626540716504636	2.112212836348834	0.23379558425575964	-0.7210480782673974	1.5579447961978394	-1.5812592302273278
0.22271977258175396	-0.0814368247507551	0.8661433914864379	0.4399540565331993	0.12787416625367168	0.13405573851748748	0.7365457218503316	1.5877724536644617	0.4659599671107333	-0.9963047011717745	2.1043085970562596	-0.29586085341317225
0.1939265768335195	-0.0976061397611272	0.8824026655226502	0.41740994257095293	0.08024434643353247	0.03911477078447479	0.6276326503814129	1.7851394236221592	0.22593196553473405	-0.35178139512552487	-0.6539296160415972	-2.8063116954093803
0.21237075972204114	-0.11908984851655927	0.8679822078959827	0.43280845090109	0.0488957513410355	0.06529810821581883	1.1236722148858422	1.590631932320623	0.6464662949205661	-1.4101578811897015	0.5638270256121772	-0.8407886653061967
0.2172890312457364	-0.10427989783058893	0.8660372994626917	0.43805316543554307	0.13417264156396988	0.1733068410987744	1.9357040986956775	2.623370469348895	0.4005444122227719	-1.1275546073355753	0.06562216010677249	-1.62325276552155
0.22552642928079816	-0.13234505828810564	0.8649877454357817	0.42827422930698783	0.11781328512580785	0.11526113429660141	0.9621406264406216	1.7980734486081162	0.8077108842019897	-1.5823553576203244	-0.40579525551786694	-0.7456249739051248
0.18958706209789253	-0.11246294530165488	0.866488891825712	0.44789042428010933	0.13865405554965723	0.15980389914478213	1.3728711859840501	2.5168695878143565	0.23253925043188486	-0.39901885757829486	0.782573317207671	-0.9924301062905561
0.20580719400405315	-0.10212943090592029	0.883055122476878	0.40917799171797703	0.11932728046688297	0.12005350343606691	0.4519180792271848	2.392865401891814	0.6532543109752529	-1.0398544992024754	0.6562405532744465	-1.3814570516482234
0.20140796557961865	-0.07819171349923189	0.8765989876000292	0.42999430493872465	0.21876772875670647	0.1873678131547246	0.2322767464780786	1.6087761044596816	1.052718107253374	-1.9623540220655973	1.0953445984072925	-1.3612036138881873
0.2259981665483069	-0.11670283533531513	0.8711176262562424	0.4200706585411452	0.08739729235303872	0.10772379778316432	0.8687788381247503	1.6492928466643728	0.7613133174062406	-1.5879679034498149	-0.1790771500424427	-1.5538721981702324
0.1945486369371419	-0.1305278566533587	0.8658182325753591	0.4421222620989154	0.14496951479862066	0.08821412528778017	0.29654046601451317	1.6158630932363787	0.5759333262656732	-0.781299657346198	2.1561314191769925	-2.016943952318589
0.20956434539531996	-0.10641285277817225	0.8504467936390631	0.4706371650132182	0.0976939067517108	0.12398144858592618	1.0268629489672298	2.016228603766566	0.28318995493556026	-0.5130899793904475	-1.1223152597242747	-2.6077885392543716
0.23987578406464444	-0.12955796953613694	0.8585705911362446	0.4342014288150201	0.16296307399818363	0.06849563765061971	1.176703086473497	2.2717124285754355	0.4726422148520068	-0.9068160663102073	0.559589015536728	-2.6653173209887395
0.16369434801961671	-0.12196269766553866	0.8550125928546692	0.47674178216778174	0.10063092431178434	0.1816212777940007	0.4769168069779248	1.5622973801817566	0.5551211733451846	-0.7596610787053136	2.0346132868743387	-1.3349987261287204
0.23251345519950123	-0.14782434695908664	0.8523794335782462	0.44444882361205246	0.194018052657696	0.1414434907047976	1.1387844814004167	1.1287862926333054	0.0028216340454060855	-0.2257306475628247	0.6153267380921503	-1.6281514358341358
0.1944001357618653	-0.12352667719472701	0.8704606186121664	0.4350265034251622	0.17252269037409315	0.1220471975355968	0.3553785945130905	1.6979873432747323	0.5973899619329077	-0.872000545752611	1.487883145752965	-2.1093609162946567
0.23288419686725093	-0.14884626535416715	0.8632025458175893	0.42248207658271764	-0.04509140298392043	0.1481026100241595	1.573464186958865	2.121740731765183	0.2223716814588019	-0.5741629633647016	-0.27642084368742487	-1.3287982049028464
0.1951787208839087	-0.1452573800015546	0.862846069987053	0.44306006362242	0.12593690907106195	0.11174959783029768	0.6599560636931794	0.9104099662876911	0.875794912658543	-1.697832583403648	-0.1545315674592829	-1.376698547623845
0.23548465786074801	-0.11753149422076976	0.8441002805449169	0.4671488415509903	0.19516395384683868	0.08121906156328702	1.7979280844698644	2.1255458556605946	0.6970721809575025	-1.6310962483724285	-0.13147436608494564	-0.6670443659413379
0.24329966115629775	-0.12422187070733094	0.8736977494009696	0.402525085442985	0.18429597421533297	0.03372940142349087	1.5574554214051404	1.297564990699253	0.29469640578739525	-1.1805922896828305	-0.7581808968239524	-4.097516312784158
0.23733054330533232	-0.07990689996877222	0.8657347348961555	0.43335028481132887	0.18881837082463435	0.195973200828514	0.7531862175646895	1.4191951897259725	0.5204143739243711	-1.1904720598794387	0.8910503102300616	-1.5862919928793928
0.2133862285967104	-0.11176713924065831	0.8605192523937872	0.44886639469988115	0.2237571673002967	0.12799342026177693	0.8462665391392078	2.1450996674927865	0.7649626527866153	-1.3346845945961687	2.499291835046465	-1.336532104433256
0.17202631760690362	-0.06318048285905435	0.8887072473795326	0.4202553998360994	0.12166077787767964	0.20838403988362952	0.8080773853604154	2.040094431233503	0.4332577366024486	-0.9402751668569325	2.006329375825518	-1.3189674979846122
0.20038513699522273	-0.13838727028656617	0.8658709165278023	0.4369923525707772	0.09059168819409728	0.17648124815235552	0.9449282031357434	1.786196859670541	0.8579288762743529	-1.567575080472729	0.5177308433353093	-0.7264285627132566
0.21227622299336832	-0.09592807469770179	0.8573607440524835	0.45898710678431254	0.1660918006131246	0.10015985161364689	0.7164510655004391	1.7700156310331074	0.6074489598018117	-1.0960966423402503	1.3795259571493839	-0.16572149588578747
0.2454274656236336	-0.085709564162912	0.8625135315053014	0.43415393318363166	0.07320454786124518	0.1739520569910624	0.20990073615925717	2.169237878676139	0.6861786397684321	-1.05361094171589	0.7129827132347736	0.2882923898589997
0.25373267334514527	-0.08908459865908143	0.8610957031277485	0.431506494521003	0.08299820862094946	0.1391016502457013	1.5185909517025427	2.217772747322424	0.5325864237338575	-1.4979024325459054	1.9641565270858303	-1.6098658032070425
0.21961492665404997	-0.13337191437831966	0.8677428401103301	0.42544515496483987	-0.01354960312376595	0.0893767571179882	0.11900224144303836	1.9651206637104404	0.8778222208801764	-1.2358037329739877	-0.32793393609070326	-0.6927321005458089
0.20762542565695055	-0.14183804215603144	0.8341638564279787	0.4908607878485673	0.2041468542632496	0.08028453584468458	0.5742067864448376	1.7639839753249316	0.3262107229541161	-0.2875216215215834	1.5717778998103658	-0.774204485411721
0.21806218007370595	-0.1293255894456532	0.8643877209543664	0.4342322482259388	0.10127801727017034	0.08001773756536072	0.7455419036453623	1.9307590103695347	0.6726287575912759	-1.1383078677223541	0.8947410028479009	-2.475334858438932
0.22447484725675027	-0.07226664604778806	0.8792640944219191	0.4138637784083849	0.12146775901790025	0.18655268908237002	0.9775991186894593	2.8052037133309002	0.6224855053020126	-1.3628950696827684	0.37076358066658494	-2.167876086997684
0.23794947916113515	-0.0817978961443027	0.8293190479136092	0.49891789537054615	0.12919423235967473	0.10974373837046457	1.3106149895018984	3.008954379662033	0.08286585864228264	-0.2694957477444526	-0.16265750960533634	-1.521104899922025
0.2291679709564998	-0.11395421075624267	0.8762048307818652	0.4083645105210857	0.12499191825218099	0.10759785222612371	1.80406840618007	2.424201140586055	0.2881891465195355	-0.9542932373902828	-0.1042449394051768	-0.22053490030485082
0.22522370540136882	-0.10322973174991461	0.8736280481803115	0.41879820730368145	0.07592016885955433	0.22972313106458755	1.2942653146268877	2.20510624357138	0.67934375456964	-1.5696353298864296	0.6924328162829821	-1.5256113379908616
0.1755907297836471	-0.12996774992204005	0.8757358588354848	0.4305380182329134	0.052635784922609084	0.13317277571546612	0.7951073292613482	1.9143562325377126	0.7100443707932099	-1.1906503009444813	-0.7057249100752139	-1.0450097495958064
0.2135959023451131	-0.10699695737070548	0.8620457080111215	0.44699624038060165	0.12160983363570062	0.13828021513310468	0.6647305032176821	1.954896534838669	0.4978293905791615	-0.8097773252213135	-0.038960285282177175	-0.8009593195234039
0.2521192081342545	-0.11671023451597531	0.8547371157384918	0.43845078290274125	0.2217793339997094	0.17239934194937992	1.4939834339934805	1.9144687507540703	0.14146029645334343	-0.6252359442427279	0.5969137975218114	-1.0842463415808805
0.22730731482952476	-0.09706841056034209	0.8716316433497812	0.42328168706859964	0.06914127285882628	0.08608049216589804	0.980273823149819	2.3354135324598175	0.4395140745073262	-0.8959114404531012	0.7858619819666209	-0.1979700150560606
0.2234745196111298	-0.11033730472968829	0.8645830836196348	0.43632660907664833	0.12576227406296794	0.12785505910285197	0.3680078832825898	1.8140636246650983	0.3145308781550017	-0.35299146854863617	1.0127534286458229	-2.3073890571253988
0.2196754407013858	-0.09913888403484666	0.8493311647076877	0.4696283158852967	0.14530969158743154	0.15220397589417753	0.6695280992718579	2.148067982965077	0.28462083233524316	-0.37446455992163796	1.893963451812998	-1.34724848707883
0.22328182091045604	-0.10714071878036094	0.8671166101447048	0.4321745934703875	0.18705255128994816	0.14059422841430363	1.234351364043925	1.828276190519527	0.5777755477457039	-1.343725841790597	1.7645079761753601	0.021436470765648304
0.21865214058417473	-0.07746093829141948	0.877104613317406	0.4205693067192314	0.2050832395908194	0.11592640495949176	0.6776034560745867	2.185738003873899	0.5680739559419509	-1.1344394594142977	1.0522659095128717	-1.9079553252818375
0.1908923145450324	-0.13582515868349276	0.8742589452049627	0.42518577968383475	0.1967137281173111	0.2197899486709101	0.7193923332141112	1.6334354435116796	0.6632775527902213	-1.16499938753318	2.2340663642863334	-0.5925695234440336
0.221583346174068	-0.14217083778382458	0.8685880862744875	0.4198130654996009	0.05865775049014508	0.05619925762919906	0.8606869372990527	1.815537806352459	0.46954686277591845	-0.8109327687724032	1.0384976976981422	-0.5656634323563562
0.24026153713750525	-0.1330635731377707	0.8816876597707263	0.3836604617160237	0.014433104335610588	0.2095102780199153	1.0132799748884558	2.156889163947608	0.6771758244390869	-1.4426985536316421	2.1741885943584305	-1.1459996892370252
0.23201274603627317	-0.11543181540923039	0.8577198099468831	0.44402962659345124	0.08950318329424674	0.14730094552922934	1.1847803965106263	1.8068389405428955	0.0862752928253843	-0.31600927854120625	0.5915398315604884	-1.8582846437716583
0.21735321813308575	-0.10933909792664827	0.8603799521748197	0.44782683944515095	0.19487422922539502	0.05426589140840823	0.1806822016811367	2.0437347824691834	0.4894140079419749	-0.5289851352334767	0.3527226942702522	-1.287946584210726
0.22078184629082886	-0.09312092120597605	0.8650138360743967	0.44083436093619127	0.11601286339970912	0.049161669838940956	0.6565672292713957	2.6946794367085745	0.6246431381419846	-0.9852953607582065	-0.10522307801792125	-2.304504263263214
0.2112947957135849	-0.1046611420971351	0.862222669958739	0.4482997011470133	0.11025484142921987	0.12783823142583242	1.0338457599054431	2.1032902857216365	0.4935724907083283	-0.9455345494215558	0.8602765274254245	-0.7142957403856164
0.19871262048809354	-0.11234375536919938	0.8532806708221089	0.4688328826881409	0.18692182625035578	0.13024607782397438	0.4525787495027883	1.8205979675220396	0.3201423882895797	-0.3382262940497909	0.5453016132461087	-1.091376555388181
0.1966264121910424	-0.12147241835975678	0.8594693734320878	0.4559549338903624	0.071526601099717	0.07755302147962262	1.1118033341586608	1.4290193297828924	0.22651729958081432	-0.5257277211216204	-0.2738635622000565	-1.6691764878782287
0.17321680030923695	-0.07982835243072282	0.8657092212346154	0.46278603966431614	0.17336698695661348	0.11965615077677932	0.37362770591438055	2.8122617959073217	0.6725284283086319	-0.9128072060899745	0.5485495164384805	-2.1259915962891416
0.20705604664630675	-0.1484053397608461	0.8803368590146601	0.4001383052619089	0.07475743915188489	0.12739229861771542	0.39019670685639235	1.6381362483045083	1.1456961030542836	-2.1149760436609966	0.6807915459433502	0.4779669759922067
0.24882105688329786	-0.13920373380897658	0.8616019464853846	0.41994343423574904	0.09870928050489115	0.1908671786643039	1.5079936806489136	0.8515983530708051	0.17530558420152625	-0.9708891966823117	0.14981276957780362	-0.6671106584021597
0.15482436547327866	-0.16409789557887608	0.8798163571538388	0.41835926451667066	0.19404190738588437	0.17102907118990043	1.572734949724827	2.40856633539895	0.9266528242132815	-1.5860562728542302	-0.2269603213232263	-2.771499092377623
0.2069286612749508	-0.08935488739040634	0.8761581098447484	0.426078865699394	0.13772653506568547	0.08082247819659676	0.8388341088361481	1.3097762886507383	0.5998340668252675	-1.3661634863039922	1.2006477102816042	-1.5252312032630975
0.2225706399495807	-0.11878172885776385	0.8707688145736531	0.4220365892763209	0.13073686445731372	0.08730131433224557	1.3783097441360477	2.1082761492076596	0.22179292659639308	-0.5911263762451865	-0.5920132212987492	-1.950964932499969
0.2402326642766086	-0.09197185650899016	0.8661496167994185	0.4285023756562763	0.1104425882789265	0.13896021225259955	1.5837765420471919	2.1500910707508214	0.22605457987508895	-0.8833651809497335	1.2562262940985518	-1.1737565739920897
0.19832668592229827	-0.10372750915749701	0.8596047127357215	0.4593330679774723	0.058654904455061996	0.12152032121893896	1.7345359052439395	1.92089283415407	0.15934567523831583	-0.6133449596485545	2.014396162340555	0.17536683807521206
0.23771380563072997	-0.13881581622682945	0.8696270779861875	0.4098427271662145	0.035652416841900826	0.16115882876649498	1.2163259858284405	2.0900702419423225	0.5524451049827992	-1.1697752893678337	0.7452215443179547	-1.3745694826436636
0.21014598721215116	-0.0741261857600085	0.8745063267559002	0.43079305601089446	0.07617991200048695	0.07131044593316631	0.7696062881788697	3.55355121187254	0.9565510433856916	-1.7057573352394588	0.5768295893566457	-1.9976491737494138
0.20809481064391439	-0.09282491473473944	0.854723216514788	0.466399301176767	0.20072282075872414	0.09696514251484144	1.3467186898483734	1.4930938506797515	0.5095099327290583	-1.2374350228796382	2.3199761089769484	-3.176251597762729
0.197653207341178	-0.09124671079898308	0.8645673488562995	0.4529133986621522	0.07622888023403673	0.1237569338311791	1.6447595591105877	3.027226887918019	0.3001228299189615	-0.6808010231174506	-1.9433490004824676	-1.5837277649229826
0.203151767894137	-0.1431059993853273	0.8587826765453741	0.4480427955083941	0.07227135045992687	0.16799040145041658	0.382863311985909	2.0224159218066298	0.7689553853344123	-1.0015227908778335	-0.16541919560823057	-2.515714968173882
0.19957102648214436	-0.11110790156456961	0.8763139596910942	0.42414653558563525	0.05062631955785581	0.11672177688945973	0.5707048743687163	1.5051350045439178	0.7195664293563153	-1.3609208709977687	1.6357101133118679	-1.3469123258088036
0.2218019872153026	-0.0786621845358692	0.8706062501376349	0.432042702070841	0.17028837237987218	0.0120986220072466	0.7840876676586764	2.6876413801348242	0.4789362806598866	-0.8782960067804891	0.42824367630839477	-2.0583293955155715
0.24302018188522972	-0.0603391706339146	0.8509877451743423	0.4616494701034215	0.004171598387384966	0.04339461153021746	0.9024527428872893	1.3503614574412637	0.22361345515129144	-0.7107705533326314	-1.036077687487226	-0.9871685450606882
0.2209403169905329	-0.0999429529973574	0.8562018657306534	0.45619639147371505	0.2097016582167596	0.12604202357972852	0.6935771088461405	2.141831262926176	0.6796983506086123	-1.1423527470013104	-0.2699378882547346	-2.267964541715607
0.275254669702476	-0.12169758680987172	0.8659089888559034	0.39953246074653487	0.12555314414487154	0.14340616261931863	1.742410882137357	2.4308165917544127	0.2818829178302051	-1.0709196699798418	2.3227354429377107	-2.9112020103071496
0.21517021203371486	-0.10484405431485316	0.8612764376161349	0.4482325313221366	0.14005248961042177	0.1480813688170988	0.8076485248448593	2.1677508314671563	0.4437116502654561	-0.7332455476271045	0.9011054190274099	-2.154094070994151
0.2536658502487844	-0.122750879410994	0.859389266387727	0.4266567084190206	0.14341815491529125	0.22425773457604692	1.3003240864702656	2.2101759752703423	0.21632800479209277	-0.5729588469830968	2.9925962544941407	-1.3866597339103628
0.22453063459958206	-0.1215362440853419	0.8714950730938854	0.41870189045790157	0.2172521509231008	0.1354154550096772	0.893223851691619	2.228521686315338	0.7455353683187399	-1.383897173990858	0.0878798509618528	-1.2564091850389116
0.19993162361860226	-0.10021905738068615	0.8792276707870246	0.4206449682777387	0.15810993998637246	0.16089704554449838	0.8351027028690294	1.7320662859815048	0.3790720729021596	-0.7765884989106601	1.5924539527942756	-2.144849499217248
0.20913390396340062	-0.11255902735524854	0.882409487747171	0.40613664142458594	0.12282590265858351	0.12117653058747697	1.0847009163856853	2.377384805583113	0.5094103300523204	-1.0064596064802995	0.9457047018059512	-1.5134468618461678
0.19522104892498468	-0.0925297691448683	0.8711903852116599	0.4408563219387763	0.16702548741886167	0.09650819735810968	0.699878390157814	2.308153765806732	0.42647925309685364	-0.668251011667974	-0.07938945173672923	-2.7115970720672373
0.23789232291712306	-0.13320060185239818	0.8532251414603712	0.4446028568769927	0.11777219153125425	0.14131232539405011	1.1732342748057147	1.4788839148382258	0.502746180975549	-1.1494997679606827	0.5540320688443751	-1.477847824228542
0.19739233202796994	-0.1469269474187366	0.8596968701016668	0.4476271114623971	0.12878040632004778	0.1135608401285217	0.20032957834633083	2.1356175033966784	0.5016936754611341	-0.35089082081391665	1.4678420754613999	0.1922043907477051
0.19973506841559718	-0.08429129779876245	0.8622858974101839	0.45767227432730795	0.15187899870890756	0.11483535615003819	1.0236667651033666	1.9402154060678478	0.5878168034087339	-1.1968936012593485	1.1833879749499394	-2.7651222664054225
0.2628239226690147	-0.10227624304811533	0.8651054896742337	0.4147959106793831	-0.017326235243778756	0.1563304454611264	1.2747532318851689	1.6633822508546936	0.3968857968596967	-1.2253236495830444	-2.674406466437675	-0.7892913206781168
0.25461601228444763	-0.09510519892018213	0.8557372154925814	0.4402720811585965	0.14117840251786937	0.17548973134739454	1.4216594181740543	2.2128993450380827	0.3945785776086033	-1.1110733878251853	-0.531345665497145	-0.5953231856439104
0.21233049626840075	-0.08795414682819822	0.8644557236250359	0.44709745056537054	0.1745365331961817	0.12441795849699594	0.36644279705723	2.124390351143495	0.5650753024352898	-0.848675426526764	-0.8482534153012903	0.10028273246593751
0.22073494670371657	-0.1363897561192397	0.8648061645635919	0.4298653457331161	0.06460750659452415	0.1630996462693347	0.7438377959222374	1.8061389632449745	0.6320861639095643	-1.0805340770534861	0.9385498120220785	-0.7554870021298415
0.18547564353979754	-0.11831105468956413	0.8865512033240962	0.406974500277767	0.12960468101583963	0.13187763176426293	0.9588510762467006	1.6875459993149458	0.4178447615426022	-0.8566358563494664	1.0403128389472205	-1.7684847326849462
0.22235667401817835	-0.0987954771444806	0.8610770603778223	0.44647873331935567	0.20839880158093957	0.1409465515221813	1.1036577230147075	1.6776758218121572	0.6385566545028962	-1.4099335919055187	1.514850522706561	-3.7509761544897042
0.20565779875416432	-0.12103773244090504	0.8691711737440438	0.4331237789241738	-0.03321252335779737	0.1298436805398675	0.7445020695231077	1.4518538002673014	0.5933465711166803	-1.1384812485827343	0.2258530725929294	-0.46386839927077456
0.2070039281337441	-0.11532818684684013	0.8578315981717685	0.4560413711867486	0.08219039633975939	0.13780999627266274	0.49558773735421224	2.3367373074584195	0.654816955692896	-0.865753925231092	-0.31991580216038534	-2.6458361751334043
0.21771544558385977	-0.11320868732397917	0.8836130445185111	0.3987627934315471	0.12283487058392743	0.1782177158522188	2.1035710778339487	2.7216502569417242	0.4180666357374278	-1.3022142560782697	0.4361439792576478	-0.25989428084482596
0.16342333562828798	-0.05030197459837692	0.8810715989527232	0.44099360793839176	0.12552016154109272	0.21876078831634257	1.2109719355668742	3.022237650134975	0.3131178904828521	-0.7296156365799615	1.0497304656842892	-2.764949989860759
0.2134362368931458	-0.0880495338980689	0.8598616053959096	0.4553353400815654	0.12443850710610993	0.16824799772856167	1.1019028572187968	1.0720666396866194	0.5438262946188794	-1.336172109928965	1.579029191193763	-0.5607585228342993
0.18973272484034814	-0.06110376539083368	0.8732198209671203	0.4446964889111103	0.12727407142643785	0.12052119568444784	0.6729497163318084	2.1134944829117503	0.5513148660095568	-1.0792915907434277	1.8126710676159339	-1.4819053072176525
0.1879096772975782	-0.08815565940073067	0.8729733315035603	0.4414024188618787	0.10799616141317832	0.11548687313382335	1.5171729178754993	2.37415194143789	0.6744779807595997	-1.505650637553694	1.7868294594054486	-1.5044990214186609
0.21432214618113155	-0.11538076798075408	0.8299534785085748	0.5019268069629294	0.2406007776754834	0.12656872870092714	1.273251602322137	2.0665477805262538	-0.09561806681436145	0.08947998091673706	2.8317497214929417	-1.8166838676744128
0.19779685821322587	-0.12297393104876043	0.8697192487146088	0.43513474186588225	0.15376115087604877	0.19790281644065777	0.45015603133730264	1.69104103693095	0.37564401278025644	-0.47753096550381396	0.337382680996601	-1.375696519729031
0.18821064933739232	-0.14484258152262228	0.8801397559650483	0.41103696673613754	0.09942476536849187	0.15297926123676578	0.5311007716767545	1.0236071383389476	0.6595699087311339	-1.2947998897944215	-0.8632803698464754	-0.9572020002119945
0.21212045349943298	-0.12136658062539438	0.8697347491458997	0.4287616265975926	0.05913528758303573	0.1651783406271069	1.138755809240503	1.7305019745481824	0.6445561165494355	-1.3810031189150875	-0.16170111268456983	-1.1849735715762801
0.1659710284406388	-0.14332337907731468	0.8693087830921806	0.44296079551920753	0.06098136954313483	0.20012086682978134	1.744541475258962	3.1775924987462574	0.6946857708464029	-0.9888380531003091	1.457957046899824	0.1912665744859461
0.21548438381726054	-0.1401103597408592	0.8642621543318727	0.43241935203435644	0.17646413051918394	0.12696309239354597	1.1733889608901868	1.3144987730246989	0.4986892608030084	-1.1555226512898202	0.6819838041299047	-0.8676233363865812
0.20597498311344187	-0.09477349995255423	0.8762370530559909	0.42520691067986305	0.16967913760580666	0.094580749373118	1.4941422089921248	1.7796914727609283	0.5245084613871541	-1.407978233722834	0.6863056630473824	-0.06751232906835349
0.2223517864728525	-0.1319041941964787	0.8668502381712053	0.4262999310206759	0.02636366592808233	0.1392884301159403	1.4020574102009187	1.3224764809091318	0.46737981572560006	-1.272479867911126	-0.7142884959250919	-1.0610342512789865
0.2693074290862453	-0.1516141094406458	0.8650109731591186	0.3952754568295277	0.137347187077782	0.1454200799174228	0.891423442328749	2.224869664057791	0.6399132343148356	-1.1543274048810732	-0.12690022844196366	-3.197915064813477
0.26629150097200854	-0.1164216681712042	0.847231388143062	0.4446726960759888	0.2043005835162078	0.14940498156808887	1.6472794262499577	2.0306189360507716	0.8111759162143415	-2.0003525567304794	1.3440282158319636	-1.3994414991635802
0.19522719087609683	-0.14004878943061097	0.892473416433773	0.3817903632632415	0.24036931947519383	0.051034675917225734	0.6001536422791307	2.450079371417057	0.6835366408995932	-1.0059812342535464	1.360996261968465	-2.325533839342366
0.21682343676843777	-0.1197968942065584	0.862728357809473	0.4408356633006861	0.11244166841767178	0.1718351398821845	0.8825798156994197	1.639359579333853	0.3848076367748644	-0.7416783407896524	0.14362693694270093	-1.596902176449263
0.23292840293937675	-0.15154823982383925	0.8614073214156787	0.4251528157285015	0.02828508513186373	0.10723247252318423	1.0448819221448913	1.8724134344789984	0.33145564503263325	-0.57659276254175	-2.3538048475800974	-1.5785923310617234
0.2292724152861148	-0.09506320669272456	0.8648221575428421	0.436439895226263	0.15369681881356037	0.14186907071867208	0.8467916902073237	1.6060847735874884	0.3036219740476296	-0.6966490031258958	1.3112642511041566	-2.408926336136336
0.2172074490198229	-0.18755318730599518	0.8469614327146869	0.4475500614630148	0.20895400902219488	0.1692146523350034	1.2737113193923728	0.8220107042164113	0.41110340788784494	-1.0516758476077905	2.383342195428537	-1.7125205281899893
0.2453148433582149	-0.08802621886163077	0.8488372941569334	0.45994267085082946	0.12206458968048511	0.07466086529144815	1.6151491884582978	2.1933945183250794	0.2977771924099524	-0.9912283843339793	0.3643838933796924	-2.225954028425024
0.20565145011709848	-0.12780667884424776	0.8414233526063811	0.4830938579574113	0.10946002544994281	0.1645624765336635	0.52664177096782	1.5840276553426649	0.8203220624350854	-1.233908194520336	0.3168179230123158	-0.8889570985573787
0.22948567839239742	-0.09072361798732517	0.8570098846024662	0.45237109351254845	0.09905326600760593	0.054320223879936146	1.0840842729824425	2.1614973619917324	0.0388778714170835	-0.19011310669502937	-0.6873054470804876	-0.5222387952777445
0.20629331540499843	-0.11727146792666693	0.8794813023892798	0.41255679557752384	0.1092035149101525	0.1434200570514128	0.7139914467137024	2.1654310572717246	0.7948990039901145	-1.4360379021292142	0.9953676787854709	-0.6021082529707367
0.23501818594628807	-0.10666142583511885	0.8754471034353932	0.4086345085769377	0.1260098032201669	0.10003352856580609	0.9519789734341755	2.6457391503448084	0.6011106754214127	-1.1447262799774824	-0.4116539298487288	-1.608601155529384
0.2083506821557528	-0.13340264325878096	0.876952011202922	0.4120059442094899	0.1113828358631711	0.0798802499886783	0.776109864790318	1.5010207830151627	0.23896539243444936	-0.41510095575856526	-0.4120439307340844	0.17797222164375934
0.1966953982365614	-0.09397840022246905	0.8474389748800947	0.4840724785177938	0.10478180548301251	0.1471877077570809	0.8801713575649873	1.8878036459532204	0.17413720075786746	-0.2959960468095519	1.796868970906818	-2.3712626562561403
0.2157345077949282	-0.05277678235573178	0.8753027334729907	0.42955600119817483	0.12356258589624303	0.15530543931243249	1.2028203941009072	2.7497558669066846	0.6074908377095517	-1.504122833280633	1.5309805726687813	-1.2678853668156036
0.17950455126634607	-0.09227708785576592	0.8797754745304602	0.43041627472277405	0.15933501321135984	0.1449644286808692	0.7924546455510878	2.3876220541727076	0.6141871487230693	-1.0740142110226045	0.7428461024801262	-1.7376053220932655
0.24052666692283398	-0.10681263061052394	0.874131992168465	0.40820490529713443	0.23033167845503452	0.14016122810939544	2.0608734934943875	2.4409383837540046	0.4136425419526508	-1.4613988071047859	0.7809010569346846	-1.7707610778354217
0.26449785400038195	-0.08950494638089662	0.8563306975587067	0.4344277687040324	0.058797811746661315	0.17948583399454865	0.9071563952715282	1.7329173219999636	0.4922845525982075	-1.165658962451601	1.4545716624643283	-2.2941240299120866
0.2278407992965688	-0.10750341686122135	0.8612463187275227	0.4413460819100514	0.2053678919130478	0.1373463081435808	0.8515638897249554	1.9947776057275242	0.48523595640334605	-0.9006158347196837	0.2734636040366539	-1.3923710783997783
0.24216096192602815	-0.10930948138517634	0.8717796307553284	0.41159419480656906	0.07838454789140634	0.1435559330485299	0.6893877711449302	1.804963722116973	0.6037104348694847	-1.204938319510466	-0.5151418816782614	-2.4276711676227274
0.21136962343621588	-0.08051277669331892	0.8684649373298867	0.4411453589307728	0.1443134747563994	0.16448136308375597	1.21297776353849	2.045596134421054	-0.0403758280578808	-0.12835913652948955	-0.506467785499949	0.0671036458065778
0.21667797735696623	-0.09674593156071466	0.8525857866412073	0.46560536430794824	0.1779735689065277	0.09769195449923779	1.1683729141660069	2.2385661599276006	0.06653939822782148	-0.20042521773148395	0.8027099793668747	-0.510184464085047
0.21746356615140608	-0.12289507276551893	0.8606662869207136	0.44368901388786147	0.10194832416357025	0.1304881351775746	0.9222845029607187	1.7924474818997964	0.2684038367215676	-0.47620391814207447	1.5777124304345467	-1.8144450502688343
0.2440026518311005	-0.12305152744348523	0.8452634569347443	0.4591848384517304	0.14565325402583443	0.1675745300729997	1.0480778609787138	1.6220029648040257	0.9628452896390405	-1.8946657211382676	1.2992474769232263	-2.4638374777733003
0.240570756993008	-0.09584757219331577	0.8656491807343484	0.4284745612967118	0.22358648682502658	0.15272151011482302	1.0938037185334193	2.686007044752479	0.5008666683315973	-1.0251828117979913	3.5997075441487802	-2.4707860891726376
0.20182485547304846	-0.10161776537165382	0.8620678468409727	0.45362934750424133	0.09827728917651037	0.1950044891871601	1.3449552053020812	1.7203771821540526	0.2887074731041794	-0.7616569269331198	0.9410586313035668	-0.5247517867396742
0.21927677257017586	-0.11497495778261163	0.8640603354595195	0.43829007834957506	0.20521135036829155	0.14328392022518457	0.8442194401074348	1.7894333224574495	0.02964996414852841	-0.011401242416374047	1.9229772842401498	-2.6058742574524767
-0.29619083075618147	-0.2012746426729168	0.8795401994486323	0.31331860389500177	0.07061890766342674	0.3953678210047127	-1.8718484377604405	1.6998384122620902	0.4212580424592057	-1.8600981564420334	9.348674861587805	-5.012828770613627
0.15806762256013374	-0.10579237245293795	0.8547286629988261	0.48297154499743045	0.14717768554714475	0.07558974650703994	0.6560138988972043	2.268635973248144	0.44896598041289637	-0.5123164506403214	0.2887458896412776	-0.5146223214834396
0.2014945274749482	-0.1541427451197807	0.8578112115386684	0.4469898151895047	0.19763502321743667	0.17098520636123823	0.028073632834680666	1.9966533920855631	0.6687787905028362	-0.6075596887844211	3.4569082990634867	-2.202612220339866
0.2311318642271158	-0.09351631982394391	0.8657398740617521	0.4339668532561278	0.2070792272937849	0.17142761801681158	1.3085579476420817	1.5413176441656935	0.354633160210102	-1.072273488384173	2.3823452279498283	-4.237999062721897
0.20041541525979145	-0.14402513633225314	0.8784997234574138	0.4090582566285256	0.02927420836914846	0.10159726958694382	0.6717545875983453	1.2684807821127095	0.9143747128050761	-1.8462279568875777	0.30363226972664276	-1.4867117796588543
0.18574186713444982	-0.11911933666439255	0.8752421285178564	0.43042044432574966	0.042012988313705084	0.14216208211994727	-0.3091629405847242	1.3844020834119701	0.7228196459547138	-0.9532740630312082	0.4380907075894826	-1.349368680376682
0.1927976018518977	-0.11592762744217454	0.8666238674690032	0.44536832200870907	0.1324108837388722	0.0976690685994528	0.8014974934196805	1.4552532903926279	0.5532850436365857	-1.04478189101869	-0.12475798761620249	-0.8050364962066404
0.24097956877556467	-0.08372053790045167	0.8799675775338094	0.4007203282286548	0.06550592240077037	0.1324555213200762	0.7039780589804723	2.116562079586338	0.4560150804231378	-0.9825383719791685	0.15587723558910327	-1.1425797820600694
0.22504555240610769	-0.09479358959481768	0.8578114825704998	0.45224786907641734	0.17065587284583103	0.12291975226092462	0.9104724642081748	2.2425893781855546	0.5879300816016433	-1.098176222418951	-0.1032086260573714	-1.2327732411327126
0.23468897510501205	-0.08243378158551762	0.8573578036133734	0.45062551326009287	0.21670642955688316	0.09093949216012102	1.282077820866042	2.1877520952678036	0.16636327538686846	-0.5840275262778238	1.5083686199485111	-1.6330761953696147
0.20739834984482955	-0.09217635072015114	0.8659251490925919	0.44571636835383294	0.19907168897612448	0.09396481790079918	0.2719139850798371	1.9546049943176782	0.4816407595774629	-0.658021611275129	0.28013879957049653	-1.6411250003638373
0.23521957855943468	-0.11364257471982182	0.8585325607882355	0.44122438411738607	0.21032317837658834	0.1137750263179384	1.8544270632301139	2.0308507550843746	0.5764827698436853	-1.587255141503209	1.7566386309129323	0.2364444539008044
0.2572090116014726	-0.12042839096058554	0.8533276695717872	0.43723267872475013	0.10995979226845802	0.19088940485632275	1.1076761361406564	2.32666502869302	0.6787445550633693	-1.3354428803247254	0.9810501842567002	-1.1717087231910448
0.22394141683775726	-0.11116472352192845	0.8753433939316239	0.41384367672982164	0.2186316402273876	0.17408170412769222	1.6467662256678255	2.1666394520733854	0.3435869248134276	-1.0358544907084772	-0.15624777781654672	-1.1602319143714788
0.2350867199821216	-0.12058992839608068	0.8612948543437275	0.43400861412936587	0.07114829824826817	0.15877717498671592	0.967619873200511	2.0385009395423057	0.005165802487156581	0.032024297678199726	0.3002646337789902	0.7481414191875015
0.2619996941733211	-0.07879648751739281	0.866753358079613	0.4169962710453437	0.20612759033978253	0.20906616337872364	1.358345455687376	2.177853043026727	0.22437598404650524	-0.9082996367029439	2.528427381831152	-2.089913570760689
0.22436175519944948	-0.13325865656034064	0.8857669545559992	0.38382396417126646	0.09009701565915955	0.09051187486728007	1.1651685395081584	1.978259476622267	0.36203978388724734	-0.8297604239859087	0.06005538682337671	-1.8368172796409101
0.25865318980816304	-0.0996737236419212	0.8625732105596184	0.42323886003330113	0.057085379751154776	0.058658343140078645	0.9772533041343405	2.524110609695816	0.10048297386902834	-0.207580424874798	-0.2875792267155031	-2.7278383107850526
0.23832054732271918	-0.0799029841972136	0.8745088138451386	0.41479291742669405	0.10103525881804083	0.21328230839603757	1.0747209795804253	2.9577426031389784	0.5195771687466734	-1.1431498109420943	1.3337511768948145	-1.182945897157241
0.2232692213299239	-0.11931759122558884	0.8798680361875787	0.4021770830446043	0.22058239835575236	0.06845950256057483	1.4624771856156618	1.6988661603839597	0.4094577701813149	-1.2036745725538955	0.4595449272867387	-0.9800596993942002
0.22172535624202716	-0.10023389426826693	0.8839828486081633	0.3992059070276404	0.2177610140643894	0.15608815048325894	0.568615133581398	1.995003598742389	0.7344967889864293	-1.4413413403191946	1.9329939129431715	-0.15615948139801802
0.22722454491708083	-0.14610422589870883	0.8723469908054067	0.4074718260131812	0.17409750339718302	0.1409587733844805	1.1312308934798845	1.4897341029614928	0.685695722669286	-1.5646519259397298	1.9481594717495996	-2.958201433754709
0.20083499994221193	-0.12855888352260655	0.8708081666041646	0.42991982187510963	0.25583852346639907	0.16835425516274383	1.2622194945310683	2.4345309045550376	0.7549030165829388	-1.3907081240105195	1.8874302331214452	-3.655300717258863
0.21545607366092942	-0.10907425689468836	0.877190072374699	0.4149928478091614	0.140377413849294	0.12739268157216843	0.7987313806496982	2.04618559289744	0.5721223837152517	-1.0862004772581215	0.4399170860225245	-0.11263537112970173
0.18228810161945186	-0.1241489011801423	0.8693571427684922	0.4422400441628315	0.11241326203668757	0.155460708134996	0.27846412810931975	1.7535908271512735	0.4300662876876183	-0.46792579000540063	1.900895627237409	-1.0702077053116115
0.21490461671410768	-0.08909972087834377	0.8609883601130083	0.4523011045799874	0.11202700163054757	0.15804654560301995	0.7440912927346499	2.1113892388849553	0.6533007009206788	-1.181223649360217	-0.06264897136143478	-0.9716215359220844
0.21506048109961043	-0.09901809786065956	0.8599002776106716	0.4522343621733656	0.09720343403878788	0.12801407629073244	1.1827669505355554	2.332874740501638	0.578153228693208	-1.1510043805881656	0.5475131613944028	-1.152619069288674
0.2486619963722217	-0.11451263672279137	0.8511500191851884	0.4478813597729074	0.16192698066420852	0.1104501101362872	1.110161013419853	1.9377827336414672	0.33269045078221116	-0.7531542000396039	0.6690219666724392	-1.3380202595596973
0.22800016937285886	-0.15196643658151776	0.8634930262572336	0.4234405725999669	0.16138368437709097	0.11832283577278895	1.329611582786824	1.3193423763054808	0.5014819203065176	-1.2650701944005918	0.06350823793772586	-1.2419857453588883
0.25848038705363485	-0.11087022191570309	0.8500297574031669	0.44535951200134816	0.17264070007382495	0.1021513566596629	1.0129249864083356	1.764713869337511	0.18343377473994446	-0.49867845030561514	1.0787859607245454	-1.0273950767796327
0.19186049182520826	-0.09482342277468711	0.8849800128919091	0.41353167587467654	0.19449564600417224	0.10527517502997263	1.4790281499773057	2.136442960114383	0.25191847513023263	-0.7354335044884788	0.5507173987293091	-1.9170286248434074
0.19402690192436606	-0.1103637827073912	0.8702801395907517	0.4390738837941172	0.08767500333307987	0.1324970596155874	-0.3175960637702129	1.5152539940980518	1.0339124947967264	-1.5280848900206325	0.2072204071494476	-1.053604659280665
0.2183419996661535	-0.11963191017255126	0.8503199036909678	0.4636496938823913	0.1011590592592969	0.138344933709013	0.8768423337311178	2.044669572784086	0.8549274588082891	-1.45326444771142	-0.2323619862451105	-1.434548989556787
0.22047206259265914	-0.09417964785056121	0.8687305185365002	0.43339306606149836	0.09811241931575193	0.10907266013174759	1.1057229522146648	1.8699780056218707	0.48052323742307734	-1.1193357464090095	0.7675447696381421	-0.45122529582829984
0.1829182471391274	-0.0988683751399703	0.8536743900198233	0.4774997330732383	0.18021558847826533	0.0777964004724453	1.0191025828662716	1.8540562282821065	0.06665690690647921	-0.12567174721174904	0.4328937098000886	-1.2467779896556879
0.2534599603209467	-0.09215083539973844	0.8490698380538723	0.4542539841943113	0.13812077154497188	0.14632150696423044	1.3105217770581434	2.446400861949994	0.39520862773059673	-0.9736549494238003	0.13052748425490757	-1.1443401282938608
0.2199698322454549	-0.08988516410309029	0.8571008582717751	0.4570689761139489	0.10165062920037711	0.13876017448092196	1.2456157847707734	2.1087665736660863	0.1351586717967738	-0.4382176208765115	-1.1824843481897076	0.13738859003495818
0.22651718697490922	-0.09526613234228486	0.8715108160099114	0.42436213970058	0.16386673696113843	0.12591498008435179	0.9796872655062198	1.5066131553003497	0.6147879968956198	-1.4473043814349031	0.6589496401234077	-1.5983493628206868
0.2513783499189976	-0.09756715699147137	0.8555324444512248	0.4419884744650196	0.0679757800860492	0.0971751096879908	1.9544262962399357	2.0962562592685634	0.32439829789493485	-1.2767481398730778	1.207164361420739	-0.28878436058383977
0.2217886054535049	-0.09484333006083474	0.8589206527543494	0.4517409318470085	0.20219873583293646	0.14106372000230594	1.236422193345437	1.4368060657236321	0.4576202726563544	-1.1754798999982357	0.9366948588398941	-2.0426245343146405
0.23158215961974343	-0.11275135492626302	0.859920667520809	0.44067366710380346	0.2405162119107964	0.18265165653941964	0.7177844128153318	1.9230677041218558	0.5415726254374291	-0.9419829224464564	1.0816600274057595	-0.8238465304988035
0.2404732812671292	-0.12223144508901977	0.8584348576457052	0.436258719118447	0.08370717880094146	0.15139234239609997	1.4187915917426568	1.7401988257640808	0.6058894217957062	-1.4867119518987773	0.3116424919342437	-1.4953221934304113
0.22369510910367355	-0.1226520470710889	0.8663358176791341	0.42939402012439926	0.16867269665459336	0.20387928663157573	0.7591536568062576	1.4192809067637386	0.7766462518110302	-1.5570261479624137	1.7907305847875896	-1.822624177767979
0.16868170824874942	-0.03975766769589126	0.8461631674020995	0.50395803723496	0.13496928213665105	0.15005527893910753	1.1209131695714305	2.7048684697611765	-0.015424595546487783	-0.13589735012902976	2.2389975413583048	0.9991773412509718
0.21979507002022527	-0.10550141217699638	0.8632972791568542	0.44190201065828644	0.12872748844483461	0.07422259803231963	1.0917729692160352	2.2200749034755924	0.5214425072968172	-1.031688395955855	0.7516210890673908	-2.40606967835696
0.2393091351730535	-0.13198128258516695	0.8553943480238922	0.44001430458415747	0.2009137170243084	0.12160897364505528	0.17199061242722508	2.2399246032694573	0.7119502460977637	-0.8057215767236652	-0.4041994651386127	-1.7747708321875297
