0.2488976939818267	-0.11897480792952213	0.8497881132345485	0.44917156590096874	0.24948045365278346	0.05956398495978995	0.950737267217636	2.0321149395105595	0.5474688681521039	-1.024326560771531	0.6995270011705191	-0.2576615625683484
0.22945537222244614	-0.09465252681010951	0.8748005513357541	0.416071059687382	0.28210256650402926	0.19962301365723636	0.9837354777816879	1.9695286385814894	0.4391769029285734	-1.0178423010008224	0.4886579256433338	-0.3623677316303822
0.18811306487674345	-0.08786807042937743	0.8834248244120649	0.4200633959704277	0.19188881623885903	0.16185291050890652	1.0281500142973505	1.9465652566896643	0.4470683017908845	-0.9934661226981724	0.47321956494391554	-0.3490530885068564
0.20402087233229463	-0.08405663175608391	0.8779224828061264	0.4249259706044319	0.2706634406755383	0.08642424686365209	0.9677472970915887	1.9911339531557988	0.4646262492004619	-1.0307171009678773	0.49454319034487354	-0.32624564246060767
0.21615092997185903	-0.12679292063196537	0.8765387892678086	0.4109526513588162	0.18913715460065442	0.15308257601617217	0.950513691415432	2.0253579641148587	0.5090472424537654	-0.9608236351074843	0.6507570272256409	-0.3710768993202774
0.24943324229790342	-0.0954447063248031	0.8458380036225911	0.46176989648425193	0.23100683781596543	0.08017029927384324	0.9522116510273312	1.9402899340670543	0.5223911813336042	-1.070189187773746	0.676428753478969	-0.30414593877852825
0.2011109341613957	-0.10717205404081943	0.8631762940856922	0.4505499176804863	0.24794861197349716	0.05000014618328497	1.0214416195288347	2.0087345262607452	0.5417926782786437	-1.0161037685876955	0.6034785201190256	-0.2906541258636898
0.20365697902171034	-0.10215342667090091	0.8730188816248569	0.43119200438044747	0.24678254715688444	0.12748455908386883	1.0102548589585407	1.982772673748197	0.4848255731969924	-0.9890264778750261	0.5483483186053747	-0.34314386958894044
0.1687652992658212	-0.05071002616448412	0.8993101916278832	0.40023486385413165	0.22085951239630508	0.05250449924401176	1.0513287839410814	1.873715337207304	0.33321234707543	-0.9546217915549754	0.47059954129453657	-0.26821424014718726
0.22340460097092912	-0.07513224445199679	0.8558735149719349	0.46035427279239044	0.15223916892847444	0.12819267408605806	1.006196478641455	1.9984452633913956	0.4509243436684339	-1.0004804451240872	0.5977347128205833	-0.3139361855529557
0.2189198041982021	-0.07113614600486809	0.8804802517454569	0.41444938695533357	0.3842681747761551	0.09373697644684136	0.977894460691513	1.9384792430582047	0.39804394435538143	-1.0294486303034642	0.49139501309744343	-0.38406184635567503
0.18840409327836374	-0.09106552974123588	0.8642427324071439	0.45748821450430793	0.21817687156809398	0.14705223135849774	1.0042355616547345	1.9817915844141358	0.5043900480356387	-0.9719258533361764	0.5847734700844506	-0.3431139816091546
0.2366834435056682	-0.08111205064769884	0.8719474633717054	0.4208436811093555	0.2739138903762255	0.061546727549082546	0.9524461247072334	1.9480535106517665	0.40339582921941275	-0.9959935300599153	0.6513528622372161	-0.2466247929671662
0.22218914756704977	-0.08985856308541763	0.8628689348703616	0.44498833982402225	0.298487583784052	0.10499455551916743	1.0328817708739892	1.9392572562078176	0.45519189543151606	-1.0067841235166246	0.5859120204494269	-0.4090536081075724
0.22786430382198317	-0.11048164811225238	0.8675468477739421	0.4280585607035792	0.21892843329384293	0.07718000998482562	1.0246868467800723	1.9862500713569953	0.4851201225493147	-1.016005394040037	0.6509871419150324	-0.3073951447614091
0.20236275671474513	-0.11313878990250328	0.876117282351585	0.42269071018781473	0.18039983522057057	0.11538734277547008	0.9990883304921842	2.0548671420664646	0.4941410268526437	-0.9525134353243286	0.6432025526293879	-0.4273962676207487
0.22523481356434816	-0.10121108686586427	0.8593440555193324	0.44783187570521427	0.21548557650190472	0.16054454474398402	1.0074972434768261	1.9757116908950862	0.5030995091482466	-1.0255971574823377	0.608228728032079	-0.3705987391892114
0.21510292348324675	-0.10278960578709627	0.8868904528890952	0.39571499065017685	0.2322122930594905	0.155310530592957	1.0202697504649483	2.03949783375837	0.4079905268923315	-0.9392283327205	0.6298036965140111	-0.3999730671184365
0.2330544112320668	-0.1160706789788513	0.8558187181449126	0.44697601787955216	0.35887801688313115	0.17673003972218818	0.9741490537054921	1.979847213348622	0.5438680550879492	-1.035133803769003	0.4824606639442171	-0.30849407465955775
0.268544761434717	-0.12314151067192022	0.8705924740773778	0.39343185373738937	0.23195805524809984	0.1662263423229032	0.868264202422183	2.033799739272578	0.41966208512198583	-0.8847206459260037	0.6915732351320659	-0.39824479348771913
0.21440167160547008	-0.1249483004489419	0.8517808002714239	0.4613992996490935	0.22238252704432346	0.15756866558529187	0.9989972670705559	2.0329527193303303	0.5755734854704764	-0.9762371577665319	0.6877452281022531	-0.4364544928800039
0.22442504228546367	-0.13781878411699708	0.8538806946857466	0.4489177456758276	0.2804565910173262	0.051668333180034665	1.0633825548083262	2.039234612251184	0.5738045912057722	-0.9969877718190727	0.7140023872941955	-0.2593761006936959
0.20814822563667063	-0.09174007294501105	0.8893688395939059	0.3965868660706491	0.3130635266603582	0.08847220143259858	0.96504734074487	1.924950738872436	0.3995870176585348	-0.9573136306935823	0.5730279329597044	-0.3261270768924736
0.23538794142723868	-0.12283468894008544	0.8499807853511849	0.4550129896579021	0.0970720378234315	0.18510233849960955	1.0063564561037972	2.020663880340745	0.5453965865944699	-0.9939346450122424	0.778762184011419	-0.3810244454740676
0.1964740814270891	-0.09585031788809695	0.8723982476218569	0.4371864012460196	0.16331613874149914	0.1883478216043657	1.016762345399303	2.000664878150198	0.49059339250597583	-0.9972769005581656	0.5908462021024331	-0.34443234535877476
0.24527260619245844	-0.1320744184879844	0.8615104001348219	0.4244967927937256	0.2975928799309065	0.16088728736697713	0.9412702263500549	2.073560224642483	0.5455939698091192	-1.005987388290312	0.6380881183524242	-0.43179063131255635
0.20732372768011037	-0.121233197610302	0.8720185092472984	0.42650100031315785	0.4381684761658826	0.12880253700135966	1.0152111405665518	1.9890519164119986	0.5006991114891445	-0.9518315935701099	0.3814403245723479	-0.29308824099550373
0.2159157272562373	-0.1259286513937844	0.8704636533118696	0.42404646177571914	0.2540609035455362	0.1451211968391604	1.0230700939286057	2.0510457672368196	0.5120083734946332	-0.9628571679581588	0.6729887386810999	-0.4188006848732948
0.19127844885870074	-0.1179184282471418	0.8736724051760274	0.43151399480882224	0.2805270349296765	0.10718642666668193	1.055805949127515	1.9797308758056924	0.5177658134995847	-0.9753191777757252	0.48620063406607744	-0.4730439948856433
0.22781256166731287	-0.11675173883509309	0.8764564863752102	0.40779222125535924	0.397833801753482	0.058014313455267176	0.9475558001792328	2.0065839741758884	0.45799386111627943	-0.9392151600494555	0.5495753511152238	-0.3704190816730881
0.23573840402422788	-0.11054877104239234	0.8727310412541502	0.4129732481899688	0.3150310736143673	0.0726972696327625	0.9943232287631821	2.007125459830296	0.45839853748579446	-0.999032147623002	0.6006805577343169	-0.3175533459473772
0.1855935309443995	-0.10516455733162475	0.8562092416404093	0.4705328805539405	0.08249797137546665	0.16672292578117284	1.0640180891355144	2.0246821872711647	0.5868315453963715	-1.0349981494830816	0.7339560466205785	-0.3430980789948306
0.20001990044384088	-0.11257893294555271	0.8715609812039945	0.4332429795461284	0.1548516556116176	0.06806838504507617	1.01410023903272	2.012755195257321	0.5072601965547573	-0.9656350156256032	0.7674161673133506	-0.18932791184363362
0.20870553698700342	-0.10340908718248736	0.8666211056158243	0.44126683403611633	0.2465406741367775	0.14625685125233398	0.9859845395678049	1.9949304591580646	0.5326747035396978	-1.0449768710573881	0.5898623567001132	-0.36945896311198934
0.2397709610757975	-0.10246523203834575	0.8508051897053883	0.4562250449268368	0.16433998677072673	0.17458865808871657	0.9543642166932241	1.9957422635376183	0.5214016887056953	-1.0256909374139491	0.7047686888464098	-0.31255254366430835
0.19537522764360293	-0.10603103584826976	0.8731655579102744	0.43378318125463633	0.146892834632619	0.05761786744033617	1.0274836697491392	1.9729564652022988	0.484037340139304	-0.9548433185964976	0.7017120592436049	-0.33533115384838713
0.19082567250502705	-0.1237960648382959	0.8864581205152933	0.40305346744079784	0.22712271844516932	0.09383173635384721	0.9980306598043843	1.9901202569578678	0.4769136291495504	-0.9101640463355325	0.7395039804672378	-0.3145328649928085
0.18954963872959463	-0.1228389490864752	0.8770515091675274	0.42398369934677094	0.3022962433211825	0.2137267709276461	1.0373289749568457	1.9795298353085087	0.5160870177655642	-0.9578124494194421	0.49770484000569454	-0.4539891476950462
0.1930404218933193	-0.12503521006504784	0.8656739704377121	0.4446461162158577	0.39141061314477543	0.16761374903357493	1.0163227601013496	2.0402976665398582	0.583981164650064	-1.0044383707275069	0.41344214206594493	-0.44481106879967963
0.20525008333740172	-0.12294477183268378	0.8631638158163027	0.44464054407401804	0.21013171565946276	0.23480375166935955	1.0390892631295767	1.9754364407807576	0.5675725027931926	-1.0352443760894203	0.5147100018844559	-0.2789598446922898
0.16874470156981022	-0.10053660790879798	0.8756867404960492	0.4411239606751295	0.20578440483302238	0.10880597795172421	1.1238499009701226	1.9574613920010122	0.5138317913620714	-1.0038059903788676	0.782778595878269	-0.325701431298208
0.20185891396505387	-0.1044486631756065	0.8732209103105703	0.43107852812458314	0.34762231862872744	0.07496177274062242	1.047048893978852	2.021061833244915	0.4997237608680242	-1.012873884481719	0.5147194823678577	-0.22173671722051266
0.21185729258317082	-0.12138767326517319	0.8703756137346772	0.42758368932243007	0.22757969782778073	0.1607649448420186	0.9885117955315397	2.0576453450586634	0.5112475159478482	-0.946313043303608	0.5683080101288877	-0.3708630090312863
0.2155205151029982	-0.11091824729295291	0.8555493903377925	0.45747490715866523	0.4221064045330592	0.12430623906009547	0.9884495994743954	2.0063909725114235	0.533264651673213	-0.9764908138436575	0.4346881878794811	-0.3117051772730755
0.20459628711711855	-0.13146519479141872	0.8687744567359467	0.43137942136766877	0.4509539295561407	0.009587509779829797	1.0117871080213867	2.0480914510865267	0.5570012697479624	-0.9774773638391613	0.5693204668658801	-0.32938211715787474
0.20988772923056814	-0.08616018399512758	0.8660137888579715	0.44558240687915646	0.36342975682748796	0.1291398386142134	1.0485586612571105	1.9473310536103903	0.49913671771773416	-1.0874676986474527	0.5600507033368436	-0.2433727712150534
0.18127466870363818	-0.07561239637309478	0.8827925865208175	0.42673119078055355	0.32657254037062566	0.010810125274136294	1.0891404893881174	1.9962199344360636	0.429439533548594	-0.9973506840506959	0.5645923735596554	-0.36890567058893614
0.14969988913647148	-0.10122232266218291	0.8966559060910642	0.4041684929078637	0.22441148926612828	0.10252005685732328	1.1579809581139275	1.9484079156343395	0.45563939422071414	-0.9517787926664564	0.5008857416910968	-0.4198397565263634
0.2346909131360212	-0.11685191197564548	0.8600538104596253	0.43769081447169494	0.143022743756218	0.14368999731230753	1.0277667611557666	1.9666898498364138	0.5044770933746885	-1.0173242895992063	0.7433420850019944	-0.20266698552832899
0.18426382754064644	-0.0904401553183337	0.8534941124700957	0.4789730891657175	0.16410547861700583	0.07342789856093146	1.0305522964486575	1.9803466943136228	0.623023321163254	-1.1327095338403301	0.6339160549950045	-0.38298072256042454
0.2099250931357629	-0.08224084296964838	0.8719367367323059	0.43461963388254865	0.39770821836310216	0.11867189799826981	0.9763957935353736	1.9410046494465836	0.4581651911967374	-1.0234953654519299	0.48977342966900683	-0.27536536492741975
0.16124109572385792	-0.12332430931145986	0.8805602098549992	0.42825943142298795	0.3729787505431906	0.21245212163709457	1.1298361627484745	2.0467183780529288	0.5543459417412199	-0.9758124133890074	0.47585317758260354	-0.41292015484406114
0.2076015726523238	-0.10946582296104003	0.8799133682951522	0.4131238130769323	0.15101859678641735	0.11138781499431531	1.0083091059542624	2.0120673718352635	0.44143008693411145	-0.9137555573333124	0.7396188167448633	-0.32942763762898536
0.222710912867383	-0.09843645966967111	0.8676968188667659	0.4333732147075694	0.18370462374634067	0.15986156037116164	0.9492252704797116	1.9912399973111794	0.48240663747715057	-1.0013884126395318	0.6379808080389413	-0.3663179277892625
0.2242408612436046	-0.12908403805671487	0.8500161888695892	0.4588309339259049	0.20292087287245708	0.052568728167882404	1.0375622257662453	2.029282195297898	0.5959726870483502	-1.0402575410625905	0.739322430241828	-0.3316693677205209
0.23651175175096295	-0.14276975958402258	0.8523608931892638	0.4440269077360195	0.2864339362877283	0.14413154297688652	0.955340334554674	2.026500130522126	0.5845335467575778	-0.9793546473182444	0.4717185985191869	-0.39767943638180814
0.23058052973590035	-0.031122700469498152	0.8744799613494391	0.42561578215625523	0.370085469953141	0.24456444525347057	0.9829640947745663	1.9150201499963346	0.33121619793999857	-1.0730187419796224	0.3814126143686784	-0.37513787875710886
0.21444004140147593	-0.10619979490899095	0.8598234339927548	0.45104404946959237	0.32861496622160496	0.19345418855556096	1.0240715469033423	1.9768230790867405	0.5317001267007783	-1.0350030527813718	0.4098782740383979	-0.4727832901452209
0.2282179624052154	-0.09934665447843033	0.863280987645111	0.439081701110439	0.273470108027654	0.08091127171327667	0.9340500539856401	1.9506299308264106	0.4620612114107843	-0.9525951553740181	0.5172332162918943	-0.4121379148150785
0.22327222236734226	-0.14458245282397267	0.857417289344389	0.44054627564862253	0.32350319315913106	0.06744042373666075	0.9897262871731145	2.0644764614400772	0.5908505932161715	-0.9740108016832654	0.5654354288362007	-0.31960475231034075
0.2129202792943239	-0.11490484517597857	0.8606566701335683	0.44803116786102026	0.2665111643721078	0.2591881462218628	1.019118307417641	2.0131999578753144	0.5268998073066866	-0.980164752663341	0.5932279611445218	-0.421149337305059
0.20486207960089728	-0.09488656366506387	0.8758281129049057	0.42655970862572473	0.38524677762494547	0.18146823100928577	1.055861423014813	2.0142054247286247	0.4532819481277068	-0.9897371934725567	0.405733533540458	-0.35962287863525605
0.22229860908220586	-0.1080356082577453	0.8766386167916954	0.41281517813428154	0.28375329650051917	0.13443201842221678	0.9619108774123445	2.001723040401325	0.4323784287246645	-0.9123058732151524	0.5459308482348194	-0.32314724528305777
0.1971746823359572	-0.12981805122400925	0.8584125420879922	0.4554089654455058	0.3501367864668825	0.1394015530346213	1.0761726739896007	2.031712672029786	0.5866517679959983	-0.9925809441326326	0.4788428154254089	-0.3944440903793936
0.22803589484727804	-0.11168437733264855	0.862557289896049	0.43763129706203935	0.1706955401157141	0.2547654033203791	0.9759340375794128	2.0212029415845727	0.5044031235474727	-0.9868759244120808	0.5495623975687141	-0.4572625325931427
0.20178549134292034	-0.10169180988025546	0.873434045387145	0.43134019015786257	0.21657997888291236	0.23920646328237075	0.9671217168774765	1.9773433958652433	0.4966112215378259	-0.9918590016016846	0.5282738137587081	-0.3363023037375575
0.24595299044588464	-0.11973035609436869	0.8532547671306429	0.4439910705060124	0.3102744982725088	0.0967264802530311	0.9687748698068555	2.027384576688484	0.517287475780314	-0.984054934211316	0.5592284091637567	-0.363741157762888
0.21746751084489283	-0.1188068806857743	0.8756802024116367	0.4144598773499767	0.26045488164853453	0.16288791821546564	1.0015901456688385	2.0431453671040454	0.4769073404223007	-0.9474786966487311	0.44721056236245715	-0.33930870081452613
0.19915351591087252	-0.08970863071456742	0.8756664221703816	0.4306954327120017	0.36670940771570565	0.06355673107517318	1.007677071402129	1.9885983304637789	0.4718702509626511	-1.0111296747500769	0.3423702876180818	-0.24050010915523623
0.21858676151696163	-0.10912998880374954	0.8539509243276105	0.4594325761994244	0.371541215009992	0.15189489566483408	1.0190170912632097	2.03063027903286	0.5426468335901669	-1.0111053840909692	0.4690262207011601	-0.4015604995415935
0.19447301225645847	-0.09312129075629323	0.8866094825303804	0.40918491932009465	0.1581052062947835	0.0292085617911137	1.0470501913282972	2.009163538854797	0.4165190352656813	-0.9428911250559044	0.7685504830225808	-0.3037568614545622
0.21222064114662978	-0.10886553969079157	0.878979135817482	0.41292417286554994	0.2273069118733563	0.11435838824897297	0.9787598567865455	1.9778671145948528	0.46470035194265663	-0.9707675490433025	0.6600472897501092	-0.3056650520187076
0.20700364785477351	-0.06988960768373421	0.8598074930654455	0.46151490483097585	0.2175384291804701	0.21025024485685406	0.9831013233180109	2.011897314489991	0.4822507537873752	-1.0347177366801543	0.4616974923146417	-0.3750711406706013
0.2069034590459329	-0.09338299642240393	0.8855928970872614	0.40521080346233673	0.25377063288872875	0.16577796557798744	1.0028926877473379	1.9359808477832836	0.4084705160481088	-0.9586438908514617	0.4645935353323263	-0.36384135412731017
0.2180518564572843	-0.09091826513820878	0.8808307307821809	0.41027366558130374	0.22805632180340027	0.1815336325465761	0.9955823982207	2.0253279734206333	0.4273574259609342	-0.9978189502932299	0.5573381842469044	-0.3251289798829255
0.19672874786455857	-0.13189948282537148	0.8754079438175891	0.42138018237110175	0.23217487433710401	0.06814066125461143	1.0711080082291808	2.0900625354073274	0.5416732418115218	-0.9711530008987287	0.5503933905389963	-0.4516188923333353
0.18402893618408628	-0.08851524046182199	0.8868466048566739	0.41448944776330554	0.3718140426486403	0.07976264064035482	1.0365597228446994	2.0169725181086067	0.4649310684301336	-1.0242642302758918	0.5631852541290568	-0.2457803637429006
0.23355428186599522	-0.10110257898221296	0.8623981325154307	0.437607274824245	0.40458801064596317	0.1258016914570543	0.9662308335580388	1.94425666740935	0.4712053557888925	-0.9951036673430224	0.532902874224002	-0.3191621820662689
0.22735822615471254	-0.08985079711858895	0.8687403966189763	0.4307263569126463	0.21406222281964024	0.037418953467765886	0.9427510878485165	1.9691696268437129	0.4805070296409899	-1.0559990458299435	0.8729387848079485	-0.2097957682843912
0.22356372325567184	-0.13915121446373058	0.8580296834675306	0.44095494491607606	0.12376532555743684	0.08695040384504922	1.0256899305323466	2.0334770959919974	0.5617113597118113	-0.9713266114735507	0.7915914978602024	-0.3218806032005785
0.21729781396056527	-0.09144252514084399	0.8702954840071508	0.432441551149499	0.28345686458478325	0.04448537679596776	0.9536016396699248	1.9496691693013986	0.45327440987298445	-0.9791278161459557	0.5764974159467066	-0.24808519086461792
0.24455511459710785	-0.1254490837835839	0.8748561539739822	0.3988508908804228	0.23459357726916039	0.23219422878068488	0.9433391738257152	2.052526419097433	0.4571233088689921	-0.9355075028336052	0.5326589671850552	-0.4420348997325201
0.1957403034713698	-0.11096599632028814	0.8679839358116035	0.44269195659123994	0.32871482820568615	0.15063249603064177	1.0545731014486874	2.0445259654680883	0.5404437093420463	-1.0134497575320398	0.5520691910029079	-0.30440561258236243
0.20081176120164893	-0.13465525035136502	0.8569156586567643	0.45523417497453655	0.22135376414697364	0.10584203914058456	1.0856937711435455	2.006658687218491	0.5742609693596863	-0.9663294001074986	0.6879461004755041	-0.31718189253776996
0.22112027837239662	-0.10058284501452984	0.8501136120546218	0.46722131841424064	0.3169064947329205	0.1417924476819396	1.0298969152904405	2.008138854205594	0.5597774175042302	-1.0736264721552538	0.5536531910049197	-0.34727239704852836
0.25362975326362747	-0.0905529935435912	0.8558517718509336	0.44157654856133755	0.36215198822921363	0.1260319752141376	0.8722756458061534	2.0076153669199313	0.4834460719499362	-1.0263173037930164	0.4594552633146612	-0.27996466343277987
0.2223914578047334	-0.10072680243832546	0.8742775910235777	0.4195650659910163	0.29184435179478924	0.09158107738957451	0.9653273228406005	1.9741695550569225	0.47311100768565	-1.0235816819139782	0.589514397237362	-0.26466461250828605
0.21893939414951258	-0.08991780874679127	0.8740661421274787	0.4242507613970846	0.1587412348885286	0.12729430938729483	0.9827501072100715	1.929971253784873	0.4512383932605631	-1.027779248125511	0.584081537364804	-0.3285688306532115
0.24872063679161585	-0.10625363747357536	0.8748604147917303	0.4018301432048732	0.2493946175815698	0.18980920270144172	0.963588458415746	2.0221545312855147	0.42835374625011324	-0.9943325640896753	0.5959631063044163	-0.4135644495192063
0.21212933625814007	-0.11523206995722587	0.8728719389287697	0.42404869175931215	0.21059031128162306	0.10406342962776494	1.035278734475389	2.0208012939904174	0.49467432290791524	-0.9870074314959664	0.6825573341499539	-0.41405566762991386
0.19508058927580219	-0.0876027974883682	0.8716775681067104	0.44096205145067663	0.26197440739699995	0.15039274069501543	1.0560179416511783	1.9777432392201606	0.48809324568445817	-1.0391204725527983	0.515889367325132	-0.2996978907892893
0.178633046512969	-0.085508423381577	0.8760283384101434	0.43971910866672137	0.29610584785389443	0.1527592011848752	1.0825140785418719	1.9757754824997698	0.48620673991192254	-1.0241952530400065	0.4894954001381085	-0.30762105503708886
0.2074533952442907	-0.09737572044393358	0.8655071983544664	0.44539684267655444	0.25435717723738643	0.18914003767381693	1.0127666177255144	1.987140048064519	0.5201848879118613	-1.0481135020885055	0.5316420915880729	-0.49935352926732895
0.2477945954286788	-0.0984180664732833	0.8586788660732112	0.4377011853162177	0.2654430269108791	0.20482836254779502	0.9565851538736964	1.9840712971593926	0.46965736042505696	-1.016796469849272	0.5056344262873897	-0.3384942195083909
0.25086582166038335	-0.09069856211843413	0.8691694101445777	0.4163948208386316	0.3381698842226661	0.0771359326508751	0.9122222069359692	1.963758359651588	0.42566287439806566	-1.0103595009301005	0.5945764823597411	-0.3106757672209019
0.19957619603654556	-0.1155653650804849	0.8569242959782938	0.46097151683320103	0.2337887501410125	0.193601954872445	1.047464570313064	2.011832604561166	0.5697904655691152	-1.0083445540309843	0.667215332345544	-0.3068883890132767
0.21592822807394488	-0.11627533368311244	0.871146187064796	0.42539319207081205	0.27812536625550965	0.1541842904146575	1.0562511003485322	1.9770242338939348	0.46076521488064337	-0.9393406935686062	0.5405931717432438	-0.3200615907880816
0.23666290626710113	-0.11583288290903597	0.8682235339566522	0.42042990749709125	0.35536320811028405	0.09529506002920984	0.9327462740139943	2.0116123801996464	0.5146904482672221	-1.0337084371554535	0.5433284650226211	-0.2279775047623619
0.22062270721666122	-0.13177332163581895	0.8769382972299569	0.40612884115373804	0.2485246727863557	0.10027614075242351	1.0033073812455129	2.037167732485315	0.47568677330363224	-0.9111787769772337	0.5973607482969645	-0.21812673077342162
0.19219898414187445	-0.09065446188915789	0.8623675239659389	0.45952537758351764	0.26315432706875813	0.09969661424655925	1.0495600173484365	1.900025423242442	0.5037381135263346	-1.0094893538609904	0.5967988056833095	-0.3125820629417411
