0.20027260284132734	-0.12048505410125143	0.8638581078109199	0.44623245719996146	0.134487619951454	0.1314099706826848	1.1254675129268261	2.0461571741369453	0.5607113944205194	-1.0381226805431703	0.3730317286558824	-0.3051799180619023
0.11588334927799895	-0.1605478828116305	0.8783144534654923	0.4351541652316222	-0.09650186439736115	0.09215057709574032	1.181794080274613	2.014012205518912	0.6663368700110598	-0.9165904782771851	0.3458109205406852	-0.20772968624112922
0.24662651458630694	-0.129414463687369	0.8703999795649529	0.4059940079174205	0.07735347500478347	0.24180492885216842	0.9689225913953718	2.0876164253079916	0.4924901088558088	-0.978974109190492	0.24371324116631943	-0.3845889195394839
0.15188917542067398	-0.10424719284780833	0.8699874990047922	0.45736632227216545	0.05755332615892794	0.19877869865727973	1.0739180946790663	2.035253922551355	0.5709444958753849	-0.9787812918207452	0.10429028198019179	-0.36366397996954875
0.24418742178467737	-0.09855784292856781	0.8448533892291189	0.46570549207357526	-0.07712042067492222	0.21057171517171006	0.940404051129895	1.9178274325323146	0.5478353017851371	-1.0810660940082866	0.288464584481216	-0.3417574104984846
0.219933562075823	-0.1312749522639111	0.8858350343586827	0.3869010300884446	0.026890749855927997	0.07527632878892958	1.0147285392623857	2.043908569439462	0.45371020052407535	-0.9221253644209252	0.465634052904081	-0.2708128852416843
0.20839198158179467	-0.10783157069996446	0.8600711816989929	0.4530151176105379	0.05136857204133725	0.09318717936733734	0.9919543134979404	2.0113227963619065	0.5269941448472228	-0.978077084836318	0.4962286503979651	-0.4109833455959239
0.24379040538363766	-0.15149428288500644	0.8492821541914367	0.4430976676399818	0.06058045515755736	0.19181456103300845	1.0043315042309668	2.041456798397517	0.5833522630201949	-0.9727156085653536	0.21703161971219587	-0.4326730447661595
0.20419544395533915	-0.12245083184232926	0.8797002655113279	0.411627814060594	-0.085084597028937	0.09063957769403379	1.027058969662716	1.939766411629861	0.5037216237682781	-1.0089667986000557	0.11729229554812293	-0.4396529891644525
0.22368058907210783	-0.092353531785116	0.8458256312708843	0.47541226396084946	-0.25662270501573475	0.16528284809081248	1.0048003716310423	1.9728805584734375	0.5474675160431758	-1.0635272737942034	0.4116303768701588	-0.35395983468921494
0.183817122929717	-0.09876005476185995	0.874059257607743	0.43872329672753546	-0.014171983631810168	0.14962976007974757	0.9857076620378828	2.0530721421625846	0.5081433963166098	-0.9631945059456576	0.24923766173759968	-0.35539525407634054
0.22482978047178162	-0.0815521948586343	0.8609413915529907	0.4489774266458724	-0.13909373541727502	0.16004519550478077	1.0330559652150615	1.9260333985395284	0.4513845994248345	-1.03302560993264	0.37447411254760105	-0.34550072779161134
0.2404474127906484	-0.07366171160856504	0.8529669707617189	0.45739079649109365	0.021614084788486466	0.14527593404381303	0.9847878004777604	1.9337191948080537	0.4793470458488235	-1.1001878800677216	0.4328914629509859	-0.4374147016979529
0.2132405309062002	-0.16882140674325818	0.874429279469197	0.40174773653506757	0.019093300377237738	0.21164463604273742	1.009560665318372	2.0389137308444725	0.5666178371910687	-0.9123491229989416	0.26220998912208854	-0.37143836753304943
0.19887365059882517	-0.09216229331058776	0.8795812083631337	0.42224670594769514	0.11049103835674944	0.15341238614644434	1.0210542793205035	1.9711872031590292	0.42421274255337066	-0.9343381723086902	0.2508492288662395	-0.42326135411367183
0.17258667165504907	-0.08349786277247284	0.872375241323762	0.4496703081200376	-0.008827648176290333	0.06965891209765569	0.9877334697952137	1.9237414984007104	0.5073663320155933	-1.0061930853614403	0.31550208206379143	-0.38937017359705983
0.22153166924802972	-0.14616857408249495	0.8678520446102702	0.4199896381300917	-0.02156243656054053	0.07736914224543694	0.9906679307175609	2.059302903346325	0.5924838139447788	-1.0301378925275617	0.5919912950370098	-0.4047841528473428
0.22238206965546828	-0.06491920516774756	0.874421693205811	0.4262844289288795	-0.1035541114514011	0.04858607329267656	0.9073430461546865	1.9144955003718818	0.38735240674267996	-0.9763402494598811	0.5292634470692926	-0.4538626212466439
0.25634783805438377	-0.11305275900742404	0.8560145974093085	0.4344466234508357	-0.09370949447449338	0.18826641561269938	0.9050798848960193	1.9938117414471146	0.5148554126604415	-1.0296618228654868	0.35227493365679097	-0.35488036373388154
0.1615924747447945	-0.08970279210396823	0.9045658007003334	0.3841900485410441	0.03795088923941392	0.08723265529124995	1.095018816235185	1.9488625986975554	0.40940664356696177	-0.9694775636224899	0.3772307492895162	-0.3428436089318654
0.15672941601765641	-0.09352179472060279	0.8601051577481911	0.47634932736591656	0.11719634261472163	0.0931171072342243	1.065617981271647	1.973365773952577	0.5995141799489627	-1.045674224321961	0.3111264620734894	-0.2412213850846586
0.24426215258699407	-0.1018987164296126	0.8760622375113076	0.40307270859020794	-0.023364612951674992	0.1887966110709822	0.9904650288820657	1.958944529796534	0.4036147237240517	-0.9822317323758744	0.42018947178378	-0.3347331626918199
0.1855180027994381	-0.06414522774229732	0.894459105316988	0.4017603381504075	0.250670151531851	0.292112639156804	1.0216338079523681	1.9772388668519238	0.38936037770990894	-1.022918198478329	0.16122507793834256	-0.3992989885632623
0.22994793882958534	-0.0930041722793704	0.8712810613607221	0.42348964743047507	0.04085727158680441	0.10272242659646418	0.9338002910612687	2.000580300252803	0.461286858500692	-1.0167276663864695	0.045599402655416475	-0.21215883401518446
0.2230918815999073	-0.16615989476029536	0.8506828903935526	0.44604878850763796	-0.045741876284459144	0.14065306641849842	0.9766548313390366	2.0494026996830748	0.6416998874348728	-0.9488610954882764	0.41818001051850784	-0.3748700392784639
0.20604213120144063	-0.17500910337908746	0.8513160799107536	0.44964362109319805	0.07139866808199113	0.11890968848970607	1.0637180086449158	2.106848943621275	0.6906167042719329	-0.974963428272488	0.3685996091957256	-0.333495388550193
0.12688847291198607	-0.03317540150240751	0.8580907618425933	0.496466466760461	-0.15133246098383643	0.20074127877771933	1.3579036291662958	1.813059473828713	0.49149220242328506	-1.075396418564628	0.5445607833129883	-0.2952740284142382
0.2643184372744677	-0.07841205086780448	0.8833504979768689	0.37905040788726996	-0.047842676949405576	0.15854976312676	0.894768399322845	2.0152518476596293	0.35213664317275944	-1.027683457499084	0.45464924370791815	-0.41165852652104423
0.2035485880646397	-0.09094362278156284	0.8757699789891747	0.4281637229770371	0.10913644646085163	0.131053817890549	1.0176169428297421	2.0057515605373477	0.45464581568768675	-0.9876813759478906	0.24637943672361487	-0.4197413568633415
0.22244172628791278	-0.13142592940669878	0.8365563222212722	0.4831360297444782	-0.08119921263141154	0.0896505425680592	1.1038287587097666	2.0062663430357186	0.5782487230166518	-0.9637032889991686	0.5837418995099277	-0.12332450861699784
0.2777861499349933	-0.09579764557688565	0.8512623540250447	0.4347528845516248	-0.03324851228109116	0.1386100247323739	0.8901748390873859	2.021642188029617	0.44922383954068623	-1.0029077163874343	0.23726292575993027	-0.24117798592542197
0.20881997167099822	-0.07384939184645635	0.8693885409194975	0.4417058429238846	0.056841701706205255	0.1503434841045787	0.9772713426159961	1.910874496643312	0.47480738238897324	-1.0770719011812482	0.45020898946231663	-0.4034586830397188
0.20366798360011973	-0.10732280342569403	0.8900459059307572	0.39347103280547735	-0.04190000200906147	0.11983089637935583	0.9500594426041781	1.9715364605871335	0.4125739053254937	-0.8872713800781342	0.2990222031625136	-0.33317604809556206
0.2336190771842897	-0.07838931027329739	0.8436133372608096	0.47706789873781846	-0.028212369963162204	0.1458638947233231	1.0173676157771319	1.8917288652217399	0.4964811108643245	-1.065305904576752	0.21573374995760639	-0.3391664922285906
0.2276081706880566	-0.13359581696371461	0.8366428478462307	0.4799743987689168	-0.017947398994457627	0.1721851125497816	1.030000199121346	1.9528248723294728	0.6172678337353833	-1.0208460002896351	0.5533665434237124	-0.32691159128819175
0.22627339012119116	-0.034979445530620885	0.8287480908007184	0.5106401798797247	-0.09442735281842389	0.08167224624311929	0.9749227809755353	1.895925435832621	0.5356381599754525	-1.171450638344697	0.46617849910879383	-0.3621405863742986
0.19935536680914934	-0.1514723639097744	0.8796142732583141	0.40446543854354544	0.04034573873750368	0.12147859369167868	0.9653521797549252	2.053979833548586	0.573861654305636	-0.9546028468529908	0.3088844845642356	-0.28078148288389787
0.2220467317329551	-0.09740537687434751	0.8714002214462835	0.42646113017020365	-5.4188330616828914e-5	0.15290002432401795	0.9611018638617922	2.0148194163215627	0.4686844886704794	-0.9979034905208246	0.47000126992865815	-0.281085890633848
0.1675489999827692	-0.03616591269700141	0.9070684972016279	0.3845076081795356	-0.1116755108835595	0.12077184910820678	1.0421214499931444	1.8642548457662695	0.3136852898165963	-1.0187522038713346	0.2973664707523005	-0.22043893550454766
0.22994844595281128	-0.11815759866674103	0.8643184197015042	0.4314118258067232	-0.08968088027656153	0.13797416675347352	1.0206898198852437	2.016594848949263	0.5043055261919053	-1.002083305628958	0.3974957367565968	-0.35167081799304706
0.22094923864534718	-0.1256193271746543	0.8779076109637792	0.40580715271431356	-0.08600442624233785	0.19808676041176174	0.988022001911647	2.01379813399091	0.48649027785962956	-0.9670215455734837	0.3865864345209564	-0.357047199525194
0.20482963524158262	-0.12853358134607212	0.8760821999598665	0.41713776849697215	0.07220633633643421	0.02617966813177408	1.0688541856504834	1.9535581320374795	0.5091102967318654	-0.9921366271124036	0.3919356672381005	-0.3879417782704729
0.21051182796200796	-0.07481253524701804	0.8862516665021705	0.40576574335462723	0.13604475215875758	0.2527619319715069	1.040209614967354	1.9501488336093782	0.3669259397636308	-0.9815258712202781	0.16800828325080494	-0.5420320516366336
0.20956617062279526	-0.11173217005157882	0.8671572578287278	0.43776275823900757	-0.23128932518951387	0.0949631340812183	0.989873219429186	2.0087050908854014	0.528575572891556	-1.0082289944419371	0.7928276442151886	-0.3141231545022837
0.17106910315392665	-0.12081612761927082	0.8718211428685636	0.4427942186846468	0.01871267206840023	0.13239496893324967	1.1353874864372877	2.0965324297779633	0.5293200874729818	-0.908790621165713	0.41682445883083524	-0.23122834624658883
0.2143285172301299	-0.14142385563888318	0.8686301474559429	0.4237266178667954	0.09646401616422105	0.041836666983015275	1.007735650774574	2.017182211879302	0.5422635356509075	-0.9481001189286464	0.5588079309164007	-0.3833576449145348
0.17498212731141563	-0.10521194914595328	0.88213373694966	0.42444289487952197	-0.04868506474633726	0.05491440521483531	1.0080217570000534	2.002702848389982	0.46398193406564137	-0.88344425852078	0.5586812558619064	-0.2746811808254032
0.2048751038825776	-0.09251381917579296	0.870709202832885	0.4374161281579974	0.05971832026342843	0.1535372332148741	1.0381982180184646	1.9860622744606675	0.44575547250587605	-0.9535225770396256	0.12883727916978857	-0.2738242095228486
0.15711580009982187	-0.13622366364459995	0.8894776406538414	0.40692415214522654	-0.22200480391468513	0.10915635281731571	1.1359444050415455	1.9416519979807247	0.5525953311225247	-0.9964929695244558	0.21940630365059025	-0.3154196394777049
0.208052871637896	-0.04404052692970343	0.8572893630128428	0.4688596620056088	-0.21493204615402814	0.1325761149955824	1.016904714679544	1.8968280778355655	0.5066797580181436	-1.1995141629915003	0.4735849641860331	-0.27693279166823953
0.1815647906376467	-0.06283024480685295	0.8734427422164913	0.44741967235198127	-0.012250550077020209	0.03272940867525477	1.0992811376927034	1.8943886004029247	0.45314164527800765	-1.0646807925419755	0.37343804268299213	-0.22865083327709934
0.19078500391635972	-0.08874110789309071	0.8901946648954738	0.40407865155459116	0.08053396787584176	0.15563360948166968	0.9934101684627641	1.9641391573004328	0.439722082085375	-1.0064034017888923	0.18733348624265347	-0.3920963148775504
0.18232079738315862	-0.09943728199997076	0.8814165267322278	0.42423609015891584	-0.08431355850544671	0.09582667513473035	1.0733659454232827	1.9808272803235627	0.5000731892201189	-1.035983590119368	0.28156873864869875	-0.4328357253902804
0.20780575359047518	-0.14020916793606755	0.8827032129877134	0.39748357926150596	-0.07506613287024637	0.18036832846363193	1.0398344949131344	2.035585314479964	0.5028749829603256	-0.9423413955988207	0.33109795893605565	-0.4484258297458366
0.22700309325050003	-0.17012715330439332	0.8360349772075474	0.46965078968189117	0.01117738669544264	0.12445313975107221	1.0051507046766524	2.1056468822332475	0.6495289106406505	-0.8793203509542169	0.4806162152551194	-0.3515946885278491
0.2054982076391845	-0.08397306780138711	0.8543459161211292	0.46990644403780485	0.0343094438803341	0.18200886497601054	0.9985074694384978	1.913769982020443	0.5481444383603608	-1.0912625857582756	0.480426131299272	-0.5926531896846137
0.20441084459969405	-0.04011863101654708	0.8618030854609139	0.4624955610008021	0.04939833838577239	0.26340510763211017	1.0215131928058057	1.9028456857511726	0.41562092716634597	-1.0608798210202	0.18230724444889193	-0.3935316708434022
0.1560770829809812	-0.1293643666293962	0.8667020552365459	0.4557766473432688	-0.2420057362538409	0.1029275819622939	1.2107929432086455	1.955875058422456	0.6352705154856122	-1.0675113715666624	0.3653674106657971	-0.3297420404384896
0.12815524030746822	-0.08141686906077802	0.888762244771213	0.43249184973050037	0.00042676787163716613	0.12317403871084204	1.1341984814351853	2.0110632191608446	0.4679495893993206	-0.9191269983916198	0.40220643609016565	-0.2695434471786837
0.22764445400969752	-0.0784995275715178	0.8780606507200545	0.41355207699484436	-0.15704306401313975	0.16771385829320554	0.9786812272791353	1.9653090177485384	0.4104527996231561	-1.0371558998131198	0.54510213322302	-0.27810798350652416
0.1395655494185723	-0.09870226255912141	0.8925596126722879	0.4172728826649264	-0.07589353873509616	0.15954160840656673	1.2234180542739377	1.9101311917100838	0.46408325987163473	-0.9500610599320108	0.5115802834462474	-0.3817374723354045
0.21469811019343368	-0.090612657542134	0.862956736549178	0.448329943921787	-0.043811463417651485	0.06851333742243892	1.0107906661814132	1.9612225622728159	0.5214643829617936	-1.0913936626634946	0.5090566708056721	-0.3478243098213272
0.1855227458024181	-0.08634238282059827	0.8523423350342815	0.4812887362354339	0.06434576151395342	0.2729841223886233	1.0392494537367223	1.980963586277224	0.6028727042189089	-1.112881279006814	0.29068897305317853	-0.424022659810053
0.20650717058843118	-0.08540943047836883	0.8801271429241376	0.418851083285117	0.1514797346322995	0.13422891768517425	1.0345045441587826	1.9562492348243663	0.39727513594659514	-0.9459283251770565	0.16333807166742434	-0.35836820408411635
0.2098986515092176	-0.08235151385433528	0.8711092422819342	0.4362676612717311	0.0709237259236642	0.15978058683234492	1.039342207497637	1.892488056789778	0.4579206122418508	-1.057163273558556	0.2676506196792851	-0.2808592734891309
0.21907397600961062	-0.12680573476034343	0.8341408532118041	0.4900366676793825	0.02414129348740579	0.23535272804094806	0.992256100301223	1.953210823609587	0.6350852325405298	-1.019208818764276	0.4942408652733341	-0.3453972357552983
0.19000124269321494	-0.10811432947974733	0.8953698633842668	0.3879737456058307	0.11384421399410362	0.16564436365266344	1.0752491516689433	2.0238987687417933	0.4002396265808285	-0.8862680023366974	0.463775160800038	-0.19975326869863208
0.18055539690960298	-0.1250611298747228	0.8946127494955715	0.389136853666223	0.1309337485030773	-0.04131738342748124	1.1297412151358566	2.092018130482741	0.45896130791851314	-0.906990321403	0.4400094805192691	-0.2534732885572026
0.19184862808126363	-0.07314005750099244	0.8495380636393579	0.48593180007072884	-0.022522627585303115	0.03420587296212465	1.1228537109306158	1.869586572655733	0.4927516023470885	-1.0233689513458997	0.601638993360487	-0.31918493889620186
0.18490118032624692	-0.07619722123386276	0.8790702493402053	0.4327135700612448	0.1385970007205125	0.10642043237087816	1.074505347306284	1.9143956462205074	0.47324127151659034	-1.0834372513055195	0.37567806229257367	-0.32215864661200283
0.2197211619038591	-0.11058446379147883	0.8774432950625503	0.4118093628480824	-0.011791047384983516	0.13706516648354353	1.0314652747442203	2.0012045381466503	0.4367180301075017	-0.9434654970104295	0.44976753729991553	-0.47477817573487835
0.23266840813770334	-0.11810604297651724	0.8867594100592502	0.3815417711581093	0.08363897120733794	0.06283492027554108	0.9141325319821484	1.947431249983772	0.440474770704758	-0.9783503096446748	0.415072559379653	-0.48251953282657006
0.185399241129281	-0.15190432914763508	0.8482070379020633	0.47233146944524185	-0.18027956615596405	0.051007159691921246	1.051170143622108	2.0506550860789092	0.6958163311168488	-1.002641368482224	0.5716514346645537	-0.30250716283290147
0.20892559105464187	-0.058919131278739365	0.8623075098873703	0.45749796913611557	0.04588445706972192	0.04076220706595728	0.9786878220591716	1.9363720804266635	0.4173966315538165	-0.9842837591419338	0.5623392498923403	-0.23825313435699824
0.23211274496783285	-0.09978375459845887	0.8665468334030084	0.4304224221168676	0.03682752870212663	0.11466201888615522	0.9586549224140996	2.0404604744598953	0.4711344619031176	-0.9924466579491821	0.5701687267419437	-0.40625533464165303
0.2299423874456582	-0.10782056944475961	0.8653765162096247	0.43200081996830914	-0.06970128785766011	0.08940296996620146	0.966310062156277	2.0009978034052973	0.5014628217664496	-1.0194449858343086	0.4485162684840113	-0.2809975375451989
0.17017492989465818	-0.10074019571685706	0.9041643680074815	0.3786538020777147	0.09774960606401277	0.14898607746815992	1.0222321638609937	1.9510271830816854	0.4278261809617352	-0.9619251492425739	0.1327000433747719	-0.3484181635361443
0.2178420069066062	-0.09819571500857423	0.8714078275090507	0.4284283600986442	-0.1128376983122155	0.08117275701632756	1.0660757964700807	1.9279608997074948	0.43617306138750345	-0.9873370934326342	0.45452570333308384	-0.2959996769846266
0.22317101424969316	-0.10478325146179684	0.8546866369957892	0.45686532058439877	0.14006125641673317	0.1406068192218867	1.0233626931092072	1.9640735146485844	0.5211108159207399	-1.024304780573909	0.4882456788538141	-0.3151284525312667
0.20910107205306708	-0.1324341460438643	0.8672827461877672	0.43192427205807216	-0.12197154301632766	0.14301588909365956	1.0217664484893112	2.031505359035092	0.5416750514870853	-0.9594209803959056	0.5219072510621824	-0.5238126886601596
0.17949059495629138	-0.07328580264959458	0.8961554942545877	0.39914614813318317	-0.10992240277529945	0.12782338769834364	1.0409050250662402	1.9926128712228575	0.40485993651297286	-1.0112082679541259	0.48254632433549655	-0.3217957239960703
0.19831362991420298	-0.09830300372896958	0.8861915550905645	0.4070291774974882	0.08183292658647132	0.19189799176964958	1.038363284152198	2.048938645325977	0.4530449240926476	-0.9974453356430495	0.3982572185440012	-0.3870543512536107
0.20122396560900832	-0.13027898383046957	0.8701754006705031	0.43050095714715253	0.026222929276419376	0.24288854662923778	1.035093633074969	2.0108576207244604	0.5360804023054444	-0.958876235192403	0.15613601360263574	-0.1886392980158564
0.14620973286683073	-0.13688044601329333	0.8711793078367118	0.4482555868155572	0.10637684002278557	0.14621291715162385	1.0837105648901273	2.046857739616796	0.6674493580384745	-1.025625368980006	0.4843454116544111	-0.3064026859652064
0.20737064362628133	-0.09976756874140202	0.8773311754457762	0.4211102670089916	0.07883113422077774	0.13621459291105742	0.9652428606414479	2.0114244919854105	0.4838343873401092	-1.0067935336084513	0.2968004746589091	-0.33475464844363484
0.21544657799945044	-0.11720121195600838	0.8651880719188452	0.4373742655366463	0.008237182412494421	0.16390052058742907	1.0308391988456151	1.9875011605729385	0.5714196330790415	-1.1055490040841853	0.3665504446047893	-0.35370942905851527
0.20193842577638824	-0.033737109036415365	0.8922072982443187	0.40255287432633335	0.12355659137864265	0.10019846760722852	1.0480864095129885	1.8744432610874964	0.30940814170239317	-1.0544374470216464	0.6826537940108164	-0.4418759400203866
0.1518629557011256	-0.1432783710136234	0.8579687587902755	0.469359734132866	-0.006797080899507753	0.27202291630294706	1.122655815999956	2.0237821231731483	0.7009767821894065	-1.0268068802371753	0.2639954774360392	-0.3607767624336515
0.2226793449995051	-0.08518921194930654	0.8792091791272081	0.4124899111693626	0.08146724232933926	0.16826333329415552	0.9436726568304856	1.9150825701600043	0.4245146807791481	-1.0187624637197874	0.42971667958063803	-0.32134518634452647
0.22485404765562111	-0.06225597559110943	0.8641226627506521	0.44593371085488254	-0.0048666258622737865	0.22610186745678143	0.8777410173007872	1.9195087191638063	0.43893373869976887	-1.0251643069240266	0.48721475528819663	-0.35185880290364735
0.22198251428548071	-0.10094415028398557	0.8521045916436858	0.46308941552867294	-0.02929911852500881	0.11737138587944847	0.9754800039594445	1.9710069291634928	0.5351081834691492	-1.0225801077000118	0.21632913184372568	-0.32518898349315495
0.22079494686855358	-0.17348898657012332	0.860204226873836	0.4256757581124045	-0.00677379912885689	0.22255746502832363	0.9103066070979893	2.114838036535689	0.64737893002346	-0.9184645255785743	0.42164604064784883	-0.4312988075151241
0.24166875641237306	-0.1569201280184013	0.8676215920621876	0.4052222335759241	-0.01720877736072513	0.08028401298851746	0.9678391890729412	2.0698891451872394	0.6037160750040536	-1.06826893952052	0.427333371597243	-0.2708992234900421
0.19196553348758366	-0.12936875929870448	0.8843464688359567	0.4053939825992925	-0.04263955712371321	0.11100862725182457	0.9973194511386917	2.0520341397252286	0.5044958851215304	-0.9179490084288475	0.6802358698575622	-0.3815985675334696
0.21708285908852	-0.08226384884919302	0.8604925135531036	0.45349787825471977	0.07120134202841433	0.11201821566726733	1.013122055539026	1.9948321237805768	0.4923918859575631	-1.0573994250162424	0.4276018701059395	-0.3539723032740987
0.2105875338594064	-0.11788321176267318	0.8652971604254167	0.4393372999498687	0.022215524145917903	0.04334288951004877	1.0735083910654868	1.981797871586899	0.5283440810231357	-1.0234082550536168	0.2639590924840505	-0.3011235175353666
0.2613688108964411	-0.14413885590573483	0.863336051292312	0.4068921201593422	-0.07971590853697176	0.133761009454238	0.9998247268380951	2.1089613111428633	0.5073656434353015	-0.9716747044177924	0.2785129273341543	-0.36685693828521443
0.20286175540313697	-0.12278029017175912	0.8579975137453411	0.45564500979041767	0.025079824037099713	0.051515870333776526	1.076844885845334	1.9738054223142798	0.5842246161895883	-1.0476785638982513	0.502827455649155	-0.33864826202919346
0.23528706489507104	-0.12214947920527403	0.8705092540072552	0.4146482129597029	-0.01515485997405102	0.13673368462214672	0.909101356268919	1.9984603962598348	0.49339140041930807	-0.962962483922605	0.26725944100800114	-0.4037104546838986
0.18490058151983807	-0.09405470569536097	0.8981692560000519	0.3876305907258842	0.02916292332798655	0.13469386088666727	0.9739840488931952	1.982995864693216	0.3978766001015647	-0.9053481919949471	0.35228640284206986	-0.39883808626130723
