0.15899844841294075	-0.14634328191768664	0.9023529721556112	0.37291051323577984	0.13318089112748085	0.059933209215793315	1.107821598627231	1.9748407074754148	0.48255001127960534	-0.8650002355696559	0.757653539396412	-0.5691300553814226
0.2708550305156684	-0.09486968405337143	0.8680762168166374	0.40506910186940237	0.3287531378796954	0.039540980356545755	0.8917433594490182	1.9805644085412757	0.3870762849764672	-0.9619330885362907	0.4413722034877032	-0.4659470715376533
0.7667580413162438	0.13140296371471794	0.044200679616804905	0.6267867796350515	-0.7668061743596586	0.8652449596021876	0.39006259622647765	1.6058500493231622	2.1165795424700673	-0.9630888236467163	-0.050297135198792274	-0.550882599488364
0.28337486711863924	-0.09926534982419111	0.8553638148406151	0.42213483541527874	0.48277023021099885	-0.17158623006651155	0.852015280864713	1.9269852268827559	0.4187579105639312	-0.9673383572300004	0.4599295546163627	-0.37130982521480976
0.18826703811888226	-0.10542276568639891	0.8772009776663697	0.4289055928921176	0.06564647363406353	-0.09401779949965167	1.0140273371407653	1.9901075444119718	0.46697743089603183	-0.9110124638038986	0.7267023181451308	-0.38070367039526043
0.42638024003998715	0.7224137088124996	0.4815231277045905	-0.2538775328948994	-0.697748689355723	-0.1465347352530725	0.12186563401024686	-0.24577925847764265	0.526412217869179	0.5037328383016653	1.122312912967072	-0.1025410530756231
0.22307242991607631	-0.09291111530739327	0.8772045088402355	0.4148716251252123	0.15033101983839528	-0.23377760880714013	1.0008009894167469	1.9320636371821165	0.41319897240472814	-0.9791002764171735	0.7951930314092929	-0.3258135196431514
0.20328680854798628	-0.056528958614390064	0.8869815912175647	0.4107829197392511	0.2935901571977504	0.1008994855796899	0.9992822385263483	1.8861872557069053	0.3623142929264783	-1.0172837860880726	0.3951092657725203	-0.49938573593325347
0.17482066556246093	-0.047908201824486206	0.029888959108770947	-0.9829797501544153	0.21727814594534087	-0.24704421155342213	1.435196920297831	1.8268712355425656	2.114678787465127	0.2305088306560493	0.3531846149977224	-0.8548842189688791
0.8065992208470867	0.14647527954258424	-0.4315076617273515	-0.37648881428588016	0.8275322572342881	-0.24496108544450146	0.9064256007161817	1.6931904744929416	2.2612302011643415	0.009016402355709512	0.648229038166292	-0.6519318244069318
0.26274775583252225	-0.10541750247758294	0.8657401139674177	0.41272850888210383	0.021233828780317113	0.08804437000990577	0.8370496546489243	1.908694172840529	0.4897913104413349	-1.072751508506125	0.5311388183849496	-0.5866251428053767
0.17034101712756972	-0.18924651756982275	0.8611723290379804	0.4399453524824876	-0.019293269598383487	0.07224386291089645	1.0932786335931495	2.0597435082236166	0.7030428036744893	-0.9134587166743082	0.7718524456026685	-0.7099791584376273
0.9482083280959344	0.3104041179225664	0.03748641442154753	0.05608046754479304	0.6329814313774218	-0.3753996342520582	-0.44929941034914317	1.1515110503238628	2.1556459006161646	-0.21775433164979696	0.46774743431082927	0.0730239668857367
0.23514462271303807	-0.13197674946969973	0.8560793752041689	0.44092771216900745	-0.05051022602036074	-0.04276300985604062	1.0022344832795111	2.0937415184200225	0.5524271775551712	-0.9803565316653889	0.6401282313190929	-0.5955724653297595
0.2262537120834395	-0.14113574296518683	0.8583468568026104	0.4383270847702751	0.052055058620184363	-0.03955088451506414	0.9644716585084339	2.0146276089823036	0.547197276604994	-0.9206923436667401	0.6123963506921524	-0.41764851787186413
0.17553701241209027	-0.0956244651919226	0.8764277172802711	0.43808352549838014	0.17998597602600055	0.13749755246156728	1.1005604994240825	1.8891466699779056	0.49732852594305726	-1.0235787029024381	0.23307652476339913	-0.7026511064742486
0.44246726125629987	0.18015918992580274	-0.02067902877621806	0.8782583713068154	-0.47877665252827145	0.08111846150170308	1.1626319845160928	1.7106968767514354	1.9959410127171604	-0.8896587353465476	-0.16893004068268236	-0.5208052687755883
-0.188478947068879	-0.8434891837980574	-0.0958226591896897	-0.4937810256716132	0.22747481850849036	-0.3236623295326573	1.0196105905900679	0.2162621479746077	1.9615002649548408	-1.13926225464075	1.0332083772825353	-0.866431217678492
0.22245254799897116	-0.07826141870236296	0.8511852092626694	0.46890697773004486	0.16661663886458622	0.02089184914487234	1.0319655533953753	1.97436033682384	0.5021104512336653	-1.0715048808807022	0.5375037108155665	-0.45073902063288923
0.1899053263211386	-0.11002122062300233	0.8583773879000703	0.4637020142174698	-0.04236767080737952	0.009571409578446079	0.9333426180391242	1.9881613005772079	0.5845025935967975	-0.9925137195108644	0.6360167091375587	-0.5446180101809631
0.9177019619711995	-0.09216374363799658	0.18605401408791689	0.33869286557973727	0.003054293694569131	-0.017896260765993394	0.00731592557944674	1.8755431435303422	1.8900655325176545	-0.5477264503111078	0.5308795780832765	-0.8828410624787862
0.24630131759440213	-0.12895318952204712	0.8504929124676955	0.4465070455273569	0.03734575913512295	0.004836980359109343	0.9702275054046527	1.996678010853724	0.5656167132976313	-1.0359149434831045	0.491289198865883	-0.5765456417469196
0.38406540734858635	-0.12077987887860263	-0.6943898976395829	-0.5964299236224858	-0.12427610896238613	-0.8803641405987266	1.798399342751469	1.6036076895588478	1.4469359517630658	-0.8512622417006562	1.0276019859068095	-0.7032040378144168
0.15316826297964045	-0.11875004044720268	0.8794483359338934	0.43475111907008734	0.08491417015884996	0.003676320752782576	1.1159443230066295	1.9748332838174643	0.5304614163022365	-0.9268041262621597	0.7341929177357406	-0.5223119390221466
0.21294391361549206	-0.1294953748683252	0.8663102086467704	0.43288850751229124	0.20106424688692795	0.0014145733968080557	0.9876358991735625	2.0326280402796812	0.5701539251926163	-1.0187964840696444	0.6380074808351611	-0.4874191876918083
0.08289324551283986	-0.38684958020719884	-0.910918913542137	0.11705915211154917	-0.17195704714377305	-0.09401136244794252	1.669762314342219	0.7644370162453447	-0.15596375575923815	0.1301887647009374	1.159823548420032	-0.5905256972627816
0.22502221348553875	-0.12866803569922536	0.8694975413630345	0.4204563777504271	0.1652669527968555	0.09032951952539582	0.9544431059267271	1.9685493597990322	0.4994390112196908	-0.9412213354283936	0.42001326746197637	-0.4993713851407502
0.2593135696209667	-0.156618898099473	0.8583593989115417	0.41406054589728286	0.23441439920915833	-0.13948073711483777	0.8958704943490586	2.017492789850234	0.5436607056284475	-0.92496171979604	0.5415773113825235	-0.5158322021090438
0.22165454078820507	-0.04330172075248282	0.8714758408172043	0.4353436394387665	0.2132689482805783	-0.146039769084674	1.004075348558726	1.9060183992555417	0.39017955354968803	-1.1027059886441775	0.6967385376012288	-0.48768441270267454
0.35515525142479654	0.2660277266137249	-0.6433147741070394	0.6238910942414003	-0.9632169136276808	0.7279456921444772	1.6655133389750438	1.850361016947862	1.8589135730354036	0.179684279753592	0.9184205488192129	-0.46327259613553223
0.2812954741152385	-0.03303295061611843	0.8759576640525902	0.3904866850526475	0.04482713726659306	0.06283092598937699	0.7517767904446062	1.8785954036243822	0.24285330384200554	-0.9274197715433685	0.8155038106433761	-0.4786278310824495
0.29468827372311945	-0.05943953716028535	0.8563840589328534	0.4198000790351878	0.11374616484050952	0.10834064739310544	0.7911825221911264	1.9285682773609738	0.3723522014161725	-1.0419137997369554	0.6491108174535105	-0.5275493832021065
0.17901637179776161	-0.10037478164993924	0.8738449238825262	0.4407642122970448	0.11242166466109971	0.10576132873235776	1.194724557724426	2.0164451999292496	0.473458963588027	-0.9646988324021784	0.5229133368163766	-0.47623647888405873
0.8841062303523619	0.290982436428909	-0.08134838566699418	0.35646575612729753	-0.3050123660423841	0.4439057469841919	0.08790681323316495	1.207296511353146	2.357058648054871	-0.6656407287804023	0.6641361000318421	-0.9660229072204839
0.21060785604891152	-0.12179836764831616	0.920853637086344	0.30469339945843654	0.04092622101054453	0.06160637955850882	0.9602943329823667	1.9885159498363787	0.31305098261718334	-0.8149886748136954	0.3527071271282929	-0.41385757409518176
0.24396826409191344	-0.09895262265685213	0.8479900442312022	0.4600008146406621	0.29417202063643005	0.06230642310844537	0.9736237912706164	2.0107582817051464	0.548288478852015	-1.094577783645171	0.4647777219164424	-0.5725275407454326
0.19330219870855378	-0.1310961843900566	0.861388761994657	0.45106258005083855	0.07681478114164	-0.11383048248642036	1.0459177233762595	2.028630026051874	0.5974000493310686	-0.999476011733003	0.7935326639338395	-0.43663274959722576
-0.32356531767541374	-0.6004551768647878	0.4146961803564497	-0.6023173115324314	-0.5873484399209733	0.024696490904127653	1.180605300647684	1.494837836330077	2.218530267381519	-0.5969777254915384	0.757934307097865	-0.5480182111757599
0.5775766032912548	-0.08124783038269	0.3923887361232217	0.7112208778939654	0.5868569935781854	0.3901907137478912	0.9378013066197077	2.109222879649678	1.4299961818552107	-1.3095744710021073	0.6334102323998937	-0.5242879177700004
0.1677566120515526	-0.046192970633652915	0.8727186104399084	0.4561646145514343	0.04912562696845219	-0.09173149505600602	1.0899915221529828	1.8778575784791662	0.42311303469698064	-1.020175765061931	0.6535943067652591	-0.3711879232615816
0.6307671977531466	-0.08003661114735527	-0.09581957254127119	-0.7658625807758843	0.46725604407079707	0.23463968325976806	0.8944106330710856	1.9092489017644307	2.068829742853651	0.27827537270722547	0.18979641992088117	-0.5798543004455321
0.22198370115635735	-0.13351466720872682	0.8618379960520653	0.4360416707403412	0.03089589365773041	0.007695150177552505	1.0337875478464729	2.0502164327094	0.5275083013068474	-0.9411410564582355	0.8752822367658792	-0.5661559520743943
0.22008070054368495	-0.10176145090049017	0.8890202719035653	0.38839676685489943	0.20596039030780044	-0.04278836044343745	1.0134262545357462	1.9198088505697857	0.38479102757338923	-0.9520162922970247	0.6169494109554235	-0.5109392712315767
0.25113007586493175	-0.10330215311173498	0.8654858845207296	0.4209471865376032	0.07758104533283798	0.019554661894114703	0.9427586720235119	1.986183111428629	0.47131710217318484	-1.0440653318577064	0.5437357924023355	-0.5035773574289802
0.2624574712861736	-0.13048802904059267	0.8241819057793808	0.4845752121487817	0.04973662381785226	0.051878126808468566	0.9170462467675277	2.0655853725904527	0.6611679318166608	-1.065003136852757	0.5392627015503261	-0.5854221777311411
0.2262467908124726	-0.0998684436394221	0.8910463237995505	0.3806246608608057	0.15564942021152542	-0.056958541975666445	0.9320789404091243	1.972780995498745	0.40151287397650093	-0.9763630944565166	0.5355908271587878	-0.4969160138888467
0.20901262756901312	-0.057108459754951484	0.8932582915758996	0.39388065435106007	0.23216358143652793	0.07770457922391877	0.9173058074829428	1.9801555732233147	0.3250698206765889	-0.9368730625087108	0.5737670424392869	-0.5504006447533737
0.19940638519973558	-0.15338398265931333	0.8528709656035213	0.4575167356891543	0.24302704858716687	0.20163961450332976	1.0278612438350763	2.039103529700055	0.6653979205372696	-1.0047607132595053	0.42069738082338454	-0.47734923365240917
0.2003199330871986	-0.1237323165591618	0.8744014819083646	0.424245549986443	0.20694424872879494	0.12057757792077477	0.962361432922068	2.1212775067207232	0.567918187292701	-1.0062523990230254	0.4383747426779876	-0.6235498836895538
0.19883799742967043	-0.10029248588619127	0.8504034743462265	0.4766747306841356	0.25626033847685725	0.04819927198882427	1.0445580345535117	1.9719264045872094	0.5364522017367351	-0.9778769732509717	0.6449377933587229	-0.5729376923337292
0.2120099891141177	-0.09555197196667949	0.8657289064476742	0.4432099341283146	0.22488770097809374	0.03971872716585436	0.9814878699818423	1.9812664250020948	0.5307417787965412	-1.07905933885347	0.5091594434400194	-0.538655059423517
0.08158863609285527	-0.9452613638873008	-0.12261545356325342	0.29118670805842983	-0.07001656841228478	0.07689296221778598	1.5873338727110373	-0.012591806255693642	1.8315731178243855	0.28561817082002733	1.0669073642556326	-0.3667952986564007
0.22410873337757403	-0.10125843722883361	0.8830552957490468	0.39966904954404087	0.2314650083248163	-0.1459125918026883	0.9728922568805441	1.9812124565133233	0.442298983916849	-1.0208286950294567	0.471522724918402	-0.4228222001055981
0.16720205023466397	-0.08634924115768405	0.8638100282258073	0.4673537397789251	0.1258869137972327	0.0669786554235351	1.079482493085776	1.9849274924379081	0.558206417594888	-1.0511930532153013	0.722324896240124	-0.6238138798495226
0.19008193667979814	-0.06394030343925011	0.8766878128194804	0.43726304874520266	-0.08175249898442573	-0.07221825273080192	0.9629202274835376	1.9774219482528526	0.45883921465078453	-1.0493809873810904	0.6439471506652549	-0.5464125255493463
0.32657885123659414	0.9292397515507624	-0.17120390608319563	-0.023429908337847215	-0.23187097489495087	-0.034208728952340485	0.8865887292963099	0.13826460188366052	2.460162252186924	-0.1351816700101448	1.0043416862424397	-0.11244226846642828
0.2620701247537049	-0.0677430425988043	0.8759486382614692	0.39930453668711546	0.2096486990423484	0.01855525624288865	0.9244953081924043	1.9808390824411735	0.3440584117798056	-1.0254630089784964	0.5065503449615762	-0.5329799912290311
0.19498339396860195	-0.07576568230136582	0.8824674532201768	0.42129826900782347	0.05097736641178106	0.1538256886874053	0.9483458490750412	1.9984158047941434	0.4257031389621948	-0.9712110167650152	0.5942157666018323	-0.5781258961510987
0.23400308202033326	-0.18877764875211556	0.8457760348245625	0.4407589543651361	0.04182209937551909	-0.1669234683996417	0.940888954454471	2.1160653321250447	0.6946456208829818	-0.9261744814769653	0.90710891591669	-0.5019951644244627
0.2381477874998778	-0.09553659747024096	0.8387095221697891	0.48033813847585144	0.1585142906128365	-0.05069594153551683	0.9515284153602106	1.987300651770729	0.5774803698615493	-1.084824809379448	0.5862665174418149	-0.459976308645417
0.20085046224607161	-0.16324139991640307	0.8639618426695502	0.43195054297906316	0.2525314018368729	0.05146542670709217	1.0687602240995722	2.052895766817444	0.61814870472314	-0.9575177225308498	0.5703778886201293	-0.499670879876988
0.2840366645034616	-0.15497284599890174	0.8501253163499729	0.4154437828655126	0.23155534215617926	-0.025274643190641075	0.8835310599307284	2.0066956413778483	0.510350618096488	-0.8998422331180099	0.7285115110752143	-0.49199261174139924
0.260028505995822	0.09245397268903312	0.8282902550695247	0.4876194134368093	0.027324093915910067	0.019978580734646447	0.9009011832095304	1.6797811269269316	0.22480886408257542	-1.1807762420020196	0.6594521728823277	-0.3940765208805748
0.1949300099024877	-0.08872247212238048	0.8849785266198053	0.41345328829475825	0.16208066170586297	0.15769570538482547	0.9490376335650174	1.925097865810246	0.4376596704994531	-0.9711275621775346	0.26133901224670786	-0.5775128422490022
-0.3358440447765709	-0.0722528629169742	-0.7541905256094886	-0.5596292991519448	-0.004973322099874213	0.10988047570439015	0.6914686167950337	1.7473823022622639	0.5345122277598663	-1.3609063181689076	0.9661790138332894	-0.38511585416379296
0.22099077043574347	-0.09354292459482075	0.8489164678714373	0.47090724268920203	0.12896042167745603	-0.03466797187082051	0.9900553446613468	1.9126209904336497	0.49698869963090925	-0.98062374477344	0.749161608345316	-0.5363460398717003
0.22464519093663227	-0.08287503685266437	0.8575558396165247	0.45526283441031196	0.2790151041913914	0.017765062690522384	0.9148381981839196	1.9131199866422455	0.5421976809402894	-1.1244689026517507	0.2561662658222921	-0.6697460684925128
0.19242489771508245	-0.09488883790070973	0.8563716065257235	0.46967695144401583	0.0038145709018471627	0.09745593467892004	1.0179381238530232	1.950791300452891	0.5567019468709443	-1.0379731408469821	0.6548429924819029	-0.46217081494678025
0.4004620143774039	-0.1299420239064453	-0.577940713071579	-0.6990921095522417	1.0562322640460156	-0.4665651915960995	1.7237141085153351	1.639071467454656	1.713828172059846	-0.7340854066750725	1.071940528349943	-0.6573174358309358
0.2617810078682086	-0.09180833964915874	0.8619986111509488	0.42426445416061564	0.38177091814377867	0.028637244733459365	0.9334263062379603	1.9277217878811315	0.4181212897372078	-1.0083152369181594	0.3544108720354329	-0.34755793052738965
-0.16569351702938226	0.7790256345616537	-0.30498060032178176	-0.5221604662722104	0.22171177565169273	0.16946031846045065	1.3693666981505361	1.3167678523616844	2.461914764916613	0.09204925994261073	-0.450094149654539	-0.12484758844133902
0.16053935874142553	-0.13727587619908777	0.9040185097339725	0.3716624573010196	-0.04686407291305686	-0.00792563298291619	1.073527865572132	2.0242821243645728	0.5191254241876003	-0.9787304529340117	0.49804800957133516	-0.6646928569710496
0.13556339659619138	0.6739463955570854	-0.24829537401387572	0.6824721449716655	-1.167689643664639	-0.09381602004346275	1.3473651618172362	1.3449286605764113	2.2496525638242497	-0.777298971160532	0.2029233805142853	0.1061937496467185
0.2713933256411984	-0.7737090161677694	0.5033454040132941	-0.2726965811241617	0.0836201907563625	-0.022051853668666643	1.3551673545886327	1.855926963140983	2.104860284213293	-0.03187535166059596	0.32260833848955445	-0.2615446268829241
0.23284070168976126	-0.1585848695677194	0.8495574441425754	0.4459688283756434	0.08435536128058908	-0.04800822719567288	1.0604542819837812	2.0943784321274768	0.6402229824859019	-1.0285167037242777	0.4363067936023011	-0.44163353151215806
0.17217185979164107	-0.10550967013697402	0.8788744366439465	0.4322086126134694	0.06697538092995357	0.030162088326877976	1.0756065447351015	1.9005881570878111	0.4846020911241921	-0.94991892234909	0.6765506576228221	-0.4775036395708528
0.24524681899299336	-0.14247027667265236	0.8328124905773042	0.4753730888229405	0.10932425523521389	-0.044743511129402	0.919758389643146	2.0254696995795576	0.6754889821122325	-1.0508677586236037	0.6709145203485404	-0.35387728970351096
0.21415054699237265	-0.09738757516860197	0.8751428044479326	0.42282416587590527	-0.0045114533643158304	0.0611793170612887	0.9953014076976359	1.9769925757336226	0.45608637401128366	-0.9927307143310664	0.6518337309065112	-0.6483947829932466
0.2056270338525125	-0.06401546098690548	0.845751685117333	0.48818401328274097	0.08554036370843432	-0.02338710629790054	0.9993689928515324	1.9186941963391995	0.533983752037051	-1.0944415053055994	0.6699616362421068	-0.6172695467956625
0.1978621120430883	-0.08145613336134214	0.8562526869688135	0.47015616449681347	0.3046795789095264	-0.19652712296560024	1.0155289649197612	1.9991412041324508	0.49489974634837913	-0.9823366484905517	0.7076286469371796	-0.4708566758954498
0.24744304965185004	-0.07814721217670323	0.8547173532437069	0.4495811344708246	-0.04917959479826751	-0.01638864739958485	0.9411823983774062	1.955063107909499	0.4375859932084245	-1.0100927697658826	0.9517374192431675	-0.5231269759113596
0.22182421400784177	-0.10797263030730225	0.8980729619545191	0.36414404318972826	0.3920918271985033	0.012754956457388849	0.9608806517925025	1.982285320845755	0.3913533401285995	-0.9627450870736051	0.5543509506770492	-0.554494728838681
0.03892315271642651	0.8788273061168806	-0.0037699936815296852	-0.4755347951029467	-1.0443671457313284	1.006438396602771	1.2959617250379767	0.30648643451931334	2.0255870167951175	0.6564295961265866	1.310836034757844	-1.0757559987847183
0.1747070636394386	-0.1203862638100571	0.9070452127571464	0.36366684123615567	0.24867273141372792	-0.08118674441817113	1.0573650559799148	2.0356679216753264	0.424924296796521	-0.893917731859151	0.5638979707741575	-0.45575891748480063
0.262999408686591	-0.15468289420907283	0.856785731653776	0.4157195248050203	0.2125657846708762	0.06447350081155644	0.9132808476477883	2.1335752320853802	0.5567897976967437	-0.9314315592056185	0.5782314055793297	-0.490586446853102
0.2227174881513191	-0.06621464342631701	0.877970362459654	0.41854579690872157	0.14263083457346026	-0.09242614511134996	0.973728893344802	2.0061399148869867	0.38923679678714995	-1.0172578218227264	0.7927501105162457	-0.5185592980742878
0.20305893729808813	-0.093298087341888	0.8953032646345659	0.3853499697890285	0.34118216027739345	0.005546440949016163	1.0380140582341726	1.953599399190073	0.38186443865076	-0.9611922973899988	0.37679950543625057	-0.5207023207039717
-0.07549302847997179	0.43363783217045965	0.8020611663822269	0.40367922728697375	-0.7413357937238733	0.1009451444318415	1.508542796397262	0.7620228875740765	0.34885244777471347	-1.2295864051108192	-7.250760150874503	-13.417955605288386
0.22930591967230352	-0.16127535250823297	0.8404368438607432	0.4637617571102397	0.26703412657734427	-0.10524992908368984	0.9768517147934466	2.159341288774829	0.6667459097449047	-0.9403690034123212	0.6713002577244355	-0.3359841702450798
-0.16120181627680139	-0.9413189401591608	-0.06518703121257498	0.2892806220409265	-0.394029789341858	-0.4076893868298481	1.0430543189163952	-0.19302412964007365	1.9175629337266515	0.3852495046968465	-0.09101798477331997	-0.4134789858929609
0.17860844507673265	-0.06795208582716489	0.879018357384452	0.43681605368867715	0.290234517219067	-0.08703094111827926	1.0143709242181713	1.9581219937467156	0.4503836714359121	-1.0164742138835072	0.7641705014318054	-0.4901122478607148
0.21943001009013668	-0.14511712011327932	0.8776702003861176	0.4006076777547614	0.22250667910066865	0.06671144850339082	0.9654624492634224	2.1326835795360797	0.5486760680328571	-0.958342018149868	0.4572668861981668	-0.505587716725148
0.19635787588940354	-0.1227992776234088	0.8807690596622794	0.4130493742072426	0.15398501818322868	0.013683949317505271	1.026326712681773	2.04313555940624	0.5037700097251285	-0.9546965202343258	0.5791011398771879	-0.5275292219351381
0.23490982949775913	-0.07615933717774906	0.879198293605183	0.40746470753638814	0.3155661547261625	0.06215334250745858	0.9852707709190056	1.9360584408688282	0.3781258880534352	-1.022048018033777	0.48878423696562096	-0.45582343298144085
-0.10471477551227251	0.26211177885057885	0.615737221804683	0.7356629016482008	0.2329242561978473	0.021828059030923358	1.7896479446488809	1.6070633322785677	1.102971928145898	-1.2410147564853895	0.7927809758812003	-0.32323773429657415
0.2504165047962048	-0.1682876797850001	0.8579086130571092	0.4158889786958307	0.1902555273423092	-0.11438689202979037	0.8929999839670024	2.129025311810703	0.5948446251182804	-0.9032591662746807	0.5552018840828915	-0.4948009097897324
0.32564141774338573	0.4181741966837174	0.19420346157747476	0.8254532232593992	0.12405684397849022	0.5973663603499411	0.9550102319334662	1.2333730878941076	1.7776918927423615	-1.4198134700943186	0.17257632703446135	-0.7551074122795379
0.18968059147810296	-0.10729945726936374	0.8834482050322895	0.4147618216656915	0.006656519330293768	-0.00037362633023489147	1.0323968279512052	2.1184211921857172	0.4931180616376855	-0.974449532447656	0.7714170052182802	-0.5374348343096648
0.22816191627253335	-0.07418504628155095	0.8545436892171783	0.46064498487462585	0.10195460634630227	0.028382979388330034	0.9576905593034496	1.9107737362306063	0.49659684603400056	-1.0878689499916085	0.6140637128121305	-0.5540642948045844
0.19228817691043879	-0.09622156012330171	0.8790359813273961	0.42551429108747846	0.257028627697292	-0.004544367539321554	1.0901923583039974	1.9573265191671994	0.4529224373100032	-0.9856994644975515	0.44910307614994255	-0.49234596361141403
0.24099884929374302	-0.14016061788706957	0.8739080853147666	0.39819494503833847	0.26548244436930646	0.0689219540404094	0.9679994236223044	2.1053771575542695	0.5096343712746484	-0.9632703436156027	0.423631445764786	-0.4919557917556308
0.160251563270503	-0.10641767879466824	0.861714902296474	0.4695126635879943	0.4403239155959879	-0.039892411592277716	1.0626021587913097	1.9887260802153928	0.5948156692174899	-1.0036141869937572	0.22257847530483202	-0.4230814453853846
0.22040382403447226	-0.08787267149090894	0.864130982991725	0.44382225292315786	0.27723655127410746	-0.07560265170126118	1.0392759123754527	1.9758328371306348	0.4697387874506473	-1.0395028924457306	0.6023565217228658	-0.4753883181825718
0.20152626400664456	-0.12143230606906648	0.8873695081573378	0.3965056316761178	0.11016189054042398	-0.06948632385855819	1.0680532751842877	2.0515312424803427	0.46372201758429105	-0.952348125876745	0.5030543271996283	-0.4593402805768692
0.22667048076208565	-0.0423767542412274	0.8643565549535962	0.4468919889188151	0.11577526005394863	0.04888760896364644	0.9353396598030228	1.915743200380613	0.4065264063519776	-1.0790407696281796	0.5599419856796766	-0.5835976100673324
0.2816343469497025	-0.0751800466391157	0.8633036356435411	0.41199136870837355	0.3594050430119604	-0.14367188991540372	0.7624034712598028	1.8671707231097612	0.42940569317967403	-1.080247188617521	0.6106274102519468	-0.6150645916255535
0.20613876232554282	-0.09703948071729823	0.894008240933423	0.38579711636057784	0.14984391107143438	-0.04132169691436017	0.9977920151562563	1.9869185810921874	0.3789185126279905	-0.9114384782723401	0.6094507832272814	-0.4366846982816858
0.20143910864285333	-0.09782683958771322	0.8784475058720455	0.4221163043435248	0.16048473920625808	-0.06844090077516433	0.9985231551361593	1.8972891505033258	0.4564243626609026	-0.9866490625101497	0.6677750080199383	-0.4767491171090579
0.28212141833198434	-0.08436941335030211	0.853685356362264	0.4295469936362139	0.0616448619355282	0.03350387102983572	0.9504275686908898	2.0164718044682814	0.4164313510843938	-1.0557838457495028	0.5256784504896388	-0.37054478923115314
0.2325224512464342	-0.0994200595999095	0.871248946746589	0.4206830567166439	0.07977970743688549	-0.029629910867951453	0.9959287895187623	2.024769871158274	0.45893616184254193	-1.0224341173266929	0.5618646287282468	-0.5264065864991653
0.206405015670324	-0.10053621007061418	0.8952583823930824	0.38184010884883723	-0.00142090153522603	-0.04450386276607881	1.0607616666717137	2.078300341731188	0.39448899560625184	-0.9511092741381847	0.7132090964793587	-0.6177018022277875
0.21923801762255887	-0.08997411802478654	0.8536097256920521	0.4638855310510685	0.0032967969941066952	0.33830717946644456	1.0044058830256986	1.8363135410313818	0.5214046387357933	-1.0779800200375125	0.21338395259914555	-0.7624004569016134
0.23999331817661487	-0.14825513469297683	0.8523479769573499	0.44037092143380474	0.25230912521969934	0.04713778741037852	1.0238083079092735	2.1114807763168075	0.6060976324132387	-1.0202203530167686	0.3840626517531778	-0.5019737176427008
0.15214466862480933	-0.10255813164823083	0.8758918688541815	0.4462591887199639	0.15925167782527405	0.08339053906949051	1.1448817350066347	1.9972216884168577	0.5395021831369471	-0.9902359748425398	0.5031070476779113	-0.6024358105490663
0.23122603097347488	-0.04894116620135576	0.8684160714870114	0.4358816486549653	0.034921062070562635	0.03828235979699602	0.9332550021609507	1.909837259711756	0.37121706741888005	-1.020217428331255	0.8927611462599657	-0.6690406013719353
0.25213119104582643	-0.07836147055419192	0.8497684919196421	0.4562705913983663	0.18121678528922477	0.02231408820309405	1.0053985548541264	1.8867263959172431	0.4698655172895169	-1.1066297099673246	0.561836750569143	-0.4475076630674287
0.26411324983540335	-0.13123160844064846	0.8648570619601272	0.4062569612759381	0.14034803241727992	-0.12046216087287177	0.8477144107930961	2.030793132905481	0.4996759789883902	-0.9588430352602071	0.7860928651449135	-0.5217594240174771
0.19975564175946678	-0.06577414365101514	0.8609954287878256	0.46309644483488255	0.15865477708212145	0.15128499929657038	1.0177878624811985	1.8749072826545456	0.5011446948914334	-1.1044605154514482	0.5396115970538654	-0.4736333395694024
0.2693954821562358	-0.11528674705103611	0.8221090658065706	0.48813084728057016	0.05552696178735276	0.043070222336704204	0.9245389350429637	1.972019975894561	0.5977243647442335	-1.0511801620526222	-2.1271463123174486	-2.627227530265353
0.2324864431287307	-0.10928978772335897	0.8556825920459993	0.4492361269201028	0.24779269050139915	-0.05360277741720463	0.9872720952067825	2.0794734134946338	0.4922623779749353	-0.942672443405947	0.49425157028907996	-0.46722546238484086
0.19615651056840958	-0.11240054494754555	0.8533631309799649	0.46974472593227873	0.04412705575767459	-0.08298959644954597	1.0316547387748463	1.934901802005412	0.567483966073729	-0.99873749480113	0.6737665886775269	-0.537926462716643
0.18397322358350546	-0.08327512062450328	0.89231693004	0.40371970927025286	0.0555468620859443	0.09850835976569418	1.0496037205776865	2.0170178924333237	0.39736160222762124	-0.9405140446762327	0.6855903244152942	-0.6258020948027853
0.20861166519899468	-0.1030974284476811	0.8507179171327741	0.4713078811771053	0.08486638540983314	0.1186241083747479	1.0246814655607168	1.9647486869917263	0.5808921080941888	-1.072282713942588	0.5479491422187761	-0.5163541156526553
0.2113614055117955	-0.1862865391390269	0.850505015235318	0.4441451346747521	-0.005624322971984803	0.14021036670079615	1.0391991196323613	2.062928530079791	0.6624305340836251	-0.8977949560283516	0.6466012028549902	-0.5266447410679292
0.2782126927505148	-0.13129466874339377	0.8452295239671804	0.43697420904017165	0.13770278049364387	0.08989248557227185	0.9511367556048052	2.058957745811485	0.5272491239355216	-1.006774907288698	0.25888395002393483	-0.6365532817178773
0.25556736022151055	-0.08060344322040816	0.8486451102689221	0.4560590818600945	0.17651154595168506	0.0025235847033566014	0.8564430177132598	1.9226560705343647	0.4787713140888239	-1.0310355283883748	0.5348671749930515	-0.5594463381325128
0.19663483304371115	-0.13374047871216213	0.8659853375909026	0.43990637852307196	0.19039442817304955	-0.07254445027413292	1.0296340111620252	2.0936697821052834	0.5959513938802956	-0.9968909372184052	0.7888200891359255	-0.5318916854275461
0.25848097239105655	-0.16704840519738656	0.7743484773550071	0.5528714614182627	-0.10752237242976288	0.0785952764458889	1.0432538874366266	2.021599615653701	0.8858766871787734	-1.117680319018069	0.6450221316842675	-0.553896362295073
0.15467245783029254	-0.05299907748626221	0.8788032954633267	0.4482993380065808	0.025229501811824692	0.0014135951468277677	1.0942267497456168	1.9010168049257243	0.45692459194152285	-1.0484990745835279	0.5947231433255652	-0.45165248928884805
0.2050985929478952	-0.11740668885018463	0.8618046395702873	0.44882401874137334	0.055521273404919906	0.004248735460547792	1.0187733378887573	1.9394317541041786	0.5486331582020753	-1.0116689389028217	0.481618548974841	-0.5792246749427673
0.19424285055924795	-0.12166070776200777	0.8768280673877871	0.4226593515284659	0.059942510198796393	-0.04979687531853794	1.1151515463598796	2.005891188948986	0.5138483381462986	-1.0011105093652115	0.7800709524946311	-0.3365676376785225
0.20350979952928966	-0.05932851351277511	0.841560350196982	0.4968300171650719	0.16412691519284825	0.0556615865405208	1.032653362718871	1.8974511034847656	0.5530967766040422	-1.1332778273376467	0.5550545023203444	-0.5927532425582833
0.12258986758952463	0.5900439946093017	0.10750743451442643	0.7907350759350489	0.18312792399517763	0.12753449075802806	1.166643992441936	1.0483981444529666	1.9479248226553478	-1.2280170584490244	0.27099351663373433	-0.4056745753017756
0.23954311988008214	-0.14106882946766072	0.8607943929862981	0.4263234594461006	0.25647670144719475	0.02277419406966083	0.9649018515136571	1.9913294973936815	0.5114783931439317	-0.9159683871659082	0.44831157353411605	-0.6382047926253537
0.23942633566011537	-0.11075468084537513	0.857208164976658	0.4422698185051288	0.16143607972574353	0.1533037046476814	0.9000509503015178	1.9602450756583272	0.5182729457613008	-1.0008763100636477	0.4072498135794733	-0.5503913931967516
0.21091314113942877	-0.10945045210235796	0.8566539266263585	0.4579086103415507	0.024180210825188665	-0.053094882284376775	1.0140044004846933	2.0549786662366154	0.5739213666685968	-1.0495555021952414	0.8416249584213736	-0.4625603093749549
0.3381615411430658	-0.10951324990410242	0.8041986818794543	0.4763592134624212	-0.18218512095258055	-0.017455730977534088	0.8012220074264699	1.9586781687767387	0.5787701669924589	-1.0955754558902362	1.0986875180769198	-0.3433424241057918
0.17843080294482044	-0.1186866346754358	0.8657480673559852	0.4522789130384731	0.14268540921930684	-0.0995417665127274	1.030752291596115	2.0401545404030834	0.5862819727954333	-0.9935271230377544	0.6910999937232626	-0.5598795451203508
0.26541578768036345	-0.12869699871268173	0.8486656709193672	0.439042277207265	0.14148579790811766	0.11132096063666602	0.8973914330229659	2.036018406411276	0.5432852150842549	-0.9958492156283621	0.5403890985275106	-0.4241165847596024
0.19418028126747497	-0.09683296267226883	0.8792451524364623	0.4240817817638213	0.05384750069213587	0.004206461167287258	1.0845318493203595	2.0219164657637	0.4683156050130162	-1.005869107681755	0.8702953324783677	-0.40541397892998704
0.24057264392484515	-0.08606418108345773	0.8648115161133787	0.4322254056937457	0.3786950046563558	0.02085990267769197	0.9311411065366805	1.8838231395775118	0.44924165624139606	-1.0420182015107142	0.586624248476327	-0.36201583260242615
0.2153582914172115	-0.0942632969824958	0.9049501314370271	0.35468365732291185	0.038374286102694874	0.04385523773760441	0.9029131783787486	1.9382337647103796	0.3247598364952264	-0.8617171522309525	0.6315514933466554	-0.556442810341998
0.17534122983268227	-0.07283661119051416	0.8916062718338533	0.41108215385441066	0.05183483669975659	-0.022287445086892916	1.0562021701661146	2.0010808395173334	0.41023915313523807	-0.9857291018059169	0.8170388980274511	-0.3487517167012842
0.16612594715227158	-0.17691709321470164	0.8392692545136152	0.48654869256774513	0.11912047690596465	0.06898892854143794	1.119066348577375	2.021279947174563	0.7405455733433183	-0.9245202430935203	0.5460736906290811	-0.5359469922454763
0.28705618452934273	-0.16842682427749198	0.8455180205933155	0.4175289554500579	0.14037110129581207	0.06593062233003653	0.8708189094132475	2.0746318398068206	0.5922833884759433	-0.9612185556099078	0.31792973080185194	-0.5643664422000583
0.28281945538093467	-0.05044109794558811	0.8631710328121778	0.4152163525320668	0.02128301907302745	0.18709948875014926	0.7747303906196883	1.977422349386577	0.36241899600598476	-1.0408912105569745	0.4931622827084508	-0.6265073033016658
0.23880775509899116	-0.09149896968717482	0.8892684400104877	0.3792102797289117	0.1923632941404186	-0.024805567560141864	0.9669732033180785	1.9614261381794318	0.3724164651752087	-1.0090191607107009	0.4437330422983678	-0.5268988943044125
0.2025422528086526	-0.09159557620882461	0.8836790038459215	0.4119445404518053	0.09501019983804583	0.006449731041504034	0.9858980504404934	2.0054991683727126	0.44648998998105527	-0.9966025751568965	0.5973225144194958	-0.5439995117787284
0.2572965918382643	-0.11198529667536224	0.8808694847914758	0.38121740243612295	0.2046170190306652	0.07134657668044027	0.9449600880009833	1.954189572761524	0.36553960037508587	-0.9083719374840158	0.41627021917879764	-0.4896647175580387
0.17739343965267618	-0.08180115165567735	0.8554815714786557	0.47957420699658865	0.23989781365852922	-0.1041523161619501	1.0219700024706169	1.954801401090033	0.5869859505230777	-1.0916797105519054	0.5922383241919466	-0.4630160722519463
0.22581917588659361	-0.07996722526100515	0.8491162604029154	0.4707573886890396	0.13368780763765106	0.04794648192486342	1.007311274477685	2.0137961660466255	0.520097612385955	-1.0792307504982608	0.8020908040914988	-0.47894402301998046
0.21176447568131168	-0.07411682131437525	0.8834549364347828	0.41130266097690876	0.30871685277536914	0.11592465173873623	0.9813449506832403	1.9753165566867665	0.374542059843431	-0.9538008954574069	0.3627839954177731	-0.508381954864726
0.22696617450019801	-0.12751080538913231	0.8387980162080105	0.47816862940522015	0.07951511195512596	-0.00045907041377841524	1.0710705304292374	2.023254547773474	0.6289563476486676	-1.0721684133575313	0.5446969037066095	-0.5431136322855021
0.24974696172052574	-0.17149663209171798	0.8796877820088695	0.3665579987899319	-0.09024655705626683	-0.026227034299476287	0.9378634655206308	2.142229388583684	0.5223412566152509	-0.8902837975800788	0.894425305604638	-0.5262420374343484
0.27142264694151746	-0.07619232856627152	0.8442881744706635	0.4557432986275322	0.09974656955693016	0.10390508802504052	0.8409074312140834	1.9011389756042503	0.46133419291929784	-1.0376194676221573	0.5193297616474769	-0.49714448130496564
-0.3293465738475925	0.8720286470715394	0.20466360266911343	0.29867990010031187	-0.7266296526239372	0.20583677388571017	1.9067783026005691	0.47787710528639316	1.9091812422919143	-0.6008825357059946	1.5294875450899548	-0.881010303234114
0.19025266066155802	-0.10971159532065496	0.8714882934316331	0.43849224095189454	0.0783671106350284	-0.03921954448517032	0.9833832505559608	1.9556106242548636	0.5300738876238222	-0.9908756999439875	0.7583506255651757	-0.46813028908924875
0.18796547155720092	-0.07365128430444537	0.8958951658571712	0.3957478005198975	0.05748079657056252	-0.08742396511843982	1.0865190812977932	1.9258479058099358	0.4145770121933704	-1.0961638709394355	0.5772267493728133	-0.42257428279525033
0.23012675466592117	-0.10127909745018694	0.8778711133674973	0.4075862234196795	0.005106574927421029	0.07177733377009587	0.9074184623625114	2.00244896796528	0.45490407470561695	-0.994543399524289	0.7534390333506811	-0.5157936536346105
0.5545366792238093	-0.8109904114566943	-0.1724274789079962	0.07108015502349643	-0.011768370079171522	-0.1839959059056736	1.936295613706762	0.9098717787081887	1.9399303360430984	-0.01902576509135195	0.8253084649727213	-0.9972754691450367
0.46924385861073636	-0.4935889276314361	0.6819737338217834	-0.2666308272742137	0.04640302090615448	-0.07130526436883271	0.8591102412753272	2.3940946175937268	1.2382862123964442	0.247204279128627	0.5777962634756936	-0.46952563655068486
0.25660784622294225	-0.09898419904649593	0.8440708635923346	0.46032479710573554	0.25991778475010846	-0.042446142004205795	0.8885432862297582	1.9726694492640555	0.5061247929551748	-0.9991842010325063	0.6706167022165511	-0.5188174867314318
0.22984865642855193	-0.12570427636103876	0.8667724082176377	0.4243508246664946	0.33454675980383475	-0.11586764979339471	1.1434525444054906	2.0094586544317767	0.49124508469930883	-1.0275016442379081	0.6507700427149667	-0.40106624674647134
0.20612445943957025	-0.12611392402257798	0.8585023174776809	0.4523071481568948	0.12355775479814822	-0.057738894738810165	1.0545469737210982	1.9523089618150384	0.5558414948981106	-0.991241889897619	0.703849133568991	-0.4748525935830985
0.29490574843046174	-0.1828472521399651	0.8708705888142978	0.34811190652686863	0.08758783377087968	-0.10085636185732842	0.8035845372640655	2.1222228058528447	0.5264509014477227	-0.8830772279600705	0.8963180925965387	-0.33359160472655863
0.22425054206764827	-0.10706147023190249	0.882578910179333	0.39912905592152825	0.20835243988344268	0.0700864838608652	1.0125728239088565	2.056783988225318	0.4240285208348924	-0.9548448329305157	0.6264080758406938	-0.502433742947738
0.2720785486727658	-0.1051108699529907	0.8561023412345851	0.4266306947495799	0.11685263945509905	0.003916534187466529	0.825036353936999	2.0286013075753977	0.47983887368040795	-0.9892345626357539	0.7676464928541828	-0.4782385949683929
0.18243145348187753	-0.14127275986752022	0.866075943617547	0.44347855865518343	0.14028982128224432	-0.00010503732974855849	1.0935728192557248	2.09333670844278	0.6220890104267688	-0.9978993185890561	0.6756651359609206	-0.4630402546327674
0.19847436147078382	-0.10567695999220479	0.8647163355507356	0.4491168745407797	0.148054865408679	-0.015307751305900971	1.0894876682406427	2.022602616603663	0.5081718013146808	-0.9839695553731022	0.8201661948565948	-0.3861571732396872
0.16096402823487807	-0.1748987770944177	0.8609686640198297	0.44970430169299935	0.10122680141553501	0.0642761422218782	1.1261131379169196	2.1133589962470647	0.7074869773646318	-0.9356457544462786	0.7868106186216662	-0.5848469523404365
0.20361034894918217	-0.12183482918166597	0.8561765374717376	0.45897803529359954	0.20699943271308283	0.11710290913965797	1.0204794450503916	1.983359708885763	0.6042175147737467	-1.0533287152484117	0.2971549370295146	-0.47940004115406265
0.22926700210669163	-0.03834283874707547	0.8534280961943911	0.4665050407957488	0.23903552145768928	0.03649944986833257	0.9510524900049575	1.9369427817954856	0.4427781496359205	-1.1182223902131467	0.3677326597228623	-0.4861039419822801
0.18237579245265026	-0.0783599710531023	0.8557181717276459	0.477854785305034	0.09691090963182745	0.19792940911286783	0.9615292932797306	1.8774571076200803	0.5438200768566951	-1.0329474964309335	0.41673693143405927	-0.6762781601841511
0.2453149108319384	-0.0864403136287846	0.8600730499099781	0.4388883861778797	0.4307523307773545	0.09061505523291663	0.9531656331304469	2.009475852650586	0.43730143430601276	-0.9939593104741049	0.2870896697835162	-0.4980231726813986
0.2094430659164756	-0.0876322629712217	0.8796747141377307	0.4178834597501454	0.27302630210909734	-0.0019082599681493357	0.907374440884075	1.9926023450920765	0.4579297769502288	-1.000892157863227	0.393278637691798	-0.4362435339061665
0.11935358699147446	-0.17389579792420387	0.9235679203198219	0.32021441143816726	0.04465199715041939	-0.06309490901868176	1.1396524816603135	2.0275079897731123	0.5365894355583911	-0.8713639081441821	1.045959437113718	-0.6075638922908925
-0.6063362430267267	-0.28258090108376144	-0.6180048847891636	-0.413006485556409	0.2643997856077234	-0.172126354461095	-0.1594338250771634	1.1480152674875714	0.4352496716430749	-1.202700496930435	0.5849880283579627	-0.04463065603845098
0.19028368260061165	-0.07380133350030578	0.8859388481660213	0.41648270146524646	0.04493729768520033	0.1033238442838212	0.9854447271841164	1.9957568661193184	0.4116174548549182	-0.9721710554620331	0.510255111103367	-0.5722988235777523
0.24334252705881942	-0.07976931469630386	0.8464664023924782	0.46681463192389894	0.21057463524858525	0.033907444164421235	0.9502534906059937	1.9204568517321972	0.5206345755921961	-1.1112403071188566	0.3685605732524493	-0.5160463414018239
0.6243045422883563	-0.0378571706159807	0.49481291372157066	-0.6032999697707996	0.517685844870736	0.24772127514164835	-0.2766601369151877	2.5584588909518216	0.9685886939181881	0.3475783349037618	0.08005400175925356	-1.091824868647008
0.1489505975300259	-0.09850819407364304	0.8795873054073786	0.4409490076664019	0.48006624145403887	0.29513866042692444	1.0872810882935124	1.971146075654969	0.5509202567308698	-1.0258773324437869	0.17769606196865897	-0.5423576630568117
0.2426532771264798	-0.09684546171986513	0.8878996446586482	0.3786483390417712	0.06283409386520243	0.04864036526720567	0.9642041156193034	1.9431140949924814	0.365587132988376	-0.9781904581423011	0.47212891949643404	-0.5522815258411654
0.957753945866178	-0.24911976707217884	-0.10688288919883193	0.0960352478425496	-0.23751302803159002	-0.6032888655874201	0.7819341220203329	1.9939907407892223	2.083273986058002	-0.3070918222504338	0.9590811920382891	-0.8049768091521509
0.2161116753788872	-0.1774689546715735	0.8393422991267757	0.4661598639836849	0.10619186621752301	0.056466966924649	1.1026216800063917	2.014044389256009	0.6660177642861148	-0.9436160889699221	0.6641306815035691	-0.5924341959367115
0.2252757812022391	-0.09580627857921421	0.8579331952428627	0.45168862271358456	0.1770518537896316	-0.07274756036147724	1.056006841349933	1.9872723006390438	0.5258059145115714	-1.1038709538692735	0.5845611176809603	-0.4732881285500332
0.17980707982245428	-0.0843900229632976	0.8724499439985015	0.4465185699240149	0.19762641283588658	0.06252760009145111	0.9839528738236801	2.033540640031952	0.5002029149957	-0.9892380441581762	0.6060810400281985	-0.5463986933224914
0.1954956073875208	-0.18417205157065147	0.8733325267841021	0.40638949367981575	0.007581133697507388	-0.07332482520176246	1.0513047856518183	2.131203059715058	0.6343883156169032	-0.9031960327405696	0.6780175386539352	-0.4241432669649145
0.19757647864395272	-0.08418233669856946	0.8585322999581503	0.4656169661891554	0.12245785601156449	0.0660370636126672	1.0034029662985122	1.9243881293211993	0.49819673000515924	-0.9964570740220473	0.6782445145638563	-0.44594105499331244
0.13574368637271333	-0.07656350190433008	0.9011377308750091	0.4045521867195033	0.14523751032604168	-0.07154917157084402	1.2369903500323636	1.9223554510419918	0.38721403544121524	-0.9137623136887725	0.5528042412585951	-0.5867523727995556
0.27421758479720887	-0.08830179252204909	0.8544113537600418	0.43242195618551943	0.10975927038293583	0.11695778455264112	0.9418580219644397	1.9608777804866289	0.42196099274307036	-1.0305981593674696	0.46771005824625345	-0.5766518121418005
0.191881711460517	-0.08181205082872627	0.8853890099508387	0.4154208687637808	0.14701386409641612	0.006990271239194822	1.0304273009240739	1.916499467281085	0.43047750446260913	-1.0159996413872547	0.6781902073425908	-0.4576604103306889
0.304989404334679	-0.09316488831090078	0.8677107010292149	0.38128717018670266	0.2140617506274931	0.06996126306535232	0.69588759530128	1.9841507072381153	0.39160881394301783	-0.963023021306781	1.3189046212864242	0.2395247033574325
0.17282838419722196	-0.1358989595314349	0.8772858345299188	0.4266513646376803	0.10643950545764384	-0.0331058880442252	1.0986859179887576	2.032842012639716	0.5809473482607033	-0.9920977919126174	0.683908061716969	-0.4207347642894359
0.10288046208158964	-0.04839835938706456	-0.6148761927311781	-0.7803848261870102	0.08921263305622358	-0.10193515913555191	1.466680765892034	1.8069817773677745	1.4121224330704634	-1.0313406884074312	0.4799376635068399	-0.5120101067719977
0.2685714223232475	-0.17800439631695955	0.7843677571705802	0.5300481558446329	0.09971569453430411	-0.05607278770523241	0.9975691966913967	2.084543830077193	0.8289565502176132	-1.0321088678564159	0.7314765780022862	-0.4445112307116345
0.23083807470963066	-0.17552202718770504	0.8394392132870754	0.45961680608115896	-0.08656871346633153	-0.1549669630314883	1.006794289491168	2.118639501886008	0.6957749599844587	-0.9673261167031905	0.8457289162776179	-0.4179037765299058
0.2123411237772677	-0.05506303762590808	0.8624445895611493	0.4561454142892542	0.08336009252871185	0.045141598905332876	1.0529671530008058	1.9824996552088403	0.42931760622212756	-1.0625743610849736	0.6212226599826541	-0.5142208521600101
-0.7981385537455377	-0.12925520535116408	-0.3041752332150741	0.5037314447333671	0.02053970683464355	-0.0512757638631326	-0.262068770226716	1.5705702784045346	1.523247828236964	0.9075698227322541	0.7978558860365457	-0.6438185288465655
0.3195405905453137	0.789186013480837	-0.48220951630725933	-0.20628434139045845	0.5113484628706517	-0.15086724674796492	1.1327695388281969	1.1433262562022226	2.6061282834444373	0.03666336758145275	0.41154825616008034	-1.0251882093709188
0.23922981540541305	-0.06959933634127904	0.8621606853129831	0.4411394116405753	0.033546995768325476	0.09604454129529459	0.9243032497972166	2.018247766507214	0.43199298700365185	-1.0271119480049569	0.5736543020951678	-0.5650282087808237
