0.21486404849377697	-0.12215013146804622	0.8605011220468527	0.44547795119771155	0.06530730421494696	0.33738058401073556	1.0354459991738643	2.0440482449135833	0.5278504610399988	-0.958555345748878	0.31987884292758734	-0.23528791976233232
0.1971015255063521	-0.12094776090144822	0.8648283276577794	0.4456395308504886	0.12458382183226213	0.21662891747016821	1.0596486030378678	1.9931943431964398	0.5544199034354736	-1.0036452564320222	0.5102572150878314	-0.20105810658830295
0.23276707607291855	-0.09762199426429388	0.8677201314598328	0.4281952918840383	0.2829003429372019	0.2805787913609048	0.9436888376447019	1.993156010159006	0.4733115911534552	-1.0177267971567967	0.26910731973454916	-0.27990210619951345
0.21326052586994207	-0.1035338802084785	0.8663121999668252	0.43966334387038886	0.1791766340705556	0.24840837923612744	0.9849825839077437	1.9639553691629763	0.5022508389371622	-1.0049234698907898	0.36827947281302764	-0.2740399758377704
0.17415200604866005	-0.07296420289535492	0.8912757811328728	0.4122799847810471	0.27085132640329856	0.25865324453184796	1.058902831374243	1.9349395551666313	0.3912524605175828	-0.950670871342745	0.12625394035008472	-0.199832174485187
0.20228659026908977	-0.09009223031740396	0.8709996455428445	0.4385466256830405	0.12148283046216202	0.2376574087014829	1.03939984418468	1.9700736166184505	0.4695160162971655	-1.0072283818835759	0.4919393010480609	-0.17174167605501456
0.20010081279431574	-0.13018036278225836	0.8567631305319944	0.4571320115961587	0.18608310327659258	0.3272042843090024	1.0401359000445636	2.0378675440280904	0.6103339100665579	-1.0188595033279186	0.2556839476039781	-0.2413651179992651
0.20614856747196772	-0.1271473278082782	0.860963517695607	0.44730095725101704	0.07596559657998954	0.276438063021947	1.001085072025496	2.0284984122068512	0.570165923549004	-0.9822160069792865	0.39465282385369654	-0.1812424886184136
0.16004664323596354	-0.10587318465712693	0.8544223136836642	0.4828441266484581	-0.07057491401685258	0.24578797316887535	1.1151931507286217	2.0137252053641506	0.6301961511820569	-1.0432705827483135	0.7298587244953217	-0.09318702916063774
0.2615231289869083	-0.13468800924335494	0.8528226564524185	0.4314606700643743	0.10810563755779501	0.2669704922039834	0.9548598593757843	2.0185525504763753	0.5084640258776767	-0.9536738419038153	0.4701087481109217	-0.35378742979034733
0.23026636453213906	-0.1071046908035967	0.8727323190305203	0.41694638251534	0.14753188651856994	0.37732728936725884	0.9390263293017101	1.9661326020882541	0.4352402163655516	-0.924560984703114	0.4858665558106176	-0.29649181871613706
0.22805610497053347	-0.08451945155756994	0.8760173323654739	0.41646189344207185	0.0997438003969399	0.27546409045122494	0.9689170675447741	1.9111675142608362	0.3787023233573068	-0.9393090401589165	0.24725863516928656	-0.14696337001584278
0.29740891025808036	-0.11772634249725326	0.8412658033528135	0.4358443489256982	0.06707194670546769	0.267738691024021	0.8472429884909416	2.015620855259166	0.4879262089040867	-0.9754894790734419	0.427014172940313	-0.14604425786223735
0.24116296624596953	-0.12199569199042323	0.8633276452153367	0.4261723264762329	0.14270387023661443	0.32460864184494226	0.8929521019508054	1.997387070725428	0.49941958080290255	-0.9452446003614996	0.3602394046183581	-0.2999244458316039
0.2244928664096796	-0.0868704842269812	0.8706222269959387	0.42903777195250264	0.30740454863004313	0.29515147169125305	0.9769581112268388	1.9978731315616467	0.4206248850610368	-0.9602168421572501	0.1835228186704935	-0.2829216007367825
0.22959288874305417	-0.1102516228883581	0.8766895910927164	0.40810175931841874	0.0903875666229516	0.30949307931807146	0.9580413872214149	2.0261420605277447	0.44504408082418445	-0.9476547053703311	0.38970817550464654	-0.24813412025214052
0.18883555752754397	-0.09554636779960517	0.882817795259921	0.41933848402689733	0.10734309102302653	0.26202439881539746	1.0304831940934551	1.982713307126022	0.5066554203147737	-1.0789260989585785	0.35975980276571023	-0.14154939622639587
0.19304644557257575	-0.12733903126191984	0.8631624007093578	0.4488524378576198	0.2111858439094044	0.21056986691627444	1.0361342238769033	2.0574751489736953	0.6047661601036135	-1.024917118771434	0.431614531367158	-0.21444350355377914
0.18983130486288755	-0.11322053347831074	0.8817226355699336	0.4167857728096657	0.18701302630887448	0.2668451497765851	1.063886606216683	1.958199236547968	0.47701600260761545	-0.9617565033266059	0.3625063159309758	-0.23354010492511756
0.19355462081904942	-0.09024129029405241	0.866639749586817	0.45091979632941126	0.04863966358076105	0.27922613566696947	1.047224284649625	1.9487323615295806	0.5118223272207428	-1.0432111295853028	0.5424818680403697	-0.2237832975810928
0.21134028287561452	-0.056163715229975764	0.8740563950251	0.4338275466603611	0.18391832089465524	0.1800343359630969	0.9995090189205021	1.8707039739924314	0.38950231142236713	-1.0294823902593775	0.4728949939192087	-0.10919930317748251
0.1959505273721184	-0.13992872062018055	0.8649746694663191	0.4402751016691953	0.08191898488484832	0.34151987824586355	1.0085846823359967	2.0071914530342965	0.5617447403043262	-0.9145734970769523	0.39410402484203305	-0.20468239265739516
0.2353898456802275	-0.0835615911217413	0.858706535873101	0.4474730900162156	0.09774024705193964	0.35953902937410803	0.9066804397191724	1.9235946736076048	0.47920821303286515	-1.0373449758629916	0.18450136720361623	-0.2789541969098766
0.2363836838460056	-0.1187268992175076	0.8653396316058671	0.4256923764713317	0.035544410833632765	0.2717256352524762	0.9663991271264781	2.0035186987929516	0.5098091911339013	-1.0141772430305862	0.4070043997385591	-0.1929974367895955
0.2097177093394287	-0.09867624997714293	0.8714029081189046	0.43236379566493205	0.13494564890726526	0.30006077018503285	0.988469653721092	2.0040088331727137	0.48705858897471205	-1.0037283189745703	0.36328381250804104	-0.2927213483238809
0.24823172022375978	-0.13833938077373348	0.8363304952554304	0.46882249466903747	0.08278849473527511	0.1965111787431382	0.9664004963232747	2.0200507809127086	0.624351596644865	-1.0293937876011479	0.613173152615093	-0.12393049414582318
0.23756584415246693	-0.09129038099133366	0.8659741129098774	0.43048504248177316	0.05813363098085957	0.2728595712704107	0.9356900753237638	1.9405118792609188	0.47478425240437616	-1.0599411375651124	0.5108574980577137	-0.12652717025403723
0.24473552299510135	-0.1407568722309022	0.8460545267345086	0.45219881080796115	0.20275023760399355	0.33414290853546985	0.9786374769087921	2.054875161391251	0.6090303575756698	-1.0295083357368982	0.15866317940111754	-0.19921446116237687
0.2187461814779954	-0.11264950411536626	0.8582637763995423	0.45038149099597136	0.09449589324364793	0.2705147026926698	1.0230601314585313	2.0182912793190995	0.5313099040687759	-1.004559554850486	0.43084851579056066	-0.22214787187598242
0.23980911940474847	-0.12723354487377947	0.859818561205969	0.4324526021598997	0.1280343671448465	0.2586327691507316	0.9790448413751396	2.055836718034981	0.529023449931853	-0.9898811277287888	0.36732009885308176	-0.0808988268816581
0.22814190116968652	-0.14707494788167355	0.852967225291074	0.44583309120738224	0.0919341500673602	0.28549054395633106	0.9929818377935133	2.0602453558673477	0.5953940464999457	-0.9675860815830621	0.4294510974329255	-0.18178728951462894
0.23666581037898282	-0.10859374062728896	0.8643230330275221	0.4302817545194513	0.03620777312040832	0.21731990181079433	0.9867128320046457	2.0049859905897462	0.46518544995103933	-0.9711375348994368	0.521090171092773	-0.22111055949489777
0.24021438500512857	-0.1068930511397594	0.8689965733374838	0.41918478071412824	0.061395672281909765	0.253991174057134	0.8987411486523944	2.0533540046986576	0.47089314789882125	-0.967606240167489	0.4284501459624124	-0.1291687350436471
0.18732967655206548	-0.1122769375849699	0.8696903533218643	0.4426512971949029	0.10388418378671838	0.2562322331063151	1.0784574490030319	2.068621590156519	0.5320155262392159	-0.9769707253998304	0.4262698036505083	-0.12979764440686695
0.2425722286701488	-0.12259623798511822	0.8475784315887988	0.455784684489689	0.1951627658200705	0.2843449718494167	0.9623658154923024	2.024711912424539	0.5629611210471636	-1.0144589692243542	0.5371806598803552	-0.29508016676090804
0.22835316274612474	-0.08684535883857294	0.8698821697530714	0.42850639138492436	0.03915366878434557	0.1541404423928194	0.9348229561560673	2.000221985980447	0.45230299147724207	-1.0109769628605694	0.5595971147426154	-0.14877301499882614
0.2364186663731292	-0.1208479700111082	0.859805041969163	0.43616197924504074	0.21100749698032392	0.2508648826951757	0.9410561497991065	1.9968721649285868	0.5406203801586434	-1.0225408043087434	0.27437484749501995	-0.2848370441275816
0.19867189259167997	-0.09674951474042882	0.865526877227165	0.4494799609425582	0.19136963769739798	0.2569551990934577	1.0468925450680229	1.9825247713312657	0.5018531302256958	-1.0023743558394318	0.25553038276925766	-0.21574657059495164
0.1941243739799846	-0.10399975832292113	0.8776615039418255	0.42568775198991327	0.10681332304190073	0.3011221828777548	0.9863915309747279	2.0046640394741817	0.47183960056527297	-0.9328751283558174	0.49634803357269835	-0.29127823168513434
0.23171543895745342	-0.11747493425976711	0.8757022177336735	0.40700518550227816	0.24981348940971795	0.27933793884777214	0.9493086524704631	2.0231188843578694	0.46717985418018443	-0.9616932695260672	0.27398016731086655	-0.3205202647909647
0.20634964698787564	-0.12295251126586197	0.8657783561103392	0.43901063911057564	0.17320723481054878	0.21043407064058936	1.0272199775917055	1.987637019032952	0.546502723123363	-1.0039204218565847	0.3609026493556537	-0.15381503994627774
0.1835807814306986	-0.10818998793653276	0.8823614585693589	0.41956081755919533	0.1155123979484185	0.25113846111214233	1.009330190635071	1.9806210736393866	0.5049810618138696	-0.9929098806937771	0.43223646994297577	-0.06590143408736764
0.20140197345823171	-0.0736407859875293	0.8823256637510227	0.4189459425899551	0.13510239351777273	0.2523311581502647	0.9660051836387562	1.942165522627654	0.42026143053257004	-1.0081018992192925	0.425841991776915	-0.19309785870803975
0.22116345772657084	-0.11076833213529494	0.880812622558725	0.403715525467641	0.18030490268702337	0.3129618815903446	0.9716695039168523	2.029113819398971	0.4623830979040635	-0.9843790436287547	0.3505966239257223	-0.24259620380820932
0.21073322646568263	-0.09169262581468753	0.8767719163884681	0.4224393166681627	0.025280315018099925	0.27415663199103346	0.9999053240442016	1.9886877228399935	0.4250472032032622	-0.9493309712138474	0.4238220667992684	-0.1381112204557469
0.21449181981582136	-0.07989613084002149	0.8720748191903455	0.4325452314417737	0.2573391898373382	0.3108177827126483	1.0117652280953768	1.9682146411166872	0.45012381253802497	-1.0456808677265368	0.46060529181329785	-0.2970635983454449
0.2198562403257344	-0.12024297888791352	0.8573824170614239	0.44955561450381654	0.2361392429750878	0.140228373902454	0.9786379424044328	2.01113654316475	0.5663901302242246	-1.0208915956140616	0.35862605564744116	-0.2164061737183416
0.22815942777279735	-0.06868452077356232	0.8669647013952491	0.43771899508605117	0.1338284219154703	0.2598071926051115	0.9315137095804995	1.9004737383750714	0.40266344928606984	-0.9848681663122707	0.3876901440325688	-0.32349239595337625
0.2287410693493091	-0.10863494581271492	0.878425001332209	0.4052721169482447	0.15986419039852887	0.3426111028658747	0.8941768969435392	2.0450305044188752	0.49439335708085197	-1.0281010449258494	0.41291215802882325	-0.16457161606959983
0.198133816486389	-0.1094227476856115	0.8777315103468714	0.4223233936187636	0.11057920445715212	0.32923010948321135	1.044614037490423	2.000994042883893	0.4991533731140379	-1.009041294527816	0.34066477022583325	-0.26944871737307974
0.1913880542275425	-0.1300940357824869	0.8765778221519114	0.4219685726025485	0.20609613648853387	0.16672222433429806	1.0758844858569725	2.058789620562782	0.49345104924514943	-0.8783199932537095	0.5136734883948291	-0.20590012775875255
0.23530038750953292	-0.09203468711593038	0.8700076600694401	0.4233792808178431	0.07043246399685783	0.25568979453415336	0.9398452202334009	1.919178321544705	0.43116441325193916	-0.9911474875312457	0.3974966969734793	-0.1974773115186581
0.22624085839062977	-0.10988679799954654	0.8633764929287138	0.43740255723782934	0.14906173262422182	0.2509062164943386	0.9825352459540827	1.96758095154576	0.5100666845567026	-1.0207028394281314	0.3798773271571767	-0.184337063022226
0.20460675225675673	-0.1201656717880845	0.8580277625822346	0.4555048264209558	0.1943337105623049	0.264299428331969	0.980794873110893	1.9795140772549433	0.5628540568736617	-0.9785890202131172	0.3944001390028096	-0.20769847881116174
0.20716395293975984	-0.12071573772957092	0.8790033039187413	0.4121456040851524	0.2700888268640559	0.3142708930282425	0.9944330800731666	2.006543130872854	0.5018495999184701	-0.982460581546014	0.22205389770891792	-0.25056450893002785
0.22331250039632805	-0.09017596815986108	0.8691298458630486	0.43198742222806086	0.12654250912748696	0.3008050951464719	0.957636084949812	1.9864293825246815	0.4581989841299895	-1.0022475331989291	0.3217101704537688	-0.18317757533775883
0.2116304329416386	-0.05823693926420691	0.8931476113852472	0.39256638041852127	0.16302180925911375	0.3192432360825263	0.9868103487148205	1.942909596564753	0.294351752163363	-0.9134494836982544	0.3232814802173786	-0.2901947865837123
0.20237859041938475	-0.13052042233059358	0.8694160613625236	0.4314197929388301	0.18212979577776078	0.329175173410276	1.0468452092616345	2.0276111671445927	0.5471657784110022	-0.9803192038946027	0.3942307972915427	-0.3742108352509645
0.24107658852126862	-0.12753305975294563	0.8682429148463944	0.4144534207314923	0.1335277799716911	0.31546513812606597	1.0282092652171466	2.013972645523628	0.4713456154794086	-0.9657818207401806	0.36604857976156785	-0.10776982579276416
0.2367998019005723	-0.10610041813892386	0.8715424250858995	0.416031677118443	-0.016168284954043016	0.3083334883560748	0.9124003403021456	2.0425417347059134	0.4460456054449737	-0.9328360741073933	0.40481284514504035	-0.13534335497597635
0.22537290590685516	-0.0760511761643215	0.8826961746381726	0.4053032632070211	0.22339272482082909	0.2572318177411233	0.9681368819619708	1.8914834074047508	0.3732032404540811	-0.9962104772891813	0.3251081559356282	-0.1586805765281782
0.25584495016300157	-0.11159095563034183	0.8553803069503652	0.4363660740468919	0.07513431119633736	0.15281382242012234	0.9550387941561922	2.0194351164447055	0.5300651849641023	-1.082573799686868	0.597691420921531	-0.15862940936992342
0.20947796637075258	-0.10884293473700743	0.8774346586142593	0.41758905280848463	0.059619656447592116	0.2672836513790176	0.9746093971967367	1.9839777066948376	0.47487978800421715	-0.9695973120663158	0.4608816819756198	-0.19500383390898213
0.20680400996246237	-0.12080538433369398	0.8692367340661137	0.4325108793192498	0.1263378455977918	0.2638029675633599	1.0443591754566663	2.026584395586106	0.5217980245085859	-0.9819900250059984	0.4926150150462707	-0.23124315625234262
0.23391369666259562	-0.09220989924233088	0.8694382595035883	0.4252750050340714	0.23804960739805367	0.24199880836242174	0.9697920313133039	1.981046492158143	0.42896162733558396	-0.9808504786995543	0.27225206854093364	-0.25084707046300453
0.2048162823480594	-0.11525599268023168	0.8664216693997111	0.4405449323633539	0.1559873346117623	0.18814866200617644	1.03784814213582	2.025145369369387	0.5218957125450052	-0.9791051515392064	0.480808740707995	-0.22779900726737856
0.21454771545996923	-0.11982910018387691	0.8526460342422894	0.46109110252847785	0.1126751725378719	0.28304431269454783	1.0724513208015127	2.0196934712622614	0.5756252257279211	-1.0385767428868171	0.3255923960313996	-0.21535565061174625
0.2045931263801968	-0.10655172117631148	0.8677058376867458	0.4403123466321209	0.13436396486125704	0.28553818830799643	1.0473750928064918	1.961685600412931	0.5064491047560047	-1.0099957806970452	0.4378616625816336	-0.21046577462559404
0.21034357197065612	-0.10788911815613128	0.8550421318161492	0.46153924289643333	0.16052412919688933	0.32636943634172594	0.9867670639364032	1.9975398967154563	0.5681694905054444	-1.0353532245468422	0.4238162172676237	-0.24754241902398702
0.22058650203761698	-0.10192561500031533	0.8581393488111563	0.4522716243006856	0.06697597076805073	0.2965931005336197	0.9993872791037997	2.0295514876995684	0.520040034932771	-1.016767032784323	0.4730510692747208	-0.2128670000227415
0.2330947714589069	-0.06427325890919942	0.8748078432025256	0.4198178333266184	0.1146657796828872	0.31334218052276525	0.9285146972354598	1.8562256959723553	0.37919043616107473	-1.0215026136935172	0.328703171910435	-0.08037779090697976
0.19502424200061727	-0.11557770920365767	0.8729576406806122	0.43191700099053576	0.08572044694980353	0.2761217655510098	1.0422019503504223	1.9415441707281285	0.5149845900573126	-0.9918923069686602	0.4155526174234147	-0.22863651039877375
0.23555574746379657	-0.11892518882538416	0.8627990108810201	0.4312170638116634	0.11861423919745763	0.26868239740868144	0.9694633274940466	1.98657043683333	0.49588763145644815	-0.9738964145988569	0.37883794010336636	-0.0895653997736066
0.19963203613273833	-0.08263383182788023	0.8638023670397741	0.45515290912332096	0.10785655022050084	0.30120515608650955	1.010651217953291	1.9222805992104182	0.4973012073573961	-1.0380751155826111	0.45614084719379905	-0.3052966088549119
0.2335870874053538	-0.06644514833484147	0.8579172458695912	0.4527693829089812	0.038443211981307505	0.17213382117591072	0.9554084141722547	1.9236759533852708	0.43549476723564207	-1.035782505792601	0.6017707880656151	-0.0670316690086758
0.19893622368939004	-0.10702853278460299	0.8763373267916295	0.4254434883105875	0.2692024133181751	0.28182932934881916	1.058584717688797	1.9877363685076657	0.49011065402565457	-1.0044779417972876	0.29237893379018837	-0.1981475166204303
0.2407215446855819	-0.10894597311704532	0.8628260011923115	0.43094686973251467	0.04738621930767505	0.236581065886319	0.9571764349142922	2.071743539552384	0.4881851355069663	-0.9883438822959559	0.3884702420226305	-0.21855793972217621
0.21358791125515864	-0.1296450242142998	0.8559120325245857	0.4527548613121283	0.22280996946545703	0.3137685984148505	1.0550637391898225	1.9889588556068036	0.58712561119764	-1.038129364670926	0.34493704549766696	-0.14393944901273156
0.19288048275945022	-0.13531856278038712	0.8677207643456895	0.4376604632141956	0.1263556014798499	0.25928777803566067	1.027257847142849	2.0127282082363243	0.5497671679359889	-0.9204004521781513	0.38732432043800685	-0.21310947900706223
0.1936675965357402	-0.09667604519806716	0.8541514195830143	0.4728339632061687	0.1877046330910327	0.27130904497344493	1.0853505079736485	1.975222862544883	0.548983576362524	-1.0324038216506397	0.40418382480275045	-0.13316906863605765
0.21422117256710196	-0.11493801726998712	0.8717499967668408	0.425382750645854	-0.012930664950604626	0.39905759630941445	1.0844928956129516	2.0374586203576386	0.5029857401704536	-1.0264113962068178	0.4242395589572076	-0.39516487472609546
0.2064769823998805	-0.16952872599556654	0.860101867684175	0.43457110351190353	0.06618291411674014	0.2453063953038103	1.059233531189556	2.044358339430375	0.6175182491533494	-0.927945909384556	0.5362567732253326	-0.19395906907111535
0.24088425027794452	-0.10750136167864215	0.8792457583459523	0.3966675328734649	0.11798925497416814	0.34057756427159486	0.9551681576766866	1.977049429421075	0.41610419580812125	-0.9665709371256137	0.29569541081772366	-0.1410829789040924
0.2091936656457884	-0.1041629091401202	0.8732541519148663	0.4275690409472987	0.14908287541762208	0.20426085959269757	0.9580639750283079	1.958283645443717	0.48299038268171046	-0.978119813150157	0.4031061495380641	-0.21184289440156354
0.20556157418225052	-0.11449857125502476	0.873574799225227	0.42603003011393165	-0.027402707117214542	0.20416340015948517	0.9276622975416434	2.036300822134987	0.5054222278939083	-0.9366999517896979	0.5921963715805741	-0.11762081944391446
0.2173753520169041	-0.12411810570116592	0.8717264235674176	0.42123116530836213	0.23144724707984785	0.28637095512181904	0.9901268026529496	2.0387318036486253	0.47990538223993523	-0.9033800597319848	0.31910237990822715	-0.29982072680492383
0.19803594577174788	-0.1370663537087223	0.8678103796198602	0.43462595859810194	0.03886019100060777	0.2876544501270713	1.0108674780836335	2.0386737835635733	0.5681155535409088	-0.9520165124938313	0.37779839420817396	-0.14575365966418066
0.26596446554869285	-0.10098336750093903	0.853682656278034	0.4362237784940758	0.28352756717501426	0.3168633051747687	0.9495692691198275	2.015691210398886	0.49536166704983714	-1.0817430958698258	0.2831840142881303	-0.16199045757221886
0.21893645954358806	-0.09695098849095027	0.8578790050596425	0.4546547538418841	0.07010547017475115	0.30974813452758626	1.0731328839010599	1.996162192240222	0.5083612822791482	-1.0503145156020919	0.4358519279693825	-0.23799909656626259
0.22436946674028008	-0.12966826595696182	0.8757871698616931	0.4072361922816329	-0.014078563638751497	0.1740998725502982	1.0070557418593216	2.0581962558867404	0.48033274000935533	-0.9324786903538719	0.48555386039520415	-0.12311561108604523
0.2063571654929624	-0.13873509697060266	0.8723195194511489	0.4209844998367328	0.16748382572425782	0.19530712117094107	0.9846346407187487	2.0408342517834632	0.570067028548421	-0.991323130050988	0.37302126960557347	-0.14303145203925455
0.21175424234473117	-0.09917507445484333	0.862724306620619	0.44836504794849624	0.08593904519738609	0.31829748336891167	0.980017348921575	1.9898006657166076	0.516288010449745	-1.0161327693789566	0.40309459445690093	-0.2668578578679835
0.2514164929926968	-0.10858474496766324	0.8592235709532386	0.4321272443736053	0.10137305077230563	0.29174928769813596	0.9263972671533985	1.9673481560667374	0.4791813476402192	-0.9974179330326852	0.3967498267831349	-0.225185590720505
0.19356149822421234	-0.09879826612861652	0.8729307065977392	0.4367663339749859	0.12288700993894748	0.2135443537066315	1.0383882174938994	1.9890343037788198	0.5018784868484076	-1.0133198150957605	0.40374340682479554	-0.17804820837437982
0.2432327855413839	-0.11563515811978627	0.8614831276500482	0.4304801308059201	-0.05650459018810936	0.322393203359254	0.8756547940078244	2.0238174559327042	0.5304445344871708	-1.0126658319759902	0.456968261218824	-0.14885777973684303
0.2016813949393077	-0.12215445631333445	0.8686818843406122	0.4356543211728447	0.006193434075987716	0.337456565388506	1.0371699115398765	1.9837281929803745	0.5137717980193015	-0.94836862440311	0.40597522540903846	-0.21894065496529805
0.22734497983795574	-0.11341610137105093	0.8569921700216646	0.44834748645869443	0.17616803327464248	0.2092993102178511	1.0288735475431765	2.00060128398528	0.527521586797651	-1.023961817927502	0.43419935141647276	-0.04774098437667163
0.20325333385617775	-0.07231962768484793	0.8672560422289284	0.4486924458304254	0.1036809144115547	0.29725871860896835	1.0693510553248446	1.912531898850659	0.4741917995836134	-1.0926889456630424	0.49452024078987106	-0.3701978708005547
0.2063227984290096	-0.12302895891253339	0.8727830033498084	0.424905409686684	0.09110699001029371	0.32906985453764126	0.981571793638858	1.9869998329405565	0.5193028232607806	-0.9679820187588578	0.47868840947711133	-0.21017136916054543
0.2061666169559108	-0.11283575755808303	0.8604448668679076	0.45210402447878856	0.09994667934292077	0.2494023759548034	1.0094675427118835	1.9612252462585409	0.5310710670937774	-0.9815872485068063	0.3882712099590501	-0.11734935948471363
0.23240950795727858	-0.11718429134177298	0.868910357260316	0.4210088520679013	0.2830754034510435	0.26950888216762164	0.9817976206228963	1.979329190511456	0.47757608093011555	-0.9767101439332025	0.16747052715421343	-0.19231447255819767
0.2022523781432291	-0.14240101294389026	0.8610990713640091	0.44421201733406923	0.010692677216859408	0.16452501473815057	1.060783263509531	2.0287701254802317	0.5855850363917823	-0.9677670371510276	0.5259817266253404	-0.09146748021844026
0.2021682289567088	-0.12195649742827538	0.8688473148315581	0.43515395372847787	0.17620653001044048	0.24274447578299482	1.040960502305631	2.013295837365541	0.5318452989562519	-0.9812779794328896	0.32436137581497104	-0.3056160388050407
0.1904812688473565	-0.10579462522499837	0.8713262979053282	0.43967586478040654	0.05923397214771687	0.3268943455819986	1.0501939418927746	1.9947174876591152	0.522345741843787	-1.0101656756621868	0.35922488234677835	-0.20295222071288876
0.2133386496184877	-0.12840483356580681	0.8663883793489692	0.43286255950932523	0.13859928863076687	0.31023048758936994	1.0454999560747709	2.029025830738291	0.5355050135111129	-0.9852183704247129	0.37398815699222715	-0.16202484356270605
0.18490220117240877	-0.10930421568041865	0.873327837542383	0.4372210569147278	0.10706348851816021	0.2855988410535699	1.0398805002467046	1.9722222267621794	0.5212071490425084	-0.9878039846495985	0.4195856618319427	-0.20131089182598297
0.2177483827623321	-0.09788748954491665	0.8721736339133354	0.4269857532768396	0.04514306582795787	0.3494688159794524	0.943607558940575	1.9582818637346036	0.46527717185397377	-0.9826562197733634	0.2707662756569761	-0.1440204656114175
0.22115860475438426	-0.12481345087536592	0.851181868077527	0.4593472558748206	0.09026121864164312	0.17419784389026297	1.022256077745093	1.9698905516326595	0.5764262562646388	-1.025053403180295	0.577928299863649	-0.18698548441633722
0.15392974836208068	-0.12277676624287127	0.8800710431416133	0.43209542610835655	0.1462277537618718	0.22925724046450993	1.0970788366367121	1.9822234983796672	0.5655835302928791	-0.9795423419677598	0.43418583870604466	-0.18129030920009034
0.2276998808420544	-0.10888245896404707	0.8644947030414535	0.43467951735471266	0.13631050991298668	0.31736144240319525	0.9891372643126742	2.004533528884097	0.48387387547862415	-0.9783628692677164	0.4267903630381047	-0.2561466242391894
0.21324480055696957	-0.1064875913575405	0.8712111225057533	0.4291599095262197	-0.009633429664603363	0.3462649487620563	1.0117772177153561	2.015533496425354	0.48753167773832473	-0.9923339399402101	0.3268499524443418	-0.2242378557660107
0.21789735153533107	-0.12070627270073366	0.8748683174962074	0.41539880472377355	0.12182569269387337	0.21244959004614702	0.9935620841002991	2.047417277723706	0.5102614309956712	-1.0008935830933148	0.3578914634289157	-0.19950501416970468
0.18794500203857178	-0.11448925551019375	0.8627338098674262	0.4552573556715788	0.18313322266639123	0.28174095060836785	1.0480217809371923	2.002931883600982	0.6015691497472341	-1.0689565230766072	0.2818723909917425	-0.16593676287557071
0.21181511215158114	-0.08792590238371437	0.8686738061330584	0.439100458315097	0.06848324768765564	0.282293935919189	1.0142788394896056	1.990161164318585	0.46356918139678716	-1.007840613024587	0.3589638909440421	-0.1360448554162091
0.18405097116407348	-0.11786115673045225	0.8737557216128289	0.4344938741761108	0.0034545682300520255	0.3075530787687516	1.0644278982137843	1.978627429859334	0.5265483338833172	-0.9730408536057876	0.3236406036818655	-0.1513793606633513
0.20784986095940175	-0.13496236700528672	0.86647687492178	0.4333606119818384	0.10462846337148861	0.22119014407353096	1.0083392407445313	1.9630446910896122	0.5512739807486844	-0.9745051980509756	0.478262488465939	-0.09394221145689875
0.20950782609937957	-0.11157897221832058	0.874029397297703	0.423944827095731	0.15565160181254675	0.29143893930703585	1.0340848638082192	1.9825351723730582	0.48260781644410494	-0.9842154619385363	0.3442364519596823	-0.16863835016815065
0.21193111336598391	-0.09443006667592413	0.8725466443014034	0.4299192007963769	0.03135681144725074	0.2086217499632683	0.9962810375678721	1.9159576944148753	0.46035171508883116	-1.0046010508124434	0.4853509812367666	-0.041691501624639
0.2140628100141123	-0.10584704451295862	0.8897335416717016	0.38903437041097577	0.1087839306550386	0.3490966926333945	1.057651050237661	2.032455863532509	0.4024096953000372	-0.9493035604604629	0.28115658520547276	-0.1920673131809315
0.18395744537097203	-0.09532801535187671	0.8783188656144643	0.4308459099113961	0.008099087524001099	0.3764813696256382	1.0726757355397434	1.9615850666526444	0.46777260352213396	-0.977579615995768	0.274843381862571	-0.20599510875847024
0.1953260639686982	-0.07648095811534131	0.8889870762395902	0.4070631032889622	0.16983784493824364	0.20398385604071181	1.0051744189386462	1.9428823333249294	0.4089536928716994	-1.01040306752311	0.4624896035187016	0.01946904380824012
0.23802816560020007	-0.11906865545215001	0.8602459027672642	0.4349048567697946	0.2098979422659213	0.2597312932568377	0.9504454662899259	2.015832150002489	0.5193318953387096	-0.9955361397508263	0.43130891286958506	-0.22999620534942097
0.23190618600901475	-0.15276692469624648	0.8636205773388481	0.42076274313028017	-0.017483411686538646	0.24397162356703253	1.0283921999469592	2.077550775042391	0.5592176985088212	-0.960306938408687	0.4838207030840161	-0.21455090707903546
0.2105719599627658	-0.12896215581333445	0.8663639076531522	0.43409882695231616	0.06893705872888438	0.30827857938551034	1.0232627104414136	2.012447011233789	0.5509687686136133	-0.9981146179972955	0.3754201252140192	-0.32149328798167626
0.21432062701321203	-0.1292266542152347	0.8637948706328075	0.43729345083759413	0.19246293243047793	0.24197447362644622	1.0086076783774125	2.030867320582698	0.5354489624104418	-0.9518580885781727	0.42055627627333353	-0.20189088713678408
0.22736234800172841	-0.09973870826358183	0.8777686695463403	0.40973249266796113	0.09884279949161184	0.24141257092575286	0.9561450159133312	1.9822449764823227	0.4071690150612653	-0.9203200473736574	0.4251084834762377	-0.1835488164996805
0.2200872601213815	-0.12248185909543426	0.8692009972062383	0.4254990230076568	0.17923114653020697	0.2666252531688967	1.0030044885658496	2.06834457452139	0.5342148820226866	-1.0147001658552184	0.3032348672091541	-0.2390848812701637
0.23958354374570456	-0.10564861617267803	0.8546319430748137	0.4483774496372635	0.281888239223521	0.28838692222661133	0.8957881609475752	2.0278962334261736	0.5536456001643061	-1.0561077205562812	0.3734880996111844	-0.22735424333071821
0.19397476630665667	-0.10159038516100276	0.8852697369102486	0.4103055892745994	0.2728666240744592	0.2655474934764926	1.0064263461719047	1.9961514699712328	0.44566171309851976	-0.9431076647513056	0.42946943175730573	-0.1544548214057563
0.21109469797675204	-0.07968868089017839	0.8662571775462632	0.44574347440390966	0.16989466378578563	0.3847674805739579	1.0024895508291356	1.9990229192790416	0.46793000170601473	-1.0267530054806835	0.2098121181262349	-0.3017463329165922
0.2438984842996984	-0.08756571901769898	0.868940744152188	0.4216488555201647	0.13924393124732218	0.294461709043397	0.9415246544379451	1.971664329074803	0.41480288992332376	-0.9899833899530565	0.24507705897708407	-0.14542398038184487
0.21146148609720164	-0.08839028657799018	0.8631298279119776	0.4499756630139719	0.050370021679725464	0.2738582203380022	0.9931881858441433	1.9894128283183188	0.4991303155112405	-1.0333682047471757	0.5658756179227575	-0.21692670394833358
0.18057274262605788	-0.1063129652124001	0.8561319426376621	0.4723654674547168	0.2564512230338434	0.27573215907298015	1.050961350894091	2.0421741658339547	0.606142277098901	-1.0407262629324003	0.25056408162464205	-0.17063710411224012
0.24014008557850147	-0.0983671429322014	0.8596035187521176	0.4401572844321486	-0.05048230599638004	0.24026093936439508	0.9665639222918642	1.991356265544645	0.47898520670251965	-1.0177363900818202	0.5280889221415549	-0.11324157310017453
0.21112798294926854	-0.09218113244797074	0.8657555883776926	0.4442914300649724	-0.04237637432498632	0.2709000339120579	1.0084565580964613	1.982806182720965	0.49180356861167224	-1.026168268646968	0.5842020232621951	-0.14415066071404753
0.22111207130201208	-0.09085042656775699	0.8540869043060427	0.461942866391409	0.22723809582755683	0.30974269083937095	0.9984173658493521	1.9606976573031896	0.5232613375890137	-1.0597470051634001	0.3693752028012436	-0.13864669864752235
0.20661330678927078	-0.12135891061709146	0.863673395264675	0.44345374345406524	0.1468743465811946	0.37468494537992264	1.0519055504424442	2.0780845721626435	0.5579428088372294	-1.0080509433726823	0.38670473610444445	-0.20875972450682137
0.20273586651991302	-0.08219914035626948	0.8792994132427339	0.42305320188138784	0.2780273982783691	0.3031195003554822	0.993781594911608	2.0208161225204986	0.44798831007351697	-1.0147226896400543	0.30659523846021947	-0.16396566974399862
0.21212341102525742	-0.11692772885539594	0.8692144476916971	0.4310426993277426	0.15790552840962976	0.15453170166316613	1.0255001632957759	2.023728164099029	0.5074036953856831	-0.9788943835400081	0.46915739384804994	-0.10603379328406241
0.2110651010987542	-0.14192782441080873	0.8600980475550933	0.4421983314623697	0.12417462211680529	0.35719972772014813	1.0051285667244725	2.0138654468723174	0.5856848554105397	-0.9725735966058213	0.29367808157437664	-0.2947032410082066
0.20809166108536428	-0.1203028598577047	0.8755679301057407	0.4190535553686902	0.11425377634190388	0.3122278729914666	1.0612095421697945	1.977375363542473	0.4743502859099712	-0.950405593796426	0.42157707103179937	-0.29033790030977064
0.2373748687890395	-0.12229712871279151	0.8661203184782439	0.42253068278544986	0.1433385263376236	0.21465604549941755	0.9734670154920447	2.046784718126505	0.5218873087877021	-1.0242520382111562	0.2705611391922369	-0.21098351658376102
0.21732861748018692	-0.09446625090198055	0.8742989825004696	0.42361030282952056	0.0723324949084496	0.21243001544879037	1.018280062161545	1.8913050927445025	0.43212912668106146	-0.9925324045508087	0.5247137954551281	-0.1419770664924677
0.24541642373034095	-0.0938469841489368	0.86338336542336	0.4307350541107511	0.14810532250312966	0.2411172621204123	0.8986896875695998	1.9350633354008915	0.4551304065015642	-1.002717027444168	0.5120884679559357	-0.18645693081906242
0.21802562421441232	-0.1273799096114013	0.8491697497232795	0.4638425616178511	0.15257025459075665	0.17576707135650238	1.0149641206314715	2.016127594898466	0.5872291782340222	-0.9984665655702482	0.4753350718314671	-0.08529294179212288
0.18714063382618093	-0.11387628610090166	0.8793443044485525	0.42280511925577763	0.22545351806407968	0.22089858626650075	1.065432198141021	2.0314738491798248	0.4884556849702278	-0.9403142631222617	0.2956125961821866	-0.24166556563801886
0.1762149472744453	-0.12599270622454395	0.8786293566455547	0.42554034353501535	-0.041789083332748105	0.2304829337925228	1.1138630783621335	2.0099660019548016	0.5381131265427617	-0.9772052500152664	0.4832614311028312	-0.20398613436556698
0.22358929231744476	-0.08924637262145849	0.8688093539069119	0.4326814300368693	0.12361451061829164	0.19868892353834114	1.0061442843128017	1.9860142528467812	0.45367689881707596	-1.0212531047698354	0.527458561781771	-0.09330159565274193
0.19239298319037418	-0.1309355635571159	0.8722831788770273	0.4300731031618658	0.15330241653137158	0.2604733780145993	1.105741806133147	2.0325025938146877	0.5343966348877852	-0.9597328560991135	0.4465820890742019	-0.12590956144442542
0.21149806834785354	-0.08483646649729179	0.8828710453031334	0.4106215513130467	0.10199163225312952	0.24903658950285834	1.00097144622241	2.0118265315148256	0.3854471044222993	-0.9286589074031455	0.4201841928743016	-0.30980484293547234
0.24177745495981287	-0.12646223582634908	0.8514761466187426	0.4478161865344465	0.1492896420841168	0.3329548938308524	0.9714018580270523	2.015327263849857	0.5567883704406947	-1.0140149174326585	0.3228366086028272	-0.19164691516595958
0.22991405416180732	-0.12113778734511506	0.8729258957790285	0.4128747324000248	0.1375306765556478	0.24872997202691324	0.9817537192711264	2.0311195888651574	0.46605649395366616	-0.936134854218381	0.44166250245840893	-0.09281696813325989
0.22189621460637804	-0.11242930825576405	0.8733147286366562	0.4188592906153262	-0.021754292469014988	0.28686194398756254	0.9762040698919384	2.030293450196102	0.47606318113321905	-0.9647738429824843	0.48938075430588074	-0.19143178837862995
0.2728883771579547	-0.10753658192335301	0.8635707610576121	0.4101382179299029	0.21915201241212598	0.3903510542389624	0.9032660814361847	2.0543147611350023	0.45781036320024737	-1.026308821916807	0.13086161442767139	-0.2000877000966882
0.22261514508564598	-0.09966816804962202	0.8658967037618654	0.4367283502023486	0.002763015728481491	0.13566559748577336	0.9650367702437858	1.9872662808053712	0.5010512940828915	-1.031815944028714	0.577505863929298	-0.11864024164000207
0.2605341711096972	-0.13358350725765783	0.8575153896242623	0.4230186152292542	0.2035771219950339	0.38359455022148853	0.8963715552018303	2.041121633349187	0.5320078240421309	-0.9859616459411918	0.1885328362261434	-0.37627688812274157
0.20266136647249183	-0.09011332158025866	0.8660068851686709	0.44815179867287375	0.06699018940246927	0.24352411050367537	1.025800395847984	1.9680868804318659	0.4845571570538324	-1.0045013756405914	0.4773958881089673	-0.21057337440003057
0.21977316690894927	-0.11271437493109752	0.8758527096990001	0.41458081926642765	0.22677974297437922	0.2852262270099078	0.9485196255866262	2.03118091297519	0.48791131884435224	-0.9813631186194987	0.3008800051393063	-0.23906405308955583
0.1627067500951697	-0.0923511807507026	0.881658544595368	0.43321586262439277	0.048492888913351316	0.19646342383151041	1.086359255801264	2.0153795876576575	0.48994691844012567	-0.9754979511761158	0.5780563289090445	-0.12454283413896583
0.230329877624161	-0.08684742187143538	0.870867485729335	0.4254356532865935	0.1575278679851768	0.26574242864389297	1.0096407525227538	1.9669375207020383	0.43891122277283345	-1.0435432195741712	0.3531679047980112	-0.0943802768569259
0.19356922817343541	-0.11731795045501074	0.871096432505126	0.43584223944245987	0.020826445595658386	0.2687444037394008	1.062979794863393	2.0128191758967193	0.5467351960275112	-1.023029427936707	0.360326494507722	-0.16323963971141664
0.2244945463517724	-0.12135643560861488	0.8648503918984397	0.43232928865368264	0.23880646454352752	0.2322126814180958	0.8981398204666532	1.974934152616909	0.5310895335347929	-0.974418168048287	0.3123427056453232	-0.17278501780431424
0.2404904609868122	-0.08716349458996853	0.8748902207127789	0.4112590000065168	0.15984245307705242	0.2884380704978154	0.8871987336179785	1.9717324900373359	0.42868926602606355	-1.0128794379469153	0.19838903770700853	-0.14441039223915061
0.22962210997986154	-0.09018184320330222	0.8660152441211691	0.4349235780164182	0.28851388735896005	0.19648811989293835	0.9367955012128841	1.913969621599402	0.4349545708179918	-0.9638036687675771	0.2715472097291273	-0.08376384593973844
0.1913490027446708	-0.11845127236889479	0.8714495375250296	0.43581023252124523	0.08151787441080403	0.2480100034204454	1.0348094998495823	1.9540030645076274	0.5302599417882475	-0.9835712098425826	0.3673741439221345	-0.24539796332996075
0.21342095819026533	-0.108297154927367	0.8573853356687245	0.45564636179828705	0.049065077905317535	0.30381479142043505	1.0100034504506687	2.0072569197331784	0.5423753791919185	-1.0165787021191104	0.4063331789381009	-0.18200373619060742
0.2177953788890448	-0.1010376077832829	0.8596436713952492	0.45096489107036436	0.07833436392742313	0.25504060044092297	1.0071740109789562	1.9643405997837615	0.5242763029782703	-1.0457052988163074	0.2993230543974738	-0.009607635699168468
0.21473777766838806	-0.14872574747005823	0.8479920365211103	0.4611700823755748	0.22780746528125173	0.23023588218821175	0.9635782971122091	2.065029405176189	0.6668686045686623	-1.00893987741409	0.33550784495574093	-0.17566004488405582
0.20651210539567688	-0.1261218789514332	0.8747365983941061	0.41985938765819353	0.10411694147481433	0.4039316654056975	1.0219519161001878	2.049779753002535	0.5168018373795518	-0.9636293985268692	0.47470809096786354	-0.3120987299019686
0.2434831499735282	-0.12620554896858346	0.8691449469952142	0.4115521548980072	0.16029258211823505	0.35764650195173586	1.0072390045008675	2.0889835644001074	0.4953585256209132	-1.0014350858086591	0.24938150641666398	-0.3493680825702468
0.21378883350545025	-0.1009181678798115	0.8827765655721029	0.40597462154287894	0.16689049462450123	0.25790386609404164	1.0411186488524402	1.9528179792525782	0.4171094477914517	-0.9698122830996655	0.3779325315830974	-0.32479773188312305
0.23938319640959696	-0.12554511949798292	0.8612658995910357	0.43029659358238637	0.2859945476818758	0.2207472478242247	0.9049504318572161	2.0090772418768466	0.5357791324853477	-0.9896624501134523	0.1065035605529391	-0.24585969896917312
0.24391223228319925	-0.09141803259415231	0.8554033360158364	0.4476993399506182	0.17881680897629626	0.23240771253420456	0.8994155208760957	1.9507974723369537	0.49028923405012576	-1.0284478574533271	0.3941248141160132	-0.2597749209047355
0.2519472684382742	-0.09476680417164562	0.8733311097984291	0.40599827513405706	0.1395274625406615	0.23148327596787197	0.9331959310749474	1.9931015194205461	0.39312200713164247	-0.9595163501932178	0.30448285486246496	-0.13695770588765424
0.22322435841388313	-0.06649353910207478	0.8787494533386897	0.4165919986333691	0.14416703806695153	0.2735444197310993	0.9721118486183595	1.9249813455088196	0.39080064446901797	-1.0379845879328242	0.3189043673935372	-0.22600307481757811
0.22075335867137186	-0.09824373911187777	0.861332530865706	0.4469031143694387	0.1853706117593823	0.2760754983920491	0.9560027971306009	2.0029859520951097	0.49651535746961584	-0.9888604807105689	0.3116780026044833	-0.2536275382117859
0.19882852218686617	-0.0748168255527266	0.881600403369386	0.42148593115089317	-0.05825536844574284	0.247821992521248	0.9909082049291275	1.9658363955373719	0.4049980093798171	-0.9656065687898855	0.5672336846759556	-0.21211991200498972
0.25112226962197476	-0.0785266242980202	0.86105956329559	0.4351409006672131	0.14642729585823946	0.18356782498990076	0.9595329538310479	1.9119825833148456	0.45028905860910234	-1.099745518262656	0.3673050545004975	-0.16950956192349664
0.22314937327213216	-0.1218509093067001	0.8640142220093092	0.4345528014810548	0.05735540048730967	0.25807253624317017	0.9852776166333463	2.039959159609599	0.5070099108736805	-0.9420189592684268	0.402609882977208	-0.14688339391707003
0.19873119318770233	-0.12556752102612975	0.8643142970965938	0.4446341263915376	0.14734582803291066	0.2254488606301868	1.0638893426856635	1.9743367232153255	0.5602019203130925	-1.0069086759209576	0.5263753522017548	-0.24403029701522416
0.23775435442847007	-0.11612532241970891	0.8691138425631169	0.4178862346481321	0.21000701771477984	0.2651087928978125	0.9359962974005113	2.020653744348131	0.5027919854840182	-1.0167159555915537	0.3772672228366371	-0.2503753669401532
0.22472365631211358	-0.10696958637070775	0.8547727763540001	0.4554341738269861	0.3129252070740874	0.3874927591724067	0.9447923368856063	1.977356556396629	0.5622511468450444	-1.0570070866822598	0.2732789623585838	-0.21195735345453737
0.22960729206577687	-0.06783601895071667	0.8689617003747042	0.43311006597058166	0.027054064412595086	0.31291947580225804	0.9249639588589718	1.8979633446168518	0.4062284469965462	-1.0081159243045765	0.33965415881828204	-0.28785490291591326
0.18535716178750208	-0.08357470944796666	0.8759611521617084	0.43743576719136956	0.11486485572686234	0.25230282165470036	1.1026112714933793	1.9316007144058325	0.45536490095442034	-1.0100360413914569	0.41597629884495535	-0.1924410791494012
0.23040930933960216	-0.09815944190605991	0.8425383923847533	0.4768703508209059	-0.01805743518937715	0.38720852225216795	0.9518922379835516	1.9955770542804494	0.5721234858099948	-1.0599864392923053	0.4277370623791814	-0.25620889344948355
0.21066884343811795	-0.1130711549541063	0.86400389293893	0.4430923439963323	0.155944770794014	0.3055469100173747	1.019422705247269	2.0078434332961317	0.5432837663457153	-1.0316827216861006	0.2184287164853332	-0.2623051349472254
0.24845065695841295	-0.08995617054796706	0.8441178496018908	0.46652461287777486	0.1383671994969433	0.2029641155306069	0.9328249218488793	1.958492751809182	0.5429772687597056	-1.1015908849478497	0.4270751318409541	-0.26210917295325026
0.238736312421757	-0.013851743372921768	0.875107659419147	0.4207133070901541	0.06808643840756941	0.32133163423747146	0.9210303136667085	1.8035892306150398	0.2859914704092174	-1.058140649040736	0.3739625909290362	-0.18066150272822554
0.23115917872162106	-0.1197474247525441	0.8734726902574925	0.411426114548187	0.1498588595283443	0.2898839889110863	0.936787431906653	1.9469280412183716	0.4463838629254651	-0.9073597779004817	0.395566990557258	-0.14953236555215915
0.22693356330370135	-0.11193039937323003	0.8733403099255089	0.4162324429950773	0.0234674504724539	0.26675346383476833	1.0274339070497296	1.9856083559357847	0.4568580371882986	-0.9847907052789737	0.3955237383047803	-0.09256891138066801
0.2536085732394368	0.0019031991139031972	0.8877627108580493	0.3841307571941587	0.24757645032617234	0.30508405880907746	0.8337362912240297	1.7741916558316997	0.19664190605095472	-1.0136930083154243	0.18803415822272807	-0.27092041133213046
0.18776473026885987	-0.11351075729877623	0.8814745951983505	0.41816534058243615	0.15309899831459586	0.27989556320892006	1.0533042743401757	2.007508169507507	0.5030507685328655	-0.9884274300191259	0.5783490843691982	-0.203797271089049
0.2205681654716922	-0.1112882405430876	0.8792360389072125	0.40731879380164965	0.1644005111478092	0.3650703250112039	1.0082760586343147	1.939907004935052	0.43395023636986196	-0.9526922301631363	0.27820234777611524	-0.3283427345555416
0.21287401887919752	-0.10017841494713071	0.8743894449526527	0.42437252010502696	0.078970129248511	0.24414071421623387	0.986614058648382	1.977661190335527	0.47353441939830404	-1.0037384947431767	0.4295490378574254	-0.17991395094986973
0.22066496151358728	-0.08786209869265155	0.8772245961381321	0.41721006016612405	0.10210251525565611	0.29230711078811694	0.9537838761943832	1.9339643475468424	0.4213081640791378	-0.9830213583085687	0.4315365767468355	-0.2073455237028472
0.25376809301527303	-0.013467547248610712	0.8750594545363671	0.4119360765519497	0.08120853199773798	0.2701943960949089	0.8525941672210956	1.7997981513273087	0.27454514612756936	-1.049594050430665	0.43366562348221677	-0.32146237826017415
0.20776648286219965	-0.10135593313711751	0.8797708276776505	0.41540745561960873	0.11671675954822032	0.2757051601967843	0.9691532604769305	1.9468825132883385	0.4398222760051944	-0.9411778073410951	0.40361775001386463	-0.30232196287875013
0.19599143243427594	-0.08088725123640882	0.8725408878836202	0.44013294579143064	0.07729469809928922	0.2936485446627513	1.0285330014127685	1.911127862671853	0.46049946663357094	-1.0196973311310393	0.4013934894284312	-0.1703650981929379
0.20776176237202212	-0.1013126807449269	0.8634117168874804	0.4484317093580262	0.06835534380226353	0.35895099635183386	1.062579625006501	1.978280361506052	0.5125845470890519	-1.0322865735288487	0.3283046732998432	-0.3049058288412461
0.18977475679913286	-0.10331523581500594	0.8810543363906866	0.42077875428482153	0.29948348488201343	0.2694371175119344	1.0252281381812691	1.933369732284981	0.4835693483114584	-1.0002091069667172	0.030820731241006885	-0.14597204633158434
