0.20886760621741263	-0.07415837851070049	0.8656542900720677	0.4489070149256925	0.10629065064449476	-0.04334565666924622	0.997984252788943	1.99598639712614	0.4796830784086415	-1.0596118262053973	0.37028580590071525	-0.5345391900138823
0.18790077682192685	-0.004869961593646968	0.8823167828069938	0.431493541459092	0.05249575752077406	0.08422269669579961	1.0138394726750428	1.8272794456492853	0.2873331511489214	-1.0084074579919637	0.6887069733049002	-0.3127931567877106
0.19042771324556307	-0.09432901669008723	0.8649925736629138	0.45456261410982257	0.10471236793413478	0.08665683606892016	1.0417367767023777	1.9654724724158752	0.5238831464555236	-1.025446183252072	0.5109684984200095	-0.6790657083533489
0.2133168666644049	-0.09242450899100733	0.822460465852667	0.519145843326965	0.118640641678069	0.038081082085934415	0.9950480326943615	1.9809508126491338	0.672849460305632	-1.122159043321642	0.5659060802731518	-0.550689120820197
0.2861580036001194	-0.09772105127073966	0.8409871625121583	0.44867001861488803	0.1250432810216048	-0.04672131773406199	0.8594012884993588	2.0225082453070464	0.4948486441188002	-1.0351578284581426	0.8398739966733504	-0.2780196530747702
0.186963853403733	-0.09912064684951238	0.8733620491467711	0.43870074766144956	0.2445677424158288	-0.10054601029885725	1.0923700774168585	1.9954429418277118	0.4835521707972183	-0.9773410255485607	0.6236432478448587	-0.47782832342049536
0.18248443590328142	-0.13065016663900947	0.8709505162483216	0.4371214509230154	-0.05210718799949659	-0.015288109251379162	1.1788776630284021	2.014667695964286	0.5595668120229962	-1.0049041473852809	0.7475853613150384	-0.49609143367892616
0.24691678608821307	-0.0827184012965926	0.8802163889440103	0.396747873931506	-0.0037065255570772854	0.000780375424049178	0.9075002626504061	1.9241838688026298	0.3779633988169141	-1.0021508342803926	0.7616175189521242	-0.4760317644417456
0.1586507734761925	-0.15823115852399774	0.8757652638773178	0.4275839509774089	0.09309709939675627	0.036210771319255826	1.098337577920027	1.9929909957569696	0.5738445233207188	-0.8453355923503284	0.6710454041178818	-0.52167827699034
0.23125881715899715	-0.14405118122690344	0.8912287045704461	0.36260172755109676	0.17704427598265823	-0.05997710233291887	1.003998627860522	2.0747099919864045	0.42491107876939554	-0.8604814501461273	0.6654973156087512	-0.5555210418419053
0.28700483483634487	-0.012953323416049387	0.8739014612867827	0.39211818646151503	0.039016926956274414	-0.10534104661241067	0.8782359291175068	1.8423277537762333	0.18872923284856477	-1.0025662070717665	0.8681127092105676	-0.49758880290621815
0.23663558835897827	-0.06513712254475387	0.84876104469871	0.46836464703321073	0.08163450291933323	0.018897681667556013	0.989060052999208	1.9067399918697163	0.49411264508670416	-1.129954660855384	0.5990579465358775	-0.5162294037700578
0.2303678489695808	-0.08995459333545348	0.8596327804887891	0.44706857193063204	0.0972933850313177	-0.04154126849448533	0.966072123819753	2.0343364819695853	0.5153316857154331	-1.079364747006161	0.6011263724703241	-0.4566652487772996
0.5775150684765638	0.5143940762189172	-0.36609107518529804	0.517544591994805	-0.8454403535572329	-0.07119295010984088	0.8850725041624748	1.3388008312706892	2.269632236139025	-0.7128309807381302	0.9147896669245292	-0.4004091523707672
0.21378823065971422	-0.14275072622360985	0.8808191783038128	0.39758571116957503	0.06603476600170635	0.019587585003061816	1.0284508424470944	2.0802448433709144	0.5077768003148116	-0.9310540027689456	0.45551892515978465	-0.5449502452113144
0.21523277770365531	-0.09452773868601227	0.8614898073488575	0.45008295885859323	0.29334226037705474	0.0008878817644953906	1.0025045832431412	2.063919984143243	0.5169682755085839	-1.035447017228475	0.48939326912844794	-0.5206054585055304
0.20054334275067298	-0.048086891258906965	0.866167782031753	0.45521796091282857	0.01782950355861264	-0.059799902669752464	1.0615982906630654	1.9129923332953283	0.41138609855117425	-1.048368124890026	0.7942927049270764	-0.4434325744862215
0.24440385828526806	-0.10253316939124119	0.858612932797079	0.43879099223144996	0.2212407902772325	-0.09426624809858432	0.9243644959767288	2.0254250420141533	0.48481809644087115	-0.9902575387999966	0.5966801532651935	-0.4231188336058443
0.1882279153233014	-0.07147752776853165	0.8549100279223127	0.47811092758377044	0.32835145552952744	-0.05247149541446402	1.0299575650917392	1.904913239724099	0.5040776490626255	-1.0220417171058802	0.37876383297807736	-0.460121534171916
0.22633145149500378	-0.04811136047487777	0.8391428963211999	0.49223832704401366	0.16761521968137494	0.06326726107708124	0.9808995496800278	1.9187920237413036	0.5018737747525313	-1.1190443872193194	0.7017309615041483	-0.6284966071457919
0.23124674168547446	-0.14486144414074292	0.8797000948155778	0.38944556698308064	0.07029223291472438	-0.10396169164155196	0.9477184508754432	1.9635471674213063	0.5142025489826421	-0.9938707470261017	0.840391130901113	-0.31244092332837037
0.25064472065489724	-0.11978094526504342	0.8519887169744867	0.44378482996538915	0.1442169112558743	0.11585095875755885	0.8951990236261622	2.002674800211851	0.5758101313032544	-1.0705151043727228	0.658446110128074	-0.4385643712619021
0.8630227649612123	-0.15311261751270827	-0.10045708582142977	-0.4708042134745368	0.11223935017707863	0.12327677204309069	0.7016666717401787	1.8964761532748737	2.150669585839602	0.21055436899807214	0.9323326290478867	-0.7360410606492468
0.20033119153249832	-0.12334867433443082	0.8830899467057131	0.4059614073608584	0.2587265330086572	0.012917604607863356	1.0539659127648309	2.0449883253822847	0.4751473721071807	-0.9323386627945417	0.6065429946594153	-0.42776306356192834
0.23056198738395386	-0.05523070584200861	0.9013993066015571	0.362312060472719	-0.04689872955538681	0.020822949763437636	0.9687689465845958	1.9692703922427424	0.2370793138438875	-0.906125588431085	0.6542275642043747	-0.4696528637485038
0.20367978606719775	-0.08123849303271694	0.8715387030277945	0.4385603050003769	0.21938988573283916	0.10337968011265884	1.032865461104003	1.9434476712098485	0.4851809760293504	-1.0838761493446165	0.3863869250912016	-0.5288677971716962
0.21631772176277952	-0.08225670404878489	0.8705505628535776	0.4342605155960076	0.066891162636516	0.02851600894324847	0.949152915787108	1.9539437533599469	0.4309317369513621	-0.966566091964089	0.6414646278722356	-0.461578534292054
0.24263837969742283	-0.0822547505655467	0.8751289053461577	0.4104999046709328	0.004413736025260382	-0.00035721179370246835	0.9911979072941184	1.9966322155959875	0.41453159247742905	-1.0695221681682376	0.67421235477339	-0.5667313474155673
0.17463238870535425	-0.1122498905323752	0.8843186489095081	0.4181913653835932	0.051710838402238245	-0.028990770131488302	1.0212206971750777	2.0424643753835103	0.5100591273463472	-0.9568026474717322	0.664425331568662	-0.5654020798954029
0.2961646246305544	-0.1412814329007644	0.8337173437745522	0.44411874822445274	-0.03918295981270552	0.005950441232285446	0.8574486402134708	2.0345413304775497	0.5544842187221317	-0.9654763549507389	0.9491046885733435	-0.5553759053394524
0.17928113409112426	-0.09617915591693907	0.882339791963955	0.42436344852391616	0.12528337825817548	0.11658561270920986	1.1563773400876531	2.0599424938891158	0.44218421290788035	-0.9410561594889109	0.9208224091397206	-0.547075107029542
0.2056320225549023	-0.09593812131568062	0.8805504452315274	0.4161036668679535	0.2371766675423008	-0.10630329514337838	1.0389086805519516	2.030298179733229	0.41216017724173787	-0.9175062806056975	0.6886607233102127	-0.47544917579210594
0.20634098461931316	-0.1525401802146224	0.8809053230626152	0.3976942334084978	0.0511440784881956	-0.02341585631756615	1.0157627434854652	2.1201681777990347	0.53010661432176	-0.8880098261008047	0.8621576565333702	-0.4846378784743923
0.25267021619924857	-0.1002328747846193	0.8734311661415839	0.40401625050335377	0.043106416522413954	-0.04030923615342012	0.94202439702796	1.984593156714726	0.41244746545892125	-0.9884367297528621	0.6460450895561366	-0.48456390917064524
0.23555222791853547	-0.0892378324593265	0.8915671256408744	0.376377227867262	0.1684507735558112	0.07991721568096831	0.8691074529472292	2.028113091619105	0.36830860407640786	-0.9355178740336434	0.41616579367254586	-0.5283055680626192
0.2223840129096702	-0.027519628446792548	0.8616805135945379	0.4552962918186304	0.30337854089117866	0.017278241520690994	0.9452371550429018	1.9152106734909917	0.40444319016102864	-1.111365434922747	0.632615856541005	-0.46145019875065585
0.22113925605237764	-0.05398335138711483	0.8770803641126599	0.4229813968647089	0.09988391224202686	0.01608352932514785	0.9317741035505916	1.9123220922874686	0.3637373340023446	-0.9973137189242021	0.721625012426033	-0.6724286970495186
0.21033232883401898	-0.13111585706902246	0.8813401190471977	0.40225432008890233	0.14477655241252108	-0.12541679897593946	0.9615236134360274	2.0132609890286126	0.48309304414265825	-0.9049954807642433	0.7860143573538032	-0.3852608723727875
0.2152614959763285	-0.12525890531819703	0.8908727579663442	0.3798926481283358	0.024374126098524306	0.02055132699840682	0.9740041194766003	1.9724530333263404	0.4580399051006767	-0.9756797122593773	0.5454658997686874	-0.3808399292227667
0.2033450045539399	-0.10969071157604464	0.8819706001637581	0.41078780089442724	0.2311668802825441	0.030921123984503335	1.0471168794099737	1.9531156405227843	0.47712825901469025	-1.0212095837747852	0.3632963333368527	-0.5498727482952702
0.23711012690080838	-0.12757535430141145	0.8422252827293455	0.46707589300607866	0.09244150448218218	0.04650814112262974	1.0002166819444211	1.988185827627404	0.5848873683161673	-1.0193737876046767	0.6725028086304611	-0.49841963519122356
0.20471955353026372	-0.10878914518417498	0.8783613420760803	0.4180145679743387	0.20465475817424397	0.04861898915329884	1.0174226832489985	2.0535970766935314	0.475007871172234	-0.9619420684503942	0.5188764319779632	-0.554936847482676
0.18247320782992194	-0.10896459326294126	0.8916866989517963	0.3996561981900801	0.1457963526175878	0.061342972446076956	1.0350026468323341	1.9640725264476564	0.47055827923081145	-0.9869393982996153	0.49722158174928954	-0.4708432241190144
0.2074742589711269	-0.0909229369415654	0.868592370580218	0.44072071107691213	0.20756773232160344	0.12070016629556095	0.9924406869059438	1.937128930382334	0.47065455100161413	-0.9951504108144649	0.3718595867041856	-0.6228388872136911
0.2756093625552992	-0.11534647251700232	0.8432351592056648	0.44686590475123844	0.21696849177443722	-0.00936523444257887	0.8493994924877262	2.027196220150905	0.5465139518321617	-1.0318806914193455	0.46969516694676233	-0.45923379352693655
0.17851963774835886	-0.09577402007969874	0.8765008595158233	0.43669705664681435	0.1897153041678268	-0.03869212521862276	1.0679629121096532	2.0025058724270486	0.4842109039352714	-0.969265951319395	0.7612618427111331	-0.5574098197709556
0.2626274350673456	0.019330685200555694	0.8643052128690789	0.42852030753158066	0.18042097333821924	0.12156689341611232	0.7801503601505951	1.8016616245923902	0.2604658717511764	-1.084751980980289	0.573663128160303	-0.5249155363522299
0.2362983184558711	-0.10597413456264261	0.8533058483553859	0.45255023661591626	-0.006761699255772744	0.10216161766887666	1.0187381999282064	2.0394578893969357	0.5291101715190176	-1.0520139070650025	0.7516442918556988	-0.5974059083049431
0.24065394648656083	-0.12929181934606251	0.873617442025746	0.40269326847989534	0.05756248292127183	-0.017865383406329805	0.964038391455656	2.04697505869045	0.5210957603229818	-1.0493864492775355	0.49601420742421737	-0.5577428288857447
0.24512625693660298	-0.13883491935884157	0.8162630598558207	0.5043338184592496	0.3161728564010547	-0.03636978470720542	1.0506318970434172	2.0152616353483355	0.7021242697750022	-1.0922663965672357	0.364449698971975	-0.4958254279082835
0.24906117303359174	-0.12718992448694846	0.8766780077033124	0.39144211066961926	0.3337073116504774	-0.013077556773192426	0.9826692513132543	2.0640249985662105	0.4686218826686705	-1.0041128955724314	0.6085184651457748	-0.6734918153018966
0.2307268020767178	-0.09270561269289179	0.8634438423911279	0.4389026580183033	0.1392161539934873	-0.053741657169029795	0.9299656012091951	1.9588455800126576	0.4958955383822462	-1.0506884617879582	0.49479773567181334	-0.37232960038684243
0.2615936501593208	-0.08953818805985765	0.863527209245228	0.42174925485225095	0.20183372942167196	0.08940064885057371	0.8532393020711984	2.0203555146820253	0.44962188123661506	-1.0208998233737423	0.4798398621746764	-0.5668810078379548
0.19567178779318253	-0.10996411606288803	0.8767309936820342	0.4253977072783073	0.20535817892815197	-0.149055141968343	1.0314205181812603	2.0372103042141356	0.4764764875056546	-0.9298159440247449	0.44299694149564606	-0.4020387021375596
0.22716958095671316	-0.11481277882889972	0.8660100325875503	0.43039357658223454	0.09176953869708433	0.05917608231208701	0.9715140598749329	2.044429469688287	0.5184064265450437	-1.010509922430285	0.40804591841628285	-0.5292317388655742
0.2584201252773764	0.007718822290260025	0.850320178231099	0.45838308555956603	0.28776981012821984	-0.1216152199481189	0.8760535601396714	1.782047022365537	0.3054134313241202	-1.0904511840506292	0.6285472584262829	-0.6682812666045802
0.21685308741730902	-0.12551338421718827	0.8591071050318161	0.44626910148898025	-0.00487439690322775	0.06741778134434522	0.977722115174338	2.0188743503190136	0.566548044966523	-0.9979444164532697	0.7553127835087556	-0.5149026980715871
0.2299954100220513	-0.10799565091085418	0.8481420171843198	0.464859300691771	0.16495331036349004	-0.08441841013399692	1.0173129369775136	1.9541889377707853	0.5597673509772855	-1.0706370921151755	0.6222588713057857	-0.5012528797338458
0.2455897884933587	-0.14494448632214751	0.8783035172553654	0.38374429409367183	0.019916485013326348	0.041289947631359715	0.9903065155282237	1.9979478703551903	0.4605837184920908	-0.9333036226978887	0.5599529013081012	-0.48200075528532776
0.27673140741143404	-0.07349390711964206	0.8507899336646061	0.4406527686777326	0.29645395246328726	0.1071024573391785	0.8299314136778909	1.9543877840081487	0.4440554592078741	-1.0525984211175525	0.3598508538356427	-0.5645644209393669
0.24979093607745725	-0.12841684297622705	0.8422163005969345	0.4602013751635045	0.11709002587145441	0.0033389765553250004	0.8827611858520654	2.0629016773355717	0.6181343795201403	-1.0347584737118243	0.5067537410029006	-0.563544928728552
0.26004118636848444	-0.10615905404342754	0.8391675877676825	0.46573232255969155	0.28580791234336966	0.020425960386087842	0.9354101807613487	1.9429115636172833	0.531326603279899	-1.0367749028026605	0.5466620066572311	-0.5698392899890655
0.20938535412010453	-0.10229036013241939	0.8673982250208897	0.4396757611406255	0.24146534024888636	-0.06363994164832841	0.9866034841377673	1.991023379015206	0.5103532657199493	-1.013468054490642	0.4490106598371404	-0.549925688427944
0.2262139585836701	-0.10383456321750154	0.854739697887536	0.45548400331785505	0.16663999194734094	0.052246903820816946	1.0438685474415024	1.9848548997379314	0.4966298822650598	-0.9979063304343806	0.3636097472886289	-0.5767225582867107
0.23651770327675117	-0.10512399459373797	0.875728348025043	0.40756371558650273	0.019211459209123375	-0.09201959585738058	0.9589875632363797	1.9820049616947157	0.41531993046616705	-0.937690670301045	0.7395408767662381	-0.42210915373878094
0.23150643010983957	-0.10416262917994827	0.8553233937695406	0.4516379208732078	0.1645804504862463	0.03938726898554358	0.973214326798348	2.016938053924505	0.5092543645427167	-0.998129152751445	0.5126650042092464	-0.3344267538638878
0.2046036181547793	-0.12448875840886878	0.86407712631882	0.4427308756348506	0.1778277013614349	-0.07822945682056064	1.0379174334745578	1.9989621040223826	0.5726221803599726	-1.035173070351989	0.6187220132198376	-0.5427154590374228
0.18353985579562376	-0.13782769892999752	0.8678343393476856	0.44065883196771366	0.0714046289277439	0.0008299203999177935	1.084945624815665	2.036186594937925	0.5707987191581119	-0.9391541706890517	0.6676544225622997	-0.37261583317262076
0.2314912557098745	-0.1462555558657472	0.8591215911347956	0.4323554123106172	0.12007572173164782	-0.042905621079556894	1.0695135276140324	2.094137929519559	0.5559679454757557	-0.9689893466644783	0.5999964370776188	-0.44690956225961753
0.26430322973818277	-0.05428728347290486	0.8707659697375514	0.4110514804134875	0.15971765690060022	-0.08854501564282741	0.8738501946907777	1.9772568533252688	0.3416475687034006	-1.0244862797131415	0.7753671100436677	-0.49690097689510804
0.19701245687619368	-0.10729320257700198	0.8768860035941313	0.4251413849733872	0.11313792420294466	-0.07861057664534586	1.0542602815329998	1.9989474084235903	0.46961519066005525	-0.9526899546826866	0.7182890608346256	-0.5466135887168019
0.2605132444103935	-0.09628623134771021	0.8401426962948227	0.46585626646219014	0.1320007405002234	0.03820789406380628	0.9695305503581846	1.9882273290601893	0.49179344102578076	-1.0181537404586578	0.6911768713265327	-0.50633038395989
0.25961344833819666	-0.10069383308823047	0.8698486405376253	0.4072160998472373	0.10604359539144718	0.09453401671349858	0.9127797898583216	2.012005116266164	0.4117166259583732	-0.963872865027771	0.5680866796777199	-0.5666999177792692
0.23558853052903972	-0.14156949361070054	0.8527964190986893	0.4440657500127994	0.08743227257860499	0.1593082699395629	1.048802666480595	1.973302591424494	0.5992822420708195	-1.078201100751593	0.3620825560942787	-0.5090091782812081
0.17901045149422357	-0.1301508095791497	0.8905396465831449	0.39743573428328466	0.2856970011940936	0.025990039902171424	1.074302498151485	2.090456535544662	0.48843566930541804	-0.8937497623526997	0.5536953504378515	-0.48068043770159297
0.17917573570967973	-0.0944381176122555	0.8747754022753227	0.4401653021863447	0.05844128744473561	-0.028993946158328333	1.0705669252054473	2.042195084515756	0.47596408418088715	-0.9435551326205651	0.6393763094138963	-0.5505565151230618
0.16399124971084156	-0.005491593733297381	0.8906985923278435	0.42394897103512696	0.16797467105687233	0.010997587450140468	1.1073021320224496	1.8963572925476841	0.31022572363988404	-1.0555314024499591	0.5263927809619231	-0.50348402463657
0.23212490564554203	-0.08269316828887603	0.8624403128851812	0.4421273287277167	-0.0857218206821536	0.004665944749940142	0.8910039085426018	1.9490141748325225	0.4755532856223228	-1.0309029455399712	0.7310758791912343	-0.6422868492909696
0.23000874059522103	-0.1035696325242839	0.8479898767317839	0.466135687787364	0.05157765077631571	0.04401890804759043	0.9564301813330116	2.042576585047791	0.5647621284960377	-1.0455130891158175	0.6593778968187579	-0.5806076252458366
0.18529240439756756	-0.10873086689578375	0.8506893075773414	0.47976246771735176	0.07468783605919103	0.03176448706933403	1.0254920164450907	1.979073617894933	0.5738455101903533	-0.9650478354765691	0.6296906592894173	-0.3455877453662492
0.2490775059823788	-0.11009875731182664	0.8481660840567079	0.4543709426315672	0.15281987463602198	-0.009045539609805607	1.025603707704793	1.9975321604255147	0.53917341179079	-1.0846591631495377	0.5761112461407545	-0.6408199174089578
0.20884844843646508	-0.12493158411039039	0.8483860330077592	0.470122924217387	0.061324234057209166	0.02178802742706963	1.0364994937528036	2.0522504375290427	0.6133024864826262	-1.0218554588977273	0.43932758180486614	-0.5249594701349101
0.17140366631450962	-0.09134439352707771	0.8742058628713255	0.44501808307811036	0.05986364129641338	-0.008422264855764762	1.0696383663488596	2.0283415705789203	0.5531028310465129	-1.08217634962853	0.4166315884109573	-0.6049382714086374
0.17390297102507898	-0.1408915563820201	0.8891807983458013	0.3990799842914025	0.005874484943395215	-0.0422739239716596	1.091319160711743	1.9747335660668823	0.5266127203594336	-0.9517246990074766	0.6847964629105189	-0.5247415691571994
0.2174935656593875	-0.1419083991308879	0.8578337663141483	0.4434859462532693	0.09276498751720803	-0.07018822790475553	1.0874901311941927	2.019853427025115	0.5717347228065384	-0.9929092325529604	0.5503253352634779	-0.5418382456496351
0.2001434846371217	-0.13025882446233125	0.8635443001036333	0.4441468968320369	0.17451620009767574	-0.025452076973554335	1.007396691206377	2.0469067622176924	0.5707187491047683	-0.9632784589125946	0.5862775604576239	-0.5602356252461623
0.2564923816293052	-0.0966217090874719	0.8448714878531114	0.4594214541268319	0.2292091192195023	-0.03348712795705012	0.9094228948746333	1.9653592322075453	0.4841390827111964	-0.9847145345568327	0.4962157402508933	-0.3973294221529405
0.25708659847501586	-0.14916337897389298	0.8531190429550521	0.4287711112063085	0.11367112692802968	-0.10389922358153501	0.9121358428401135	2.028836264365372	0.549990878282837	-0.9354117146364276	0.9493389512490356	-0.511635542188123
0.23045445688789296	-0.10322176588347975	0.8585510197184819	0.4462355396970945	0.20475277654863513	0.06346677832345138	0.9811022331328948	1.9779245798953853	0.5152442638679553	-1.0404774187867172	0.5585017651263712	-0.3321235843851112
0.23507818456928922	-0.07863951214319478	0.8802417411805838	0.40463384850116246	0.009765183964180902	0.05541390140045115	0.91808676719414	1.8618364742198725	0.383362639272099	-1.005501781646716	0.658403166934063	-0.5534059495773805
0.23039783064271596	-0.08105639593020107	0.8634537074038794	0.44135518064755147	0.0005766543277612607	0.029648545222176106	0.961229017230102	1.979730112148755	0.4230193313473207	-0.9657820303487438	0.705469583614288	-0.4240127356513921
0.15947921846998844	-0.1300377385796311	0.8667678348325801	0.4542797441235282	0.17484715390223368	0.03657437237625245	1.0968592603288048	2.0502121038772074	0.6169696603162727	-0.9753698560710431	0.7208561979780365	-0.493583133378815
0.1957070323606986	-0.033487726289005336	0.8735384090410174	0.44441869627936365	0.43966470961831866	-0.02338597847356622	1.0516361562418646	1.9505092680773157	0.3855809086422543	-1.074019181136495	0.2242872087952824	-0.5358583202857939
0.1981301452800139	-0.11158429004744339	0.88172426933528	0.41334695427823703	0.12114539175109042	0.004812379842682647	1.0156320576728555	1.914514608944609	0.47152026922086254	-0.9758108397655019	0.5415488641767077	-0.45562656137968083
0.22775403774815256	-0.13532610037812093	0.8649428635924981	0.42624967749697273	0.14744247698066631	0.08824402346102804	0.9483535472220203	2.0033010852645035	0.5083452545887116	-0.9022459050208775	0.4924144251403951	-0.5127987497645166
0.21260218383168572	-0.14409238116236192	0.8557522957327282	0.449138848764081	0.06911806592354357	-0.05843294534601782	1.0666024651195194	2.034947931386195	0.5596297593833508	-0.9183039340226659	0.8474167703309364	-0.4094466792954315
0.14715316057571995	-0.11047182129838656	0.8508492063271197	0.4921357049880695	0.12073210632156002	-0.05112865245594637	1.0964619037222023	2.0026113060776054	0.6637214278605476	-1.025819832312608	0.6623948867496923	-0.42354609173734886
0.2583531546220548	-0.10679003305427154	0.88112637036247	0.3813998633835093	0.17504258318368168	0.10232415012738892	0.9203094940261063	1.9926037202925562	0.4049508170457009	-1.0010163193767614	0.29755407041339027	-0.52530141128577
0.21842328874141556	-0.11192885894997211	0.9018401231575619	0.355594698684746	0.06504411974962936	0.049613847561595724	0.9621350989085052	2.0218444690341713	0.3571750266210453	-0.860431101060423	0.8384509441868128	-0.4571481399295571
0.28252116159610596	-0.08244597722547453	0.8645048503785526	0.4074503868714322	-0.011853914150386795	-0.03468328095274629	0.8483327887763665	1.991603444081058	0.40808849366721117	-1.0510893317826138	0.7313665479633497	-0.49815902513483584
