0.2776373524789686	-0.016257789258595497	0.8365400021465903	0.4720741568921931	0.2405422265848244	0.29072306150344973	0.8472214335696436	1.821384175865684	0.41761350599501385	-1.175575978453311	0.2892588170454239	-0.347511486102414
0.3810029904839345	0.1142020541148678	0.6740211841716067	0.6224869921260594	0.31031621453390473	0.3189420002406758	0.5862873274982108	1.463605547780495	0.7685385116197863	-1.4595248321744316	0.1638968403106927	-0.1290446449987572
0.20876350643956904	-0.136865578280996	0.858925509860774	0.44713821171006385	0.019135059115719024	0.21541351661829808	1.1062799028182573	2.052355672060395	0.5991014301926253	-1.0391362557243025	0.6770624475026535	-0.12921620376853368
0.2863225528162914	-0.07630503554896467	0.8506863252742919	0.4342000843965312	0.23315259886279058	0.15330806068131494	0.8901437915243359	1.9205328764686498	0.44272693561521825	-1.1168668103401624	0.2440293950381871	-0.1654461903189461
0.16097638479567303	-0.07299003740184049	0.8843127772561034	0.43214577396960685	0.19403622355462166	0.2448361352915747	1.1417425588003858	1.8661657091668569	0.4368170527479675	-1.0039783142061256	0.31635842313460133	-0.03097501395706982
0.25512691469823007	-0.29984529494490714	0.5667402666769624	0.7237461755497498	0.2630701468998776	0.2124799558538383	1.144574976800931	2.095124124530709	1.7469629885599474	-0.9034562993310357	0.5310430884662067	-0.04120802168833975
0.1290226782132849	-0.18358921306625425	0.9071992530303112	0.35586186175766316	0.09954306507152455	0.1626335418651285	1.2413679661639554	2.1404941305897074	0.571845055679657	-0.8035994432894729	0.5770945008894185	-0.17519671007491275
0.22326587318784474	-0.11324416642092949	0.879974381680504	0.40369938844059794	0.18031803317369602	0.20936142108354594	1.0103707982402084	2.039552178863173	0.4306972478405034	-0.9254818986681888	0.3076164104066453	-0.2641029676844813
0.18841294119871496	-0.08487336367837928	0.8422303491819886	0.4979408746463306	0.10198888502426241	0.26044258466926945	1.0380003445611587	1.9734015605815067	0.545874335230171	-0.9797054758081802	0.33443571652884724	-0.2731605240643175
0.180418647602535	-0.08959273753938206	0.888235149104152	0.41286871142458403	0.1827577126605773	0.32755892229759737	1.0476842914823867	1.9466576401441957	0.4418942594282627	-0.9860795892185179	0.35346598214838937	-0.2725898666765733
0.2386974148619868	-0.05782538693375819	0.9059932001724851	0.34475511599595615	0.08258131726902788	0.13951111954212414	1.0694733183004423	1.8766876616440613	0.1723432642449543	-0.8786008897365286	0.4668316183037835	-0.07408266421201541
0.25653913453266336	0.4165499716384143	0.4673218887597069	-0.7363993793230196	0.20240517552373546	0.6421203276958488	0.7981422633277749	0.8587723248589009	1.0270856523599385	1.4156121654652438	-0.46994245218565656	-0.42776709729394297
0.24720534583629503	-0.12434579997124309	0.8575049226643351	0.4337198942012024	0.2666823474355027	0.273853776084824	0.9118385658206942	2.0646446251196418	0.5266325785736761	-0.9689929252152838	-0.04828729743571519	-0.2255827285209502
0.2008700538090999	-0.18278822526749897	0.8770611603190618	0.39623655465651875	0.3276403962991525	0.2074118203551186	1.003949566993184	2.1968967028180266	0.5777351636491475	-0.7742991491348338	0.29957782906858194	-0.1308947726801313
0.19396384336779054	-0.08091398643229668	0.8968873403104032	0.38913243639737916	0.1081122446793678	0.2294606343530413	1.0116823166116826	2.021131150224514	0.4025746931326924	-1.011882127780347	0.5026358992943791	-0.16169459246083187
0.24558896562016128	-0.09097153725589349	0.8693853971003161	0.419021802157888	-0.0243673060853046	0.2926262128634743	0.8780760206998158	1.870781581788141	0.41580491866038016	-0.9711967910126424	0.5985576606428796	-0.17354489455877667
0.3146366590215622	-0.15329630056171883	0.8336386563126449	0.4272594150338741	0.07619937633475074	0.25498054400564185	0.7967085502949227	2.004624225941284	0.5870323002915566	-1.0128391357236075	0.5075210630485344	-0.18776032392739936
-0.11613379629287895	0.3185957663876146	0.6924302252272819	-0.636828126098548	-0.31865939096474066	0.20097465773265522	1.6433986108430116	1.057462506237564	0.85726567152856	1.1614525015544943	0.9152559815426319	-0.4124258795124955
0.2523171883558821	-0.16168823120506898	0.8633393345733098	0.4060026425141504	0.007460016407464433	0.20170203875317075	0.871143509026206	2.14068845753943	0.5527255311906916	-0.8642063034822088	0.5975369434684982	-0.15139208071250723
0.7558135704413355	-0.5428191629831216	0.31110822636327745	-0.19314469841059473	0.2952331850729643	0.09166770529255308	0.8017800911188915	2.1955248658320308	1.9357063457188821	0.08510443988255413	0.9820062042727606	-0.4689792894307054
0.04569699799284868	-0.18782838804410137	-0.022215367642439306	-0.9808867205032941	-0.39148713945600994	-0.40276118590504106	1.5384409618262902	1.7015629176563842	2.311096603017434	-0.306499762758832	0.24185196371082393	-0.11709446011623022
0.7045477232724788	-0.026533362432366654	-0.45617726298563543	-0.542964815659849	0.7210358019574831	0.3567089183502879	1.6047056156659292	1.4576621808038317	2.3732604291098234	0.017105274451437908	0.8547418693078424	-0.20208177783697057
0.2654789135128111	-0.08247204639964824	0.8450195014984256	0.45679464765916816	0.17679683280627945	0.407656606575091	0.8450468506582204	1.9579380310534773	0.520335063660197	-1.1001885471231683	0.13980883711829495	-0.1355172357300137
0.21011372735079037	-0.11127788086686706	0.8503634939873729	0.4694160019664055	0.07464788737576654	0.25171026644214395	1.0688554190576305	1.9765601363199319	0.5860780327337631	-1.071572196685382	0.4648243917123336	-0.16132808818983038
0.1912897748774353	-0.15405811019892754	0.8541522373502349	0.45836478501174477	0.19249446052904692	0.2856737015596242	1.0195196196156215	2.0267546061782853	0.6782797911433979	-1.0082360388949698	0.5290369876691153	-0.264350508872892
-0.896399485572525	0.24901403034582936	0.3286600894975929	-0.1626115633270683	-0.4733138141379915	-0.06390984825801209	1.4072702658212362	1.7240273419799104	2.5258375478536936	-0.012467446443450023	0.7643934870415366	-0.07830430476869428
0.17255216316108452	-0.1025057500696285	0.8904150888720245	0.4085086188810687	-0.10852667409938428	0.304083615848777	1.0084914753763479	1.9729115493810803	0.48158577166429084	-0.980625197550486	0.5410763898926364	-0.10897857294626627
0.1661675088367221	-0.11959828701112599	0.8672560185498123	0.4538189143701813	-0.031854573393918194	0.17118063899237215	1.0925063867926048	2.0565348731461905	0.5824518590490043	-0.9711272117470422	0.39613176834188285	-0.26481798526923295
0.24692957956007033	-0.1037665489787443	0.8603429250433301	0.43366846481986165	0.17129572673154247	0.1944172433607884	0.8680065523960779	1.9947314499700213	0.5180276688057907	-1.0446494751646909	0.2982913158695422	-0.27115747353333813
0.2632164858770425	-0.10916924003457121	0.8623749369980774	0.4184598267819466	0.326258463483255	0.1812073559389161	0.8295155791058535	2.075844562662887	0.5076213243023318	-1.0263439461886505	0.26863335618998246	-0.056840332701967866
0.17479260679399602	-0.1210391372953346	0.8552963019066112	0.4725095848740377	0.23089131990565517	0.223039256944053	1.0966713048702503	1.9908000558824361	0.6292312493880734	-1.0346974774256887	0.3646333887904445	-0.19360454232313493
0.1823934139205119	-0.11266802851300366	0.8594292283160047	0.46413355774558107	0.14984595855585117	0.4334591046869829	1.1004287694739672	1.9971704330677436	0.5942456850502768	-1.0479867425186336	0.3754998858301732	-0.2720748476252894
0.5645674906355075	0.14538641488124535	-0.5854277487193696	-0.5633832531366861	-1.1046930895274136	-0.7744918923290164	1.722012320898094	1.8603158259023043	2.2651648161147944	-0.148093708828304	0.91257887627797	-0.7513445161011553
0.20574767294676344	-0.08485827949985397	0.8741146322861356	0.43172975007588965	0.244961386519459	0.367537492319611	1.064845810897163	1.9513702308067118	0.4273897088374376	-0.9892466879893081	0.1939776005260743	-0.29447270577278384
0.2486178822411791	-0.06748242656919508	0.8621526527584902	0.4362660588170283	0.06312142849485096	0.17797282850612361	0.9633646470288332	1.879888415047826	0.3642114935645782	-0.9779723706729123	0.5189208114444398	-0.14954411496896056
0.4157205961918208	0.11164012148534254	-0.38017100338521237	-0.8186469796937724	-0.44059707933530984	-0.5388079949975744	1.3408568781922663	1.8996567504000448	2.2519361466861607	-0.10581006879473717	0.5755454253197442	-0.5299686153708282
0.31864082161003116	-0.05986118796312134	0.8620269120760943	0.38960783851955777	0.004209966734076913	0.23300067173099845	0.6287853542386967	1.8770832292727464	0.32276758555857027	-0.9399877486293977	0.39048075017300893	-0.22698255907299925
0.2059726736596729	-0.16629851047572794	0.9038292337117374	0.33617373396369576	0.1039113387704884	0.2429234186286144	1.0754222512684621	2.069157053458964	0.43944681714636463	-0.8168239000623794	0.4563385936330759	-0.19392743810062188
0.21276727656959818	-0.07722896270576203	0.8650914380161039	0.44764112546969786	0.033596020367614256	0.3426413990530319	0.9969472920667022	2.010704618351355	0.4761917479625279	-1.0472284729378527	0.4620965905176098	-0.16214616226925452
0.24463174835517448	-0.13391377952761263	0.8557472830211055	0.4357969652846568	0.1403524468034442	0.2819599329005204	0.9274679772780083	2.0772590658655172	0.5507926007552433	-0.9638749356296263	0.2598305164489102	-0.27319986298807314
0.1734228161903689	-0.10106575518496048	0.8956896326234687	0.3968001032816535	0.18689096027748076	0.16545098644577746	1.1033293159173845	2.0054284288480217	0.4129633268580148	-0.9036018541224775	0.15014306220352844	-0.12822950052124013
0.17784947163486953	-0.1529510867269849	0.8766902867425563	0.4199877041527367	0.132339357571267	0.12850342559778224	1.095655467589047	2.0506005418414968	0.5594390504021649	-0.8849662562117717	0.5670794034661844	-0.048723421274645
0.5182718577069424	-0.610236387946802	-0.4576388668783075	-0.38674604051880584	0.5019433907001577	0.15640545517961482	2.0546617872515	0.842605436438429	1.8961837234081593	-0.8198726138384503	0.9607067154885268	-0.03624099645831488
0.38809986489658405	-0.45250667707211895	0.6866219945251459	-0.41613271765953813	-0.3762986454270294	0.2053974887858566	0.9098723328008169	2.4131206534993312	1.4110354764470487	0.5527470073046639	1.0472152316807004	-0.09516502242209805
0.1698832218226682	-0.10600891747697863	0.8640528456412757	0.4618598058910552	0.06378381369794824	0.33900637039666304	1.0762404628255078	2.0165034586009174	0.5838652520327592	-1.0253290608871926	0.46470571830839685	-0.2487712725816891
0.26217270969501794	-0.08128116844251958	0.8293586661972815	0.48664468018386553	0.16401529513256086	0.2541523508270556	0.8786975168429985	1.9058341257545675	0.5362641306916018	-1.0689881339241907	0.4142888134620441	-0.07927078363855543
0.20246260739518177	-0.00018661831827878613	0.889708525482934	0.409179175256184	0.18982146781399786	0.287075869721306	0.9832375443153241	1.7900111479303922	0.26854721818989014	-1.069613421272092	0.2400229438642736	-0.0711802435326766
0.22340148436513774	-0.14400906943007347	0.8568131635767067	0.4418420163667249	0.13167127078522253	0.3914648425566378	1.0349337762984911	2.0428309234577613	0.597291158554426	-1.0157170935945938	0.32946677254558465	-0.25194955135297475
0.19884646504891448	-0.14552973112599982	0.8642459072464249	0.43858886500200706	-0.0013727665325129802	0.2610305152558748	1.1311127763923619	2.0662165966373953	0.5863878636310021	-0.9827088122737951	0.4223603522408333	-0.09674885738878673
0.19632989491970365	-0.1047944103520262	0.8675717908448204	0.44473800337963054	0.4156290016772552	0.4185552244071318	1.0242489757172055	1.9770547457321257	0.492518315963922	-0.9470776089864645	0.16772009245502015	-0.48765487551608655
0.24071144652694076	-0.0988760233043876	0.8369335064714774	0.4814808794456697	0.15345467732217694	0.2902995384052211	0.954508644892173	1.9861625290038538	0.568871106706725	-1.05816163413035	0.4029752726624563	-0.13902590105366078
-0.18852533171138974	0.2658681066112939	0.8955844408371928	0.3028214961332317	0.28534519232129063	0.6053490308768338	1.8736751469147703	1.1638653700138457	0.3027020505965728	-0.7505897147682711	-0.06064411543556946	-0.13055419363909623
0.2445725698712097	-0.1422437918903082	0.8423975554604684	0.45860366362414284	0.24578605807630252	0.303010255946526	0.8749010910694068	2.0254434649592947	0.6630381937238408	-1.0562754759796502	0.25816494220652486	-0.34268591436020496
0.22455998119054074	-0.0978501634509841	0.8340008954408282	0.49440941209104866	0.005851884520761259	0.3265174185535556	0.9959934624054929	1.9903954603977454	0.6396775616483572	-1.1375014259563296	0.5054932588632275	-0.28304097453124283
0.4527235827262252	0.4265183542173869	-0.7829909549465315	-0.00697249102839795	1.2720148202408532	-1.0430844436769424	1.569832799018941	1.877341541845106	1.9313890260763713	-0.12035642823661989	1.4004203726463638	-0.06643800618607239
0.21166379108027092	-0.13753982077956373	0.8724493208583942	0.41846555387412687	0.4144280248088725	0.3514442217060987	1.0485147738769158	2.055016801233317	0.5585186439131119	-1.0193555410271444	-0.05751944224043085	-0.30307643471885454
0.20597282136514494	-0.06249646315066778	0.8785182633304174	0.4264681112902193	0.018708198427305055	0.2517628621836642	1.0397108869966014	1.8880563527654945	0.3613071958744029	-0.9697567058857444	0.6407562323539395	-0.25079535412106685
0.1724351412184349	-0.12011410594487082	0.8944941164170207	0.3946124672655137	0.22933943421949762	0.25853852970146757	1.126791171166248	1.9851393060876634	0.46348607253080004	-0.9387456237356528	0.5224638232089374	-0.4195182444341235
0.2965675005320248	-0.5594898143258186	-0.2116502123147461	-0.7444615859270184	-0.644873388124961	-0.48043353637251984	1.6734074583474223	1.2168726014644073	2.08326699737109	-0.8401688853841885	0.5932691759499376	-0.1198594227904547
0.17902852526264237	-0.21457708629675235	0.8945235474080572	0.3489026860188736	0.3297050410967807	0.33013534005837436	1.1625873037226535	2.2802571715936306	0.5704003030509119	-0.6565780726091751	0.14282311582831095	-0.2149651950994881
0.18247649613208541	-0.10475151632957759	0.8719774909055972	0.44202341967365294	0.0809400132832763	0.2091980160374174	1.0904662117990935	2.0330308238271835	0.5502726679978825	-1.0538961321043074	0.5286229616100214	-0.13421281866095333
0.20773744551375312	-0.10879327892175494	0.8754798624605371	0.4225448930219755	0.17534026197485733	0.32027694180653615	0.9981010645355426	1.9697405982829748	0.4722474022274488	-0.9620078828569807	0.2509248429813648	-0.18554866172731807
0.1968732916747969	-0.0671987757715569	0.8747281775751179	0.4376937821308952	0.05557537775875562	0.15661808537657693	1.0609031360243864	1.9969013334052683	0.4870255957617518	-1.1439257303846992	0.42325474597387697	-0.11382116877993077
0.23384938957105356	-0.19845677595048117	0.8380060301464292	0.45130396022504415	0.15990067200702732	0.13163960422725443	0.9098013030133908	2.1559064027165684	0.7408044681249659	-0.8989525743411075	0.49224197338540626	0.00048474936456986695
0.2193431927185778	-0.12740498273976372	0.851693541478502	0.45855713448261665	0.19562014526569027	0.3630092752153718	0.9789839687474929	2.000698586723837	0.6096383074755852	-1.0447106227487153	0.27807168068208915	-0.2781921537878898
0.2513581743871719	-0.06788595541945108	0.8767239271594006	0.40443259113446145	0.06625095487694775	0.10372673819104321	0.9105839878263341	1.8947517844924668	0.32551965828517243	-0.9535496774155476	0.5806980457054929	-0.0865170611537615
0.19344552817448013	-0.10132474259162876	0.8705536355220457	0.4409631411437764	0.12703189100127235	0.24586841606350085	1.1373644295433367	1.9799242207396306	0.47219259811828096	-0.976207971996048	0.4466382315733557	-0.14489731853821852
0.2228336233507586	-0.09163959064906237	0.8763566941375021	0.4170687070141241	0.18907701319149386	0.20536885258335769	0.9444744039990571	1.9435513350141858	0.4383110497738566	-0.9985674313097554	0.282336901116717	-0.16849650369713
0.25686965379293614	-0.12141913328886934	0.8456810552759199	0.45177309324381376	0.23191450480948597	0.17631945786294634	0.9647407778165727	2.136804107766994	0.5642557646212325	-1.0304822138747125	0.4018641170855333	-0.029582564689673064
0.8923972373300085	-0.4067595624740215	-0.12267608888992251	-0.1520671113567388	-0.45780521225954124	0.5552901414597949	1.204594062933152	1.879655772212041	2.4617015308539525	0.055347526919834925	0.6727450619796383	0.24115341816131894
0.3440790301354692	0.0258669931808279	0.9071203463732888	0.2409838104114517	0.08157036080294393	0.28395638194504835	0.608306246727667	1.7190782033464982	-0.07317439369582446	-0.7776241312132546	0.25467758022874004	-0.3010003056068823
0.1977370136293986	-0.09935850698246614	0.8830476723074485	0.41382939596352897	0.06717211849328782	0.22621044865057618	1.0313850988267161	2.012211425718461	0.49208466740820267	-1.0597287451350093	0.6020787544767593	-0.19481267892753815
0.1779784639612798	-0.08156471656035862	0.8849751176358689	0.4224806558220052	0.029328806330009533	0.3363615699260229	1.036031924632796	1.9865611956972011	0.4381814753008268	-0.9707847370108859	0.48228780010264666	-0.2191444948069882
0.21985955206460764	-0.10083886966814004	0.8642490963158649	0.4410972673313821	0.14375260080334087	0.3092958419987524	0.9800060048216102	1.963182532396758	0.5212083452654748	-1.0608825983906984	0.24998746203955305	-0.3935548782695804
0.22544422455763316	-0.09057859383908196	0.8661888197846661	0.4366776252932926	0.197606677117979	0.2568492963373767	1.036460683609426	1.911913556381536	0.44156498169134306	-1.014396566972789	0.3850354526649074	-0.1458855458643446
0.9322629097277064	0.35414791238033083	-0.01340904418698902	-0.07270021208136268	0.008923313797872921	0.015402335592082539	-0.36083114239990427	1.0511344530060027	2.3481748909129814	0.06025842886231054	0.17079772685166128	0.18755276774802598
0.19983191934035432	-0.12451154782939693	0.8517059065916835	0.46814648043824497	-0.09568731428731132	0.15275972488467285	1.073714517693323	2.060437221956452	0.6451375127047193	-1.0840231776228841	0.5338945620319226	-0.1402650169162216
0.061804371292183566	-0.3701944100850907	-0.9258732576500922	0.04353193309899727	-0.08597262266877169	-0.1911757197472539	1.6522085839600307	0.5714480012066664	-0.11252605889641451	0.12056147823536102	-0.058933937321365905	-0.10514506298749961
0.25363950890044007	-0.08918082567263964	0.8913236407391191	0.36504239112280035	0.20359892475018168	0.21433655731890724	0.8147112387382128	1.909446134470032	0.34833706819034255	-0.9501308557528385	0.5053244707840517	-0.2583223657400512
0.586729749492346	-0.5755077784560301	0.059276721070149765	0.5665909179791232	-0.6419062285917716	0.07367768194018472	1.5682327287770483	1.7234425517787477	2.3478011733186266	-0.11903501268571469	0.6639160343953714	-0.024046755345677424
0.19899875688646684	-0.11872406400726683	0.8940653944390045	0.38334209506636063	0.051719373079656655	0.20249804442186825	0.9648598737585059	2.0767303842343874	0.45442863812759404	-0.9175537163872766	0.6808700748984068	-0.10033865358488665
0.21029960944920442	-0.16779715818301594	0.8856355384110426	0.3785074385987661	0.06883090349036262	0.22594237296307532	0.9978773449234656	2.156138526125548	0.5054438253327099	-0.781221933345819	0.2607666071045959	-0.08179620799454075
0.22879702377488673	-0.16827031672157472	0.8549182679527485	0.4341103287677541	0.14599448806182388	0.30399322688071734	0.9913024331811109	2.0900379955256407	0.612588618797328	-0.918727027268144	0.335394893079836	-0.2758655025898486
0.19519426536737344	-0.20892691868379673	0.7780968291638604	0.5592978328780936	0.3490539704024845	0.22496483146675297	1.1914337662940935	2.2767062017028707	1.071813105499271	-1.0564500189108155	0.19714215956328218	0.026202730338640557
0.6547337286823881	0.4597642771375333	0.5939048697731971	0.08495622198250256	0.7598390727217814	0.0486634413868556	-0.5481563508276135	0.41737261858815494	0.34810186686060157	-0.46772280808019256	-0.365871842591458	-0.3746154125791046
0.15882469465699284	-0.12024521937004201	0.8824041921112471	0.4262377802708963	0.12804522674051524	0.22447046333751755	1.0752728720926057	1.975291474191235	0.5539240178464135	-0.990164232132839	0.392541825669175	-0.05084407548451327
0.2265807185125563	-0.11563066235949121	0.8695948598890185	0.423196771697561	0.1977248004839257	0.32340421683065185	1.0053186265141603	2.026291436454525	0.46502770756137624	-0.9401539109204718	0.35263087938548426	-0.20718483327106296
0.2639358317522858	-0.054823489432745114	0.8493722741685236	0.45376095204131117	0.277485763620093	0.23265341972788378	0.8527235788987216	1.9040112840357486	0.43819415969943193	-1.086188073864185	0.4508090814504591	-0.13194260696121257
0.21685902611559324	-0.06741424294226307	0.8855315367556024	0.4052917221606918	0.06104439590539579	0.29714050396719544	0.9523874940411892	1.9599520581148875	0.3706926186216176	-0.9935192910597039	0.4341423762169863	-0.20147032465514672
0.4032654951122516	0.1121386652797919	0.7523049117639081	0.508762400278397	-0.03129682320973507	0.6143177102155145	0.4961401979559271	1.4276982235365374	0.4502807228426744	-1.3737744669578518	-0.02995834218023845	-0.5806156241024575
0.23097169952623517	-0.07622229006592897	0.8723965515055728	0.42398878928133493	0.05677819133632025	0.20964776531143803	0.9155614828914442	1.9270004899585964	0.4067347242943032	-0.9892298637995376	0.43422409492065395	-0.292179007213112
0.2325699916371784	-0.15156594984870617	0.8443149185765995	0.4583353358681092	0.04084154746665208	0.3517018289396683	0.9480333614598765	2.025928996316215	0.6409693436934149	-0.9918550937456087	0.4798829713648017	-0.327733360087951
0.18977843451702775	-0.0624863638706106	0.8813382434042525	0.42816176946990775	0.20261766021738292	0.32810072551163966	1.08313422991877	1.8721617502987304	0.3738892184521978	-0.9764856066156047	0.27693539576839626	-0.20345590969096441
0.16088040348199426	-0.19721285401650407	0.8727150792865819	0.41664490441135976	0.09698717048848288	0.3161685025312893	1.099980084273383	2.1214173382823036	0.6633094630565519	-0.8099814470479078	0.467752907192321	-0.14823843372584075
0.1894308970746318	-0.07472889878995326	0.8909079178981616	0.4059736552357847	0.13711403908132627	0.292782049788692	1.0364435671674221	1.8994578626038559	0.36207235824015155	-0.9285409687846043	0.4579833130739106	-0.16579649812350686
0.6562295996301323	-0.29833231234311963	-0.6817814824105757	0.12463769182443046	-0.0821095480650626	0.1766440596953026	2.2352664461747027	1.3614320211861108	1.5835581411618875	0.1520549251658931	0.8287270232633337	0.47903134383955615
0.329727457366244	-0.8520009765263638	-0.012310658315007111	-0.4064758142236329	-1.063679116507565	0.6197511840331666	1.7777291860013684	0.9112235478898445	2.361555559442005	-0.5394405378164294	0.2922407585556215	-0.48626912130582767
0.9181290443840636	0.1003042572018219	0.1872187527721286	-0.3345553055266733	0.06814777506975718	-0.054990619014956554	-0.36071581037185824	1.5628174810647921	1.9031929476127118	0.5436679414176863	22.85131172588161	-18.066674820598813
0.24229804771222901	-0.11779125190764507	0.8784864353424873	0.39456109788994914	0.08000685089755448	0.3452994678630099	0.9268586128361704	2.0641369873616164	0.45102120455977257	-0.9571515408449967	0.37582501274981633	-0.15837031108038999
0.05610801350897209	-0.599613820093303	-0.5268047480615694	-0.5998265707627326	1.2247091842977593	-0.24095572594025275	1.6853393274122075	0.5440261634187714	1.0945418108105311	-1.3474801327785724	1.405127802043621	0.03035089004562321
0.2012743591975124	-0.10814649442212193	0.884791135693678	0.4061251214487088	-0.0026907904894271175	0.40993354027452766	1.05349930591782	2.0116436182689403	0.42205701617987396	-0.9059338603139251	0.4797010179524123	-0.24183337749050068
0.35047087450698095	0.15886728891511812	-0.3860355578796441	-0.8383960273567762	-0.3538723712160538	-0.4639605221895493	1.336370865541929	1.7892361143416697	2.2717228142048733	-0.1483256399662802	1.2088226868198702	-0.06202601316386358
0.5936313909269392	-0.519260146716188	-0.18844263905438371	0.5852008574196126	1.0251273045439588	0.030884605834359202	1.829801339522692	1.466966361964309	2.2485190115852007	0.16955974908353186	0.29088760217909587	0.860484738343337
0.19221172404411596	-0.11492228661704189	0.8527857441095286	0.4718092790760447	0.30231815251831445	0.4392024408012299	1.0434665572802533	2.1017384705424234	0.6015642641761072	-1.0004791440960998	0.18539132969952474	-0.3790742043046194
0.25466829126251844	-0.14675249962743417	0.858996281481609	0.41920538364779786	0.13729782742924665	0.19728824687561852	0.9486606765029013	2.094201657904958	0.5529703288113816	-0.9762849849608762	0.4573830992737686	-0.18487685766512077
0.3252780521326563	0.6089221583841175	-0.5127664824005659	0.5103709713102452	0.05960848547063043	0.12713959887263385	1.2479195363496831	1.6090280840587312	2.4561730384048683	-0.24737002665674018	1.1388961955132784	0.08913567706625601
0.19055624708972174	-0.16166689278786817	0.8687759599179761	0.4275283194596541	-0.05194038809054455	0.2667854808646137	1.0748885948326619	2.1004090491224012	0.6094576414249169	-0.9233125891470858	0.45464290491109655	-0.12186679988734285
0.15532723023138675	-0.06758221468819149	0.8843765278327741	0.4349531616449424	0.6996865074158372	0.3717707980879679	1.1875967224739992	1.8326300989464597	0.42849553818635205	-1.0106014710490177	-0.2780809451317399	-0.38219152285183555
0.23780165591266636	-0.06577617190523999	0.8620365995779258	0.44273781027015635	0.2788003918453898	0.16431686274808746	0.9310197516994635	2.0391920958535983	0.4356353491733009	-1.045317099914631	0.35827885199555715	-0.14375818579856364
-0.7072958575588313	-0.38313799380155233	0.5062131021384348	0.3109439544503504	0.012416905180219257	0.009120368156890572	1.0045835656982125	1.598310905805287	2.5938250268319254	0.03178455516839806	0.789596615646286	-0.0042768670275528265
0.22933381184938223	-0.13031879429992618	0.8413449065063334	0.47176452059337254	0.2021153929372186	0.2389375181255804	0.9596296360043963	1.9628851497285662	0.5926318532007071	-0.9811727403075792	0.348303220989528	-0.0880609431978157
0.17579571769248772	-0.10361684260667639	0.8808660670457741	0.427123386735632	0.30127303607643025	0.3055438480336145	1.0808458867986999	2.0467895006280643	0.4880324414450953	-0.9548000479498013	0.26345462480303644	-0.14179099481469593
0.1979510890010679	-0.08190305004502389	0.8756190109050407	0.4328956046188177	0.12414176538624366	0.2482450785019976	1.0307507475934903	1.8475792918006804	0.42787672534703325	-0.9872422917998251	0.3098287626897106	-0.21000726809148942
0.20712943175725584	-0.06038470418322943	0.8682557150172395	0.44674724323774195	0.09354241682928603	0.3076277325295366	0.9330907564894247	1.9555496617651071	0.46495525891383277	-1.0719379657206143	0.4131654190837197	-0.24780420428275748
0.1487629735570675	-0.13361489174147864	0.8756798058326365	0.43954694409162737	-0.267818028758931	0.23918676211890344	1.1890151692243265	2.1126129395943822	0.6238762741085293	-1.0031254760487018	0.8704532640024002	-0.017556794792158888
0.6499452294273782	0.5854561725314978	-0.4605771138014025	-0.15060209504429692	-0.09227877177255799	0.0724978550207197	1.0275102348593517	1.2104035815813639	2.9589242347603575	0.09064176310906197	1.090184418289583	0.1036272519767535
0.04929837396940441	-0.11617753370103814	-0.9807438222137387	-0.14904363849793537	-0.23885494300161772	-0.7659693888384355	1.6910585364098303	1.4665923043412985	-0.027988753138729033	-0.39967384451474086	-0.11877203480327064	-0.4134151315586163
0.2584105383627877	-0.07237530167203203	0.8698985642067604	0.41383849188053223	0.05761459743172805	0.23812046811325735	0.8609074316366012	1.9225538417375896	0.38613523288862367	-1.0130053910348555	0.3760109948334272	-0.14695409478696284
0.21764112429742993	-0.06466900848521172	0.8658693904093965	0.4457807298528619	0.26611962402200645	0.1148965368174897	1.0093389383528288	1.9632661908326712	0.4425933310718863	-1.0676531516249426	0.31359090343243534	-0.26588163177574187
0.16664138051787225	-0.11520762249449377	0.8823037305402259	0.4248505397113958	0.2600268262473022	0.19507896214229992	1.0988494099494601	2.0063471372949078	0.529253947676028	-0.9860644917413325	0.34950565939692324	-0.26064991187241127
0.260825048467985	-0.17934354576687328	0.8434880112466258	0.43397483978527013	0.03651696034235264	0.3047483707034015	0.962130285478309	2.0240411585157347	0.629083267737117	-0.9645101886904619	0.3861903531396067	-0.21961678235724122
0.3147572333525292	-0.1496667791516074	0.8644323683872167	0.3623319193158571	0.1104421643478299	0.4120486652526634	0.7751451781500962	2.0485386840460604	0.4614244843771071	-0.9280292650155945	0.1465568923946534	-0.27299840646378143
-0.243661269921339	0.16182622258141843	0.8561704873053186	-0.4259267024884949	1.4833381155058154	0.16017529379071135	2.035268177924214	1.445130095289349	0.7010268755256034	0.7938981877707271	-0.6008680720857857	-0.4700820827697106
0.22693227802239965	-0.10797213428110077	0.8718845102713197	0.4203107899629621	0.0790091859198242	0.36234502170289473	0.999696701719913	2.045648970020739	0.45833055767676933	-0.9650042018379715	0.41238747200980286	-0.2385185316519829
0.2200493664606385	-0.12338726640495602	0.8741402796799798	0.41500919297094024	0.23591534169400086	0.20366938758257933	1.0601988283684514	2.102708918875742	0.4706798695561382	-0.9283862003507694	0.4721572807549859	-0.02074302226428883
0.20418606422944408	-0.09666265808589035	0.8696267795341994	0.4389916240923472	-0.006762231178249566	0.26661611194814183	1.0829701818259492	1.8977711604697438	0.4717427529550488	-1.0203473613924952	0.5162912639876399	-0.12778370348094178
0.22060285304329527	-0.0720095315128724	0.8890091619784531	0.39472993111597665	0.11748692106704352	0.3218740588245081	1.0491190175084997	1.8810346534456712	0.3320690760454594	-0.9910539953187572	0.36432579250972547	-0.29676171497315634
0.8223578953303597	-0.02665306347739534	-0.37621370975697466	0.42600510652571544	0.359048762938494	0.30083922478897634	1.2663448806311322	1.7666558784857527	2.5629830464760848	-0.07059201663673799	0.39405187446610146	0.10542786992464111
0.22508653685708818	-0.15332717279120997	0.847857152797056	0.4549341462897753	0.194379652934078	0.18825842406362903	0.9995069080097558	2.0896412918669975	0.6535698306871925	-1.008301127977389	0.375767185194439	-0.1991157632214355
0.21320278926732364	-0.10101421929527526	0.8582714717298484	0.45575298020252036	0.07615199442007232	0.26730690269502166	1.0689888457987697	1.961163424611807	0.5221205254658758	-1.048653950593872	0.48760850725800015	-0.10374198543939145
0.18525776223596122	-0.13188926141544802	0.8811433443871678	0.4145735048176726	-0.14544698325216024	0.17090137536301087	1.0889228990201092	2.0332766267654496	0.5601097515372254	-1.0302179027185683	0.8153456230631194	-0.2260109794684274
0.2219211567089533	-0.11022357725161093	0.876483907462614	0.4127683650449565	0.15977083926328553	0.30763037022048273	1.0210832369101606	2.0005082695314824	0.4726324832039258	-1.0183715529376585	0.46539865424714094	-0.11919268363725656
0.21494818565998342	-0.12706737483111594	0.8707999369596334	0.4235075318410624	0.15561817444028664	0.2470044353927424	1.0585610233792135	1.993551021655646	0.5358142562080227	-1.040849250269094	0.42099401408344694	-0.17900911544776646
0.2650501250631835	-0.11209306690225769	0.8674396539448658	0.40587192847060555	0.17810694483723274	0.2294424946580541	0.9429805826398813	2.0694412693534705	0.4414213393718235	-0.9876846572859959	0.29859842020976846	-0.20589623241715307
0.21438013915132623	-0.15505873789490165	0.8561321957029345	0.44388693067128077	0.09715152889795932	0.3657828653065543	1.072118031387965	2.091065714600142	0.601077863354873	-0.9466485361516911	0.3871443524342932	-0.30890994091371826
0.16894321392101816	-0.22305925077676764	0.8560993610884189	0.43450735903658166	0.033809454048641226	0.3568010757619551	1.1800389934723912	2.130898647630272	0.7674371123353286	-0.8769594758496335	0.25200980487986874	-0.27332695953414093
0.4694371367720125	-0.7721550578098559	-0.18253744076813516	-0.3874086008799652	6.828086459859106e-5	0.27100996488453316	2.0844953190546627	0.904649495559599	2.394565034632255	-0.40548387972702915	0.886483351142704	0.24984259036215883
0.23527800781890773	-0.13869288592504556	0.90503528412381	0.3260669822620544	0.23878598332345266	0.3095691220947819	0.9501173687494674	2.081535083665054	0.3802353792301999	-0.8555728223261242	0.18414525354628442	-0.345713322239638
0.13962940680133704	-0.14288392864481983	0.8867977394013898	0.416746423000742	0.04917663013590481	0.35114323810333037	1.1013458203181843	2.1038736610698137	0.605517480897281	-0.9361617549748789	0.3461637710629218	-0.2352754600832447
0.21111918628781545	-0.117154633725057	0.868171294196783	0.4335690082450558	0.042066338463712494	0.28128936786683595	0.9774936856368804	1.9956881082489877	0.536749706297644	-1.011498149079118	0.38771804272728866	-0.26760799059179124
0.16629274432772445	-0.11808491549551134	0.9002158669685325	0.38472596581783436	0.05895784951906343	0.3078014409282536	1.0875872535576059	2.1564362183577237	0.49304098356812676	-0.9618758020682575	0.4740508343291839	-0.031711140539234954
0.21222093273802528	-0.1110394669802704	0.8739694751542532	0.4228591597436897	0.006898458900175983	0.24244633874911234	0.9763627705355373	1.9720930330356066	0.5012704796913856	-1.008183332092332	0.6001982200060324	-0.18596409896105295
0.21263348066332124	-0.13842070494026215	0.8806997212042188	0.3999933904649593	0.0441640342167779	0.3002977114168629	1.0063019429966118	2.0715897376361196	0.5001043086361724	-0.9191759335536892	0.3980981162453734	-0.28073563474805824
-0.7138481349663112	0.09210124497038691	-0.1704161092275613	0.6729758915412676	-0.28105879178617316	0.3538351056412205	0.43932429778003934	1.9137301871737873	1.9952332690262027	0.7093475331710434	0.6663823070117297	-0.06624681601210992
0.2398880043285715	-0.05100201511041653	0.8516866631565708	0.46312241106985746	0.3928355883918819	0.5485172738767937	0.9129098913821726	1.9486726130046723	0.46112752282877084	-1.1062864825433207	-0.0034712592223247254	-0.5339922447791573
0.2573190648575972	-0.1405675294472144	0.8411245700456054	0.45446355870577093	0.2348749726291306	0.17674344241206333	0.9065179798655234	2.035102961810206	0.614722563760052	-1.021541125993335	0.2602903258499632	-0.13518439729307663
0.2105323988713713	-0.12189973001109534	0.8548438092069752	0.45832153201567594	0.09488913366932338	0.33103348287638495	1.036943420158543	1.9840852311605066	0.5444160541952324	-0.964042477692203	0.2118501126350776	-0.3478990840010941
0.24445898643145453	-0.12924475841256275	0.8679868147250478	0.4124736183554651	0.3057224205006044	0.27405336867496694	0.8611186210751816	1.9999530434561068	0.5239846723765289	-0.9863334429247803	0.3902767164732952	-0.20976563301096737
0.217754849661515	-0.10395365909339557	0.8407334903270373	0.48470987245207053	0.002818346673765277	0.21303187630624024	0.9914840483475833	1.9689426283874838	0.6053167681378827	-1.073078511321941	0.6211773352643776	-0.13608313379831838
0.7296144036317281	-0.5313007422529074	-0.22358324445234706	-0.36795770965532093	-0.22976290822131404	-0.20313769028320014	1.702312243531152	1.4853745581038604	2.134908238227651	-0.06652607827977604	-0.0015946080727814102	-0.8082502275105062
0.19982343265981367	-0.12247999891653492	0.8534006525506787	0.4655927102645941	0.0925300964487567	0.1573164625498707	1.0418387008231984	1.9650767301399736	0.5837659516892789	-1.0002034472183439	0.515857352061866	-0.06692097072907721
0.26415032892265283	-0.1455131622425567	0.8453127556563131	0.4410179910944178	0.32699220338165214	0.05590698525402335	0.8811823682439855	2.0646418424244732	0.5803054188074592	-0.9588534487403689	0.27286332293446897	-0.07383298309394672
0.16833862333954988	-0.07942792886174631	0.8824429668436806	0.43202745546666516	0.08744063935386759	0.34198796634368156	1.006915165347823	1.902840917741806	0.5196017105281989	-1.1038253904608675	0.3331373482785677	-0.22036371884894837
0.21515906527322698	-0.10099024065113554	0.8901830336517422	0.3886923134338498	-0.053517300867675	0.3538630144564865	0.9997420512299681	2.0373876516720326	0.3529339796977899	-0.8323373670114738	0.3411979950744042	-0.1768962383109379
0.21750345218283434	-0.09750299968328609	0.8644737418072601	0.442572664166084	0.47078628184867793	0.34695814440156775	1.0145286473805106	1.9929923060002956	0.46310552295397744	-0.9640977714846304	0.08074844138717242	-0.2399832236930528
0.20809509409208765	-0.12988235553483152	0.8975228697046828	0.3664419516002501	0.07686385601477125	0.25681044937735115	0.9515492863734254	2.0851356013811513	0.4407728734904264	-0.8808875393706481	0.3436855578586439	-0.21469177823286834
0.20399834631989067	-0.10374015293696187	0.8558328867723579	0.4638671418480275	0.18041813041058466	0.3364697152628915	0.9719613536338224	1.9474372626509096	0.5471771920532703	-1.0014576660157912	0.22979347432069916	-0.22122252815961765
0.874713052194267	-0.2380567897696322	-0.40909255977074743	0.10416006291177195	-0.252761865427202	0.20625980115518902	1.5316454752736057	1.809715603206921	2.165838851941574	-0.21991770193484886	-2.6563809542304084	2.182001089310581
-0.1050795171639561	0.6891567111801882	0.1845996047500889	-0.6927801299359038	-0.2459756759369941	-0.3372978821244667	1.6015658358569083	0.710653862137695	1.7997883854077934	0.943589906830528	0.8459827757426299	-0.27553870644528117
0.15649054931289288	-0.08357806824765743	0.9053376591940202	0.38586155202200595	-0.046448049549102095	0.16666750639061612	1.1263841046718084	1.9921289383881033	0.3935184950288405	-0.9486233861018556	0.4184737755552524	-0.1084179403383081
0.18831935257985286	-0.11262636596403824	0.8924242608060862	0.39424619447541986	0.2759661788747268	0.2360662425055973	1.0456838888492388	2.036042978496556	0.4403835550325713	-0.9147060008722313	0.15422601748912004	-0.27532552249550707
0.5579133285495024	0.4838697283999076	0.6013874865857785	-0.30485389081173775	0.17674121182765337	0.21809595545305602	-0.2987296670195111	0.2533142837151784	0.5267000853381383	0.8943848168634263	-29.57539283863376	-24.16333502290235
0.25005930981284286	-0.05742151662982843	0.8498252757765207	0.46040211951642407	0.08017675126210887	0.2987485163331762	0.8880508897766151	1.9234405470122062	0.4850385189274871	-1.1377369697590507	0.21938153414229547	-0.20527283963876108
0.23168520528114883	-0.14146660501712746	0.8666207767132982	0.4186616709081447	-0.05364633905688614	0.24154839662333513	0.9960242537749029	2.081540520777102	0.5480791031751963	-0.9823501402046717	0.5737203832758263	-0.17249727928538036
-0.5245583961636052	0.12144184071536736	0.8061893823097931	0.24525302890868397	-0.4164794400711247	-0.08705280265807923	2.136169642382192	1.6143861614333883	1.282681752828188	-0.4468557066502395	0.9347535495727756	0.2252532767684795
0.1605624950565901	-0.07996236364240426	0.8847112216645977	0.43024616191508036	0.19495729238705706	0.29589628826310677	1.1278050729814464	1.9676257309241438	0.47513467954870664	-1.0322094985555763	0.26547579712250274	-0.2316307927209611
0.23737234951080552	-0.07517203782127505	0.8968427924954144	0.3656180219389406	0.21498148838194642	0.37246356229387906	0.9472129311460481	1.9364392808974704	0.28347523762395793	-0.9121782182296139	0.033457411959197624	-0.24313718703720902
0.24821451549254808	-0.16128151592404086	0.8464474681206018	0.44261101503720623	0.14106076699344713	0.3845828133299476	0.9841647175709113	2.0727165610159286	0.6143014996559533	-0.9714332312889637	0.4544234691558045	-0.19422444917744017
0.17921437945680113	-0.11987770675727477	0.8746258218312041	0.434213327069335	0.040009771414804725	0.1940385007962925	1.1271360758608717	1.9497061024670628	0.4902213988777665	-0.9143731090355861	0.4767658298736916	-0.19414891708186902
0.26460148762080243	-0.07940778363523761	0.8748878572865051	0.39780861456185884	-0.12541565349756814	0.30984117394606786	0.8931281889016544	1.919795479924523	0.36904783449693823	-1.0224811570079733	0.40047619256590994	-0.1772633497958714
0.24517532940070622	-0.09210847289950198	0.8488842873514303	0.4591302143850163	-0.11650399461976209	0.30605332501259824	0.9060749147376383	1.9157523519322313	0.5304206592473816	-1.0802076183951639	0.29654303821917116	-0.13828286852798674
0.224158828378719	-0.10134547194009169	0.8588036228900642	0.4493754024065184	0.08018331410869652	0.2216805810280412	0.918713928279033	2.0358479781258034	0.5596544770433811	-1.068699251263984	0.5162312933596259	-0.14504220108867763
0.2107192322774366	-0.10050836192901877	0.9049856026059718	0.35566351149177405	0.07681202727113821	0.4464210030179972	0.9979417561619434	1.9822114826817392	0.29869602210668333	-0.7911193644151489	0.4946442256484951	-0.28211748800585107
0.25383804179872416	-0.08409018516354845	0.8721033584202067	0.40979363285334974	0.17227550911495884	0.2256454254146039	0.8774498450330187	1.9787429120629265	0.4346418017395275	-1.0624612797144342	0.28870849812016713	-0.31489031808459295
0.2607906831014448	-0.12612244263069744	0.8478842771028209	0.4440423422537257	0.01963669384614686	0.21900493779744415	0.9587474046983689	2.0293227891175536	0.5022381942532117	-0.9456961011417296	0.6083288789548361	-0.32675744889463754
0.23490785739837702	-0.09851527577984753	0.8529149903747477	0.45568526217617406	0.2345384938166888	0.282507718103506	0.9543141732786855	2.018764058072438	0.532410848111706	-1.0520375201900096	0.2151486508689334	-0.25066020105319475
0.9323957609237552	-0.10697803096360686	0.0707595334117319	0.33791557278988393	0.48164658024629875	-0.10696341091687452	0.26623070771627205	1.9701103589388727	2.0609657063619746	-0.5424633927594461	0.6693668255526868	0.26417320148299067
0.23208469105745533	-0.07834090277085293	0.8635153223138059	0.4408408865555659	0.16947722636333717	0.19967903999382408	0.981957925240712	1.970052455026496	0.4562600975518371	-1.0605851529056636	0.31134906957047	-0.37256989418290304
0.22446905288216154	-0.15318274329758552	0.8775006997687929	0.3951470781358384	0.133539026162819	0.28294702822268913	0.9997997849287621	2.2051121696594205	0.5162038136652608	-0.8594475471871448	0.44243158604185523	-0.23907384003400978
0.8135149855074585	-0.4579596775393454	0.34582437073201533	-0.09419026866223425	0.45430975585367356	0.08374174226820208	0.45199961291182456	2.3238346475353038	1.9962883420254096	-0.06528219633963377	0.4438569574517148	0.2682672463047295
0.27526197877416797	-0.14888650224598252	0.8335046045956201	0.45533913362260625	0.20171867607826602	0.2366364715945918	0.9239198060756819	2.1003034644732925	0.5421234576751086	-0.864137357730628	0.3510441862194882	-0.18460387260945468
0.16071926194971706	-0.145061720261185	0.8738111702003293	0.43540837725787396	0.21850437389552593	0.2035768800874779	1.0929113618943889	2.012168242103905	0.6068918897877659	-0.950997396545057	0.4506157894138574	-0.16343875121165563
0.23080603426364463	-0.08882796910383736	0.8722999647696261	0.4218186078343228	0.32363774566557607	0.13242606108300597	0.9400831953421463	2.0205288908073165	0.45249396738494496	-1.024629687002539	0.3452453934908892	-0.22071242225245077
0.2515540999805173	-0.11928721235605118	0.8524703423072207	0.4424764527496623	0.20840756479902725	0.42098947848662177	0.8400592187447388	2.101813884765054	0.5403444217655637	-0.9519792817571857	0.08868341282425411	-0.42642262292386124
0.23602954401330947	-0.07109472053941018	0.856198226158193	0.4540486676424194	0.10832450657721361	0.32295533489812417	0.915677130575765	1.9248911615545907	0.49396108431468083	-1.106061742638176	0.44346886616774644	-0.18892253302241444
0.19055632577919446	-0.16145629876315915	0.8430171668265731	0.47638451562884854	0.21693482111228388	0.22763241376487905	1.1093518247821037	2.0703810255739077	0.7313498246326777	-1.0362603972918518	0.36026524459423426	-0.22547854425643266
0.21850070179565295	-0.0981447641699678	0.8891079274938831	0.3900155661616094	0.07062973615797376	0.2592695717054693	1.0058395760173682	1.9877795912660772	0.3988006556320747	-0.9724312344549734	0.4947713449953233	-0.18800075454919962
0.22580634008917305	-0.1728429706582719	0.8604229624138637	0.42285828597830166	0.2040966361054883	0.13834596608300967	0.9016761108100151	2.1063417694466082	0.642815890492834	-0.9285176137704768	0.519026988453762	-0.07356439104784586
0.18481537361592593	-0.1104279108810466	0.8638572423828976	0.45541148311858487	0.2617377163766069	0.34549587773569934	1.049273865895816	1.951740948674407	0.5558627244948043	-1.0069603497766246	0.4711462434410745	-0.18770841335537694
0.8337549558845826	-0.5421351927712637	-0.10214611205770067	0.022545023580782596	0.5390143621763382	0.6313544050672674	1.4095676197078373	1.7261442371073186	2.415052194626638	0.3219221404165138	0.6884340649057653	0.12605006527030713
0.19520961373521908	-0.0973825671827101	0.8822184361992343	0.4172534878756906	0.24622439843671043	0.1427622942342319	0.9636260043548833	2.0522401599375764	0.45499400316273136	-0.9338705466052234	0.2611730510826107	-0.22473898481722687
0.26935019196970295	-0.1567512742133711	0.8794639880234366	0.35975353492117573	0.1568533834946784	0.3010037361888524	0.9251223458247588	2.087890151379468	0.47475832101712584	-0.943521753637488	0.550571902138142	-0.18604532264041776
0.23289764578217556	-0.040750944105436386	0.9074271087747535	0.3473817632005563	0.05584613686683654	0.29603187037325546	0.9415094664453543	1.7988396556477642	0.19933344054870264	-0.9408999729365211	0.5251178035720839	-0.12510124598115285
-0.33751854146978844	-0.7992835172107544	0.29537343112886766	-0.3999770361689189	-0.3468839163796183	-0.07132414484896733	1.049822605196367	0.8401915125358489	2.6644653066640673	-0.5972181911065794	0.6903780327909123	0.2905562261738937
-0.7227496849476021	-0.6386220885026982	-0.020307676387220988	-0.26340523773141955	-0.39601646085408215	0.8498771724119899	-0.2504613298860606	0.5423916518525953	1.952380480467223	-0.7783093266236366	9.013310468535161	-3.2823250978501584
0.19001834288713107	-0.09617545856719296	0.8874932270814162	0.40865521215375755	0.2536577782074604	0.1855383074320376	1.0919150051205844	1.9489886581552962	0.42939816526293506	-0.9815779986855514	0.47779858943147224	-0.17445369345471443
0.2516184100103332	-0.15729030305373984	0.8553022655758057	0.4247422404353356	0.19129838262712326	0.2312768094308304	0.9493782262335441	2.172851476791379	0.6131448768093137	-0.9924531507325172	0.4134236182365698	-0.18442440967857562
0.20757887385077306	-0.07299444520358518	0.9004859449651234	0.3751104970812394	0.16275303289589613	0.18454505188259543	1.0181494664165192	1.908338923330484	0.2946654005121455	-0.8994422521778338	0.37084094194862094	-0.26524472311597463
0.2302526591079714	-0.13156413100533312	0.8525017190998959	0.45046133167924857	0.21378493631240159	0.3239322410146603	0.9306884625527388	1.9498375314537948	0.5683878004806091	-0.9819186660324823	0.2979100172464797	-0.3561319912454893
0.22711492803463085	-0.12707885641010633	0.8663174905043504	0.4263376354059875	0.15922198419568798	0.15373401837138354	1.026972442915972	1.9987061034534868	0.4574520628493128	-0.8808657234674474	0.4172265152782512	0.06132253125467108
