0.21272324479991397	-0.12464753581470184	0.8674722222267618	0.4320923010215317	0.20054559673206115	0.1550913941808202	0.9919567544725276	2.0271691030609342	0.5481438864886246	-1.0040221045896989	0.6534081461913277	-0.367094038707005
0.1609850492375017	-0.027252994716458454	0.8491507900069389	0.5022788309610263	0.2795124798680028	0.09556979216334101	1.1185309816058027	1.8027410008641251	0.5302275351437267	-1.1570860022400822	0.6863865447393461	-0.1962552619911125
0.281893038482267	-0.11692932317055486	0.8368866529758359	0.4544057419410696	0.24767239242330072	0.11780232854779003	0.8559145528304798	2.0588354075172197	0.5504019790613547	-1.0148687631807094	0.6167628860743086	-0.4528264414299312
0.26706369523908985	-0.13823485757548998	0.8621458751233563	0.40776536984411593	0.354543055358257	0.1506371214715635	0.9128838683321411	2.157295974436946	0.5290249083498116	-0.9850794346546089	0.42172879781825645	-0.36972496806540645
0.21227814027069036	-0.13540603105606402	0.8662349472391596	0.4315555747507287	0.22829009660517788	0.1413699996254753	0.9092857923780144	2.038316018666543	0.578116708014348	-0.9681397608202519	0.7071674352749437	-0.30759370861141017
0.23820755954728537	-0.10002372352642724	0.867024575606422	0.4260525772729691	0.2868432562861576	0.24890943846883187	0.9095744893950815	2.0208525108280893	0.4934112600881598	-1.0382146206534546	0.39832120290913825	-0.36468210632132275
0.22546298686149693	-0.08051402054826384	0.883534007547251	0.402556320976507	0.33787044663153853	0.1601569032412914	0.9605104782807056	2.035572368209823	0.3870704017399885	-0.9803778714946516	0.4614693149770039	-0.22683220582951624
0.1470995416144264	-0.12834284185457243	0.8620542393668927	0.4677096622810841	0.2561815878067197	0.09431639924837483	1.2295289780015344	1.9977633991368946	0.586664458724108	-0.9198037489716411	0.6504189413182725	-0.19059494339519048
0.17896326765304849	-0.10570675518591456	0.859279027782768	0.46737328031425723	0.20195883262602488	-0.018138569513810394	1.0530586729736353	2.0207808485891197	0.5964515603188022	-1.0427788067860972	0.6231575715311729	-0.2976202728495698
0.20916798851144103	-0.13963219331347673	0.8552462547633101	0.45310644101124525	0.24858871483767755	0.13862087845843316	1.1247703287517545	2.1123718931655495	0.5783467938848452	-0.9599063635458183	0.5823636494383845	-0.2944405256382733
0.2098706751299918	-0.12838924602320842	0.8738905186331597	0.4192682466740602	0.2588654472636211	0.25518410927908597	0.9456233100998698	2.031456492623964	0.5359628620017972	-0.9683879038206159	0.4893572545672548	-0.5758402754497584
0.2592741138337291	-0.04750980069752247	0.8661946348665222	0.42453104393185287	0.15135302117407723	0.04487838082038694	0.8717963393504622	1.9905436951220379	0.3752994303145787	-1.0754130908124078	0.6198717858150858	-0.2955912606911247
0.2090901378462219	-0.07793453790504892	0.8766515043646046	0.4262507031692149	0.18562898861733068	0.09037078436274935	0.9681973378366657	1.860294079910788	0.41128502988586496	-0.9806740315250776	0.6662481475480613	-0.385930707648877
0.2196383543633429	-0.16169358668888553	0.8616771089221363	0.42793309906553767	0.21520955651510798	0.18291551494217814	1.0250325361282846	2.082100601141738	0.5685736822629056	-0.8842528725312975	0.5389221826174889	-0.4726576201039942
0.18933939317800388	-0.11608165510673057	0.8673454686514546	0.44540709642803844	0.3057863478955262	0.1427752787584254	1.0749858809687272	1.9859721863943063	0.5630974378996543	-1.0359113064356216	0.4650172939323631	-0.3216903555708347
0.22620982902984269	-0.06634634843115123	0.8732037231886715	0.4265472226021214	0.25333701036918105	0.03610313605212572	0.9130893083646185	1.9072551865081762	0.41573557991436827	-1.038647521190003	0.6614831693459419	-0.4706809586866438
0.19012340656429272	-0.054895001697679975	0.8920926230136088	0.40621469819505496	0.1810399324388857	0.20448183621337893	1.0133832486766219	1.780701439603701	0.3296298725760172	-0.9575641802766243	0.5060231423257164	-0.22763388115847571
0.2328745033634407	-0.04404801869872401	0.8641145302867088	0.4439992300436211	0.4474699785024027	0.19838497661332832	0.9589253483271725	1.8915835410093174	0.36768126438904386	-1.0308744907001797	0.281486987563286	-0.4565080270408703
0.2567591667543951	-0.06677538148423966	0.8618896044436503	0.43215979506102953	0.33443720209609235	0.0885364998169208	0.879762374034097	1.9359572651804162	0.4045430036404593	-1.0303692838999385	0.5824555291192293	-0.28219674313063686
0.23617321556248944	-0.0708354107350347	0.8770230772769059	0.41235309961320676	0.24001582248314915	0.13937669597635963	0.9372221005703714	1.9208062748524963	0.38642524659199484	-1.0287045618617194	0.5459176519261373	-0.29401755910943167
0.2154347384161295	-0.09742556143425525	0.8852232568574059	0.40059445700304114	0.13169599694331288	0.1383066753079167	0.9730125919482512	1.9554932786602333	0.4176292822234352	-0.9705597000646582	0.7774945077381162	-0.3627448892375231
0.25443252378677483	-0.0758981896538539	0.8857758789548853	0.38066343127290325	0.13161122892941476	0.2661845399477154	0.9022486274103585	2.005580067864756	0.3402986588044334	-0.9950255566747691	0.6278357288473787	-0.268587963863662
0.2371326862424519	-0.09092328848855048	0.8696903649736605	0.42324899739733324	0.09350680591692177	0.21667907350923263	0.9689754473722463	2.0009127661836077	0.4487621690142273	-1.0351597270371755	0.8471806450248666	-0.3829967492364948
0.16440921154344518	-0.13611769850278668	0.844382159457398	0.4913861537569292	0.15876755870139408	0.1646769662073501	1.1290137075304072	2.064292639205864	0.708267186661231	-1.0229870400181345	0.6130040964458893	-0.32901337414671256
0.15556604591510595	-0.12625763829979567	0.8757025859645544	0.43932128910888124	0.23026341963018773	0.07913981059254761	1.1384575789192108	1.9775159161464433	0.552690527942454	-0.9364931531396707	0.7664882441950107	-0.29805958925147813
0.22771036531222547	-0.11427692175378742	0.857810032199492	0.4463750926538777	0.2662137590847489	0.11676145179473923	0.992829700794	1.9948639669651487	0.5197951816913173	-0.9946706911945706	0.6597226668700855	-0.28248993450465676
0.18514925154187648	-0.11142279336292442	0.8762035558993126	0.43078073819761986	0.2421105816508536	0.13297967625223092	1.0730219083998256	2.006747541226113	0.4891815941620547	-0.9371227705886025	0.4043807099797716	-0.35157526375048787
0.16586137609720222	-0.10069166995068468	0.8856785699937487	0.4218111688605615	0.30410895376024055	0.05372569704641597	1.0747080790965189	1.9430293961052343	0.48247685341939733	-0.9718213411549274	0.5315907150026671	-0.37577378752137597
0.21707397147338525	-0.11641907808272077	0.8752010574155537	0.41635153208056985	0.2894732711624864	-0.0035698923253639826	1.0432178765081561	2.049830430994206	0.47974671035144134	-0.9791987667664598	0.41014357931422474	-0.23838844226564937
0.18921293893219854	-0.12475391764750735	0.8794471627449995	0.41857808317207595	0.23903120112870058	0.21470153077373155	1.095452343475644	2.0597719605249396	0.4903112422877044	-0.9114475460204094	0.5709283119383667	-0.327343008836044
0.24176978272958932	-0.1397603145279531	0.8791978897981614	0.3860382069386329	0.15866121557164486	0.06199619572192735	0.940304780699509	2.019402989384995	0.45344139976790065	-0.8905066939446478	0.60783629864616	-0.3025974818679112
0.22519254274365275	-0.09205429302738431	0.8813100594111909	0.4051011046745242	0.33821958638309274	0.10560744937409366	0.9639429013899309	2.035866424734802	0.4086313899168552	-0.9622127874339423	0.4198646811553463	-0.507945639516182
0.19501519230802514	-0.09458652263946238	0.852654763698897	0.47539701139743856	0.24708106721072562	0.16986287986560822	1.0727923958206673	1.9498847300629774	0.5708646859138264	-1.076002753112313	0.4604617342476846	-0.41285287193631487
0.23706922045571355	-0.14822201497501658	0.8611206319925454	0.42461709356315996	0.1502570148888247	0.12110650704063995	0.9242108340921223	2.0366101675788757	0.5839179319165807	-0.9892565894055368	0.5656930936984055	-0.33474849106349175
0.20118863067345963	-0.15479093027601218	0.8235111448111212	0.5073384443977231	0.0848734665880721	0.18456670243946727	1.1070628832460614	2.030312413063471	0.7025990877730555	-0.960015356364509	0.48054057764527686	-0.30037616487177754
0.1979795166259451	-0.10962398141244196	0.8644435448589766	0.4489143030105952	0.17741150977809983	0.11151276630346403	1.062103743440874	2.004008489015745	0.5228116152914555	-0.9857750564662724	0.8214842359107012	-0.18481282300605295
0.21848568878988617	-0.05658362895339856	0.8831177837887514	0.41129706622405793	0.2781554302169262	0.10585490878469767	0.9580583275856743	1.9584326775955243	0.37734811815617963	-1.0497270098005222	0.4085162619265272	-0.33913516446529735
0.4761176857556774	-0.19285883153362054	-0.6712644080574168	0.5343421328002037	0.5459791044870371	-0.06931396090616644	1.9968943989764314	1.50101251148023	1.4429950129591977	0.5752081924280427	0.9012038279720122	-0.22319275200021713
0.21294640556191546	-0.10946128733371738	0.874519049159371	0.4217682866111383	0.3644869433963824	0.1710202200110524	1.008109862307827	1.9722139673822652	0.4798410603540002	-0.9920670969198555	0.5924877287365532	-0.34321190002970225
0.22828971556287744	-0.16601359664183735	0.8597547181114771	0.4256114615271964	0.33977861479759913	0.20509947937133036	1.0679211526520485	2.139763142578991	0.6195174354355065	-0.9896318991926911	0.5610291166782214	-0.3455078564046526
0.23046312556492285	-0.09836934622888957	0.8812830455441305	0.40068742569964616	0.1175484451138726	0.18718949581164765	0.8781089467403621	1.9221925175989636	0.3893698623363698	-0.8895511723896916	0.8153977601616038	-0.31979042341066183
0.23985057480492974	-0.1245635547362956	0.8645660788493212	0.42365211896119664	0.2867668020010486	0.1255999930686086	1.0101167813936207	2.078540623106929	0.5068000371555754	-0.994988066806451	0.6277828141854346	-0.4996666809555926
0.2170949288550243	-0.051542242483633115	0.8738410572049505	0.4319895784022163	0.30780704561836275	0.22738807337106173	1.0079105980385876	1.9226021245258864	0.37084234809772537	-1.0272801622460541	0.5357306588404404	-0.3853274736433747
0.21541294274463593	-0.07250353571382144	0.8548778410378786	0.4663950882133157	0.36540512254348984	0.22051676259668454	0.9507202504719294	1.950278167693718	0.5351262856036527	-1.1167848911372973	0.5119590591713359	-0.37267200898101766
0.2211477193364783	-0.132967528145164	0.8430553067742811	0.4718803581533798	0.11923192205582638	0.09214344434120318	0.9846069958911029	2.0447586752807556	0.638395732316874	-1.025810857490813	0.8475324422618793	-0.34888446851313454
0.2611844953841091	-0.09924629428272945	0.8618313416813618	0.4232960795209403	0.24287010442733603	0.040426572931155466	0.8645880846654111	1.9357024301623116	0.4818530991489923	-1.060680299760379	0.6917205813156815	-0.28527291294414947
0.21693776516014968	-0.0830156458364285	0.8753890307146502	0.4239580798830772	0.22236499608223112	0.07080045728708041	0.9891415126259564	2.0602583609712255	0.43687588681086154	-1.0047805433162693	1.019576154708215	-0.3154454026204859
0.19293965519029527	-0.09510456314204839	0.878648370155922	0.4262703990977464	0.26059026176306616	0.2101287907138226	1.1180918710693102	1.9751756435966619	0.44150770208051493	-0.9754514202406394	0.4245529987618313	-0.4231310387637184
0.19615021727045595	-0.12066075018534489	0.8531852142184759	0.46801823241027285	0.26203745679432183	0.19265444284402158	1.0787106837158031	2.003442042007092	0.5997757639952007	-1.0289606164456488	0.5226377181581916	-0.2663089186957085
0.23297041181990505	-0.08425914686621777	0.8515915172912002	0.461970855210058	0.29679830078898867	-0.07186935713749602	0.9353457196006809	1.8583623688117217	0.5301711446122098	-1.1100550898522488	0.8175995960909034	-0.22077453250202464
0.18428826813993598	-0.09256796533451946	0.8791077353501067	0.4296959339665865	0.23458582599120517	0.09934877386853065	1.0936266847139813	1.9610027265021928	0.4609115108134448	-0.9895541851016779	0.5670999085049001	-0.39972684190272895
0.23379447270134832	-0.14134611947597844	0.8656810274876412	0.41947321450996466	0.17699441583534362	0.17025329304196987	0.9486444775825497	2.0292387857390732	0.5451609571404077	-0.9700221397018	0.6900259616698857	-0.29364804148623486
0.25181542784115796	-0.09017703413332841	0.8696862471147281	0.41485289488635746	0.18053414919434052	0.03572838260592224	0.9464986384491346	1.9231215986422971	0.3908424454669072	-0.9758443586876495	0.7740771398917848	-0.2669676447646015
0.2058982396167098	-0.0779546336715822	0.8544175568268414	0.4706374704567419	0.16265018260681216	0.09565319707603559	1.015008638737249	1.9383793460347893	0.5212773844434881	-1.06933982292555	0.8443084127051974	-0.3005111860244377
0.20130608397489858	-0.13125445690894372	0.8770569661017118	0.41595577446249027	0.3670044673572921	0.2096259714835198	1.0427734789978025	2.032747194116471	0.5244924889138779	-0.9691398277229255	0.45421387741064806	-0.3704502534842104
0.24101469132815154	-0.1189994218846163	0.8501580575898043	0.4527497468472552	0.3115766964009933	0.29777923553096564	0.984069605804462	2.0191434415189575	0.5402375252049691	-1.0075888905240873	0.4060855956701392	-0.3623932489905181
0.2151062743133099	-0.12210646553029295	0.8726950294877027	0.42097825042893133	0.18459565522759594	0.16579799569886614	0.9653785891111418	2.013220742730674	0.5129372742312504	-0.9726619644169303	0.5285176200997926	-0.5054814151044691
0.2145375448202054	-0.10635834291659275	0.8781540345078414	0.4141340802592267	0.16895589935865996	0.210754150075084	1.0226793122930165	1.9902677423924457	0.4575495874097277	-0.9888598051902975	0.7513214697971501	-0.35600168165225066
0.15106637626290095	-0.12915768905473093	0.8780507651332861	0.43534365180818724	0.1642388150193173	0.14499989273611102	1.1918523812663948	2.044251393475251	0.569530481387386	-0.9557844881181404	0.9440604792820757	-0.3273194855687937
0.19358177780824137	-0.12276034533487837	0.8332433409750358	0.5031515950830548	0.2532486171477333	0.14505143239129853	1.0022634859018833	2.0241249312164644	0.6489193837244991	-0.9663994548479979	0.35197113013543047	-0.24157933086271718
0.19225076284043668	-0.09579503994446015	0.883097286219046	0.41713563451456165	0.30407195733068976	0.239719985737984	1.0258557489979687	2.0478589140825934	0.4694543960537877	-0.9963683094979962	0.4572998218494922	-0.33762334122405996
0.23730233698344413	-0.08348306037123404	0.8766595152641039	0.4101051984432231	0.2558391567053659	0.04727437127171424	0.8480089949855528	1.9673848019822313	0.43793019211109124	-1.0263388116735135	0.6707293504365076	-0.2622249978648062
0.19549903491286827	-0.16771661244121422	0.9013828448816106	0.34808078403226306	0.3069417308350099	0.2356904733979417	1.0994582950876488	1.9890634245760077	0.4901068284415764	-0.9282843473559773	0.524457690489624	-0.2451317839657269
0.20853176480684327	-0.12318950916633616	0.875211471464712	0.418740645405332	0.27163423306957696	0.27580814853394825	1.1201953661476138	1.9249112446813172	0.4881714449065257	-1.0118929186434713	0.7795001191846739	-0.5229822539717724
0.2072899573883873	-0.06553976446709166	0.8618835211187682	0.4581399446276569	0.3456955305094891	0.18658871805607738	1.0260553631158966	1.933003482905485	0.4833787939998342	-1.09708529547656	0.5890328420610075	-0.4624449758949301
0.22491176365457127	-0.17834358999454494	0.8406832192825557	0.45919493387271415	0.3436384810657358	0.2736484020356336	0.9957076428158294	2.1007335095868584	0.6938304152888387	-0.942052190823097	0.4770142588206858	-0.35112674409303185
0.1650444437531603	-0.09683446945445327	0.8873596965223429	0.4194951562288415	0.2324757158823091	0.15495725745784678	1.1055925640896596	1.9904446000646756	0.4431755839449673	-0.9129650460103482	0.6183562875484978	-0.44953969338733896
0.2433178112165003	-0.10259852980170486	0.8571834610689724	0.4421611680113461	0.3558395112950734	0.16937551770263126	0.9991699688242708	1.9345702767032857	0.4915157458405127	-1.053803421826626	0.6131804570125343	-0.3598121039159543
0.18400646600474502	-0.1146313029366148	0.8720028705285026	0.43887615410904945	0.23272497339764275	0.10177773758066387	1.0735030210618448	1.9464581793263818	0.5256430000795383	-0.9860837979778515	0.6826132350546543	-0.4137325403492682
0.19117200517845126	-0.09774046809560322	0.892404361535625	0.3968809907827484	0.3990855966283043	0.0216727927089277	0.9823038339196223	1.997546012808763	0.3953529886145889	-0.8701919484607274	0.34907945435085064	-0.22988431462991685
0.17771334219874987	-0.15264181684803552	0.8621814682242698	0.4491787613016931	0.29710884290000267	0.14688602015155675	1.1206957993756173	1.9517749096706534	0.6211735732294719	-0.9724513018555703	0.761067361150725	-0.24434571854209483
0.19799578394437592	-0.10559566910433166	0.8824403265306717	0.41345652046993026	0.3706258405144082	0.18341753399965635	0.957403590996093	1.9927292377395731	0.5095663908896425	-1.0371108169388625	0.4604521166980795	-0.29254238517307957
0.2542062604194345	-0.10079927859590816	0.8507860721854021	0.4487557709639474	0.22480122377183717	0.07382572201089317	0.9223542131564891	1.9726627673631911	0.5076361820433333	-1.0418028137242707	0.5830149082118509	-0.3632421682395683
0.23060199770135048	-0.08812283223650216	0.8792701390181507	0.40735869663696345	0.22791811949563823	0.18058318128862696	0.9620999504118543	1.9479472758888676	0.3855068592944959	-0.9553452829946203	0.5424244745266474	-0.33117108697488684
0.24666191469434234	-0.09498595801964047	0.8728457643341363	0.4102143821252122	0.2851185715612883	0.184558109572342	0.9459982811951309	1.9532202619575962	0.43522970455302845	-1.042629591501478	0.7100477646221502	-0.3499593666539816
0.26823385318042575	-0.03184979912541325	0.8714685063774138	0.40936393673108534	0.27509625957119993	0.11989960897427543	0.7821922617251971	1.8995657979676595	0.30345506464608024	-1.010741665334508	0.5965949558037338	-0.47507832121336024
0.22141335942920498	-0.056195305990042556	0.8683478535533518	0.44021610270439454	0.20710155697760868	0.19043995726260424	0.9153532383417996	1.8595857434863452	0.413826714117069	-1.0393008838877942	0.6092144351244697	-0.44979893586103326
0.21529024845464362	-0.1361143055816185	0.859209230129742	0.44371443924694104	0.2669979122486166	0.16803828955759822	1.0187874887755815	2.0114902481055963	0.5800657236187917	-1.0005088809922038	0.5473727460819656	-0.4024462573740361
0.14986469462705163	-0.11989248514052443	0.8819935236742092	0.4304111865506306	0.3923750876574714	0.162916268626998	1.1181952761105245	2.038032081914428	0.5511387543199784	-0.9510302874035987	0.31982103962630265	-0.38803062515053394
0.20104851241207847	-0.14175817782589728	0.8596602850557126	0.4477368747091339	0.3578988222663137	0.1257135538609543	1.081486578839189	2.034045067146946	0.6211598767481594	-1.0342575034635366	0.6680657656037657	-0.33640223343154085
0.18903955508059453	-0.13699172222987244	0.886894790450436	0.3986413743294865	0.4443066198645121	0.20696637667524162	1.0776852788462457	1.9940500022327254	0.5216105751459854	-0.9862762088200219	0.657868581140303	-0.3205280626557334
0.19486482508621986	-0.10924775661194466	0.8524568906257124	0.47266254055522133	0.19995695540589767	0.09362261342733656	1.0904839954311831	1.9697839575694502	0.552219383140513	-0.9902322963858564	0.7979495091588847	-0.4701670072765371
0.20557667659887918	-0.11688401915884016	0.8533953453357451	0.46453497248659353	0.13400743649069882	0.19424253809059575	1.0646268272845187	1.94314823812882	0.5639182865588884	-1.0181896692179826	0.6966599064886837	-0.25900198596911794
0.2567109070109104	-0.0746253966032109	0.8555388478519704	0.44337776243241195	0.3223938871684021	0.1559444305796772	0.8559514094146274	1.8438089440008125	0.45953137041516395	-1.071961808708813	0.6686768364249632	-0.3522062827286408
0.22232900505722786	-0.12720145270240454	0.8697022844580727	0.4219093982706129	0.37399715294291175	0.2765697300016788	0.9178405270846123	2.05196588131166	0.5297486843011825	-0.9570139294591562	0.37852199821139204	-0.4715461141801162
0.2535341960652009	-0.10915907872494221	0.840716287106926	0.4658334804955941	0.18630555201278967	0.11159728529296553	0.9084429635899417	1.9900004231085355	0.5683798302321642	-1.0538978941853565	0.6136812963748697	-0.28849008725447034
0.19272226505597115	-0.08875743282294461	0.8641063668982096	0.45639942304559616	0.23333027183402488	0.33280282000093725	1.0449636779354519	1.9830583595721565	0.5280637946171924	-1.0553910905979764	0.3488065163798589	-0.358682542409253
0.204440989764395	-0.14940330459064	0.8607391247177146	0.44160015111153844	0.052855604806856214	0.15561059996762866	1.0420389907599903	1.9741326659747007	0.5857547983091804	-0.9562397340219688	0.7246326721389679	-0.22875221650606106
0.26860051045731526	-0.08496253011550504	0.8658892102034674	0.41336546773001864	0.4451525944558757	0.05145467512918947	0.8346415584131167	1.9861227305418052	0.41429620105681414	-1.0019553615102563	0.4746422615160557	-0.16713495695522507
0.2068515473611284	-0.12772884081961125	0.8606024555936431	0.4475055239920246	0.2053649646687369	0.1665394483118667	1.046682143714918	2.0317049258765754	0.6114727906230933	-1.0798425163138956	0.5117588929356592	-0.38185642880565024
0.23072510763656714	-0.13905865772547427	0.8762790344546127	0.39945421288675304	0.255740746635676	0.16799191357263768	0.9735198071636727	2.0489985958720185	0.5163467826489507	-0.9817103321560617	0.6772080988514023	-0.30116391818528226
0.2553555294966363	-0.1001119886101162	0.8529752839860685	0.44407691698725593	0.12461701395953266	0.1686260336390796	0.9227873666879891	2.104713689395485	0.5291462368279273	-1.0725179065662425	0.6461633527552436	-0.3449939490474043
0.23472421905144863	-0.17075167244754594	0.8586450254193098	0.42246553429803746	0.29286290004098586	0.19010660362710552	1.0678472831023256	2.0431681009514815	0.5926389425694985	-0.9720123793124071	0.7034438223394224	-0.4383314987651637
0.199421338119573	-0.12948867166169203	0.8559983110262113	0.45905414205098166	0.2292850377675121	0.07692264620041599	1.0153769136545334	2.016487242416131	0.6074872861063948	-1.0050746022878205	0.7424039716222182	-0.4186151488862669
0.23007507568442886	-0.13547539586958335	0.8571312721118394	0.4404972860651061	0.2599045798317166	0.22171556888819796	0.9995675760273567	2.087986535069373	0.5638774082884147	-0.9771268908909259	0.6742871481852716	-0.4997373870393617
0.23240175406433938	-0.11876370116585441	0.8765786435299329	0.40434451857349174	0.2530487150883797	0.14397719809380538	0.925196592403748	1.9915646174029076	0.43328578851356137	-0.8861274931470217	0.6549668580542479	-0.35524528046680565
0.2766939241141478	-0.10251486900831189	0.8409479516946144	0.45358319692329335	0.33772827729514304	0.04510517639615874	0.938870727539066	2.041154753754689	0.5088909122795228	-1.054893318788923	0.6453158576445011	-0.2713731389664599
0.2226710589746107	-0.06748911424700683	0.8440480932191405	0.4831621211212784	0.20599092684573736	0.12460955946250885	0.9831203037094932	1.9446416104325122	0.5179974008977363	-1.0863538238729702	0.5763519795828365	-0.48285951892718465
0.23996316085940847	-0.05973466808326603	0.8929141161261158	0.3762364045145832	0.38979532727704186	0.15092455486750006	0.8963795464059385	1.823676399732161	0.2514160777967403	-0.8788472507555032	0.6101902513322938	-0.5778935590913302
0.22261106811923276	-0.11973271136586999	0.853398339145933	0.45587242176156556	0.2948040989481616	0.17012772449604993	0.9632669466124557	1.9740248018407556	0.571246364353494	-1.0212928407137085	0.5225486782868632	-0.3262372991216194
