0.2216556276943156	-0.07351029116352496	0.8425792601715859	0.485309396296008	0.15121336812531638	0.2706002729516955	1.1400085482620113	2.910496845669995	0.1810015370673523	-0.3940702208486823	1.3859301086268954	-5.367247136071715
0.20171112263780824	-0.12221760307154138	0.8576058264162091	0.457042368933793	0.18639678491026213	0.22799763283802058	1.4147179484951053	1.7669209840972462	0.38987774839591033	-0.8834562267606447	-1.432089415612755	-1.306767283407108
0.22554593356094743	-0.09423812173746092	0.8789287122594849	0.40955161705382126	0.08228566265447217	0.3048397385915915	0.26794868320800197	2.758313637287153	0.28155226187222426	-0.11710564559828417	0.6126851580169287	-0.07752141164257605
0.2058650934522074	-0.11568600916179639	0.8695654952191942	0.4336959304701026	0.1495102368233369	0.18288592163705905	1.2934616509358396	1.198082479391911	0.6047577025616508	-1.5069397892815362	1.936851256053029	-3.227595827874579
0.2103884909173225	-0.11739050961707828	0.86065813965308	0.44857966716100023	0.166198027667485	0.2995266571234622	0.49293747643822977	1.5668219859039962	0.44241183314249344	-0.6699895417796065	2.081764993077863	-2.693727417266713
0.2120770820320368	-0.1242646350971817	0.8666390571634974	0.43418700618478345	0.1671733657832766	0.23378620146153825	0.9917391255426271	2.0673090577360504	0.6728168638705319	-1.235691301433232	1.6216788402422206	-3.561214645815495
0.19043628084329195	-0.13506454374479107	0.8826299537047083	0.40799014299957137	0.1558185618941916	0.27234386224890145	0.4617056120411013	0.9362517248124085	0.5713790008790228	-1.1416631422237704	3.3835653286566525	-5.735939267712177
0.1903761002563275	-0.07451717815327848	0.8805911401753831	0.4275083326157329	0.11881078680631298	0.22520403226823896	0.47667938119871606	2.3693068154260937	0.5585656603542981	-0.9498347618864427	-0.09888461053561574	-1.9058393610929476
0.23694592103438608	-0.09552219801193693	0.8534000973694248	0.4543571436678322	0.14326814938823718	0.19104318098058273	1.2233759948761342	2.1112369843764185	0.49394708719992303	-1.1218893639536756	-0.19582861460646375	-1.2099894802576674
0.19498395628455822	-0.1094506383732308	0.8516878138473276	0.4739511391433443	0.0928918039319787	0.18961707863615687	0.44986129377824	1.327860871288872	0.5016590926191505	-0.7799062396269761	1.9840967444078734	0.16546169458324114
0.19534181205958284	-0.09851291838670023	0.8658733568146622	0.4498889988994206	0.09073361216900379	0.2804235415903686	1.0155547688110864	1.7425552523882761	0.5134549160606116	-1.0475984927789377	0.5594874273440399	-3.4338533850591078
0.2212174747580611	-0.1039815569503181	0.8632381946045153	0.44166784357907624	0.11321588902720621	0.2535753756869213	0.7193251242890176	2.2098877570118947	0.44688740951921035	-0.7134546991174281	0.9362308016924853	-0.2516759189637065
0.2103088011226918	-0.12093871541720301	0.8600336273634462	0.4488721366799746	0.17947781464559173	0.28247622200516725	0.8368284662091717	1.8316124700772187	0.33499538786633376	-0.5404363758719639	1.3688725703170566	-1.6911647477855574
0.26862530190231754	-0.10815127641087457	0.8488422869160955	0.44227878146214544	0.09664758059226548	0.3128695407641703	1.3017721306527767	1.6800200594951107	0.4347457860469356	-1.2142188310599193	0.46453407899765214	-1.5976856480703623
0.26601033836439286	-0.10274873333836508	0.8836555764650152	0.37126004345055014	0.17658491552170452	0.31384500177272034	1.9073849114724288	2.454902531098301	0.41161545651698506	-1.6669509272017276	3.1939083381553335	-3.7531326346514295
0.23496240236462226	-0.11945483544163507	0.8605564542401294	0.4358506634505829	0.07165949810002857	0.27149565456406416	1.143744295412799	2.230613304255116	0.21105862946511872	-0.4219500929529768	2.7253818900292455	-0.01885848951357418
0.22007934675526608	-0.07837139652646752	0.8684592727602887	0.4372659338376785	0.1024065634097025	0.3328873276449541	1.4598014321810515	1.7895518133512271	0.42055427237593335	-1.2492551696575027	3.902335457388022	-3.881374795926797
0.24212821357820746	-0.09033602648435152	0.8780685446382458	0.40275173671297476	0.08371200794224858	0.27552498689304944	0.841390127758615	1.9170592209006985	0.555722426851658	-1.2874113537173062	1.5467497720095214	-4.413678689499339
0.22502230615302504	-0.16954946320685604	0.8272024267530839	0.4861626131590645	0.14109667108211443	0.2726352602553228	1.4239559088597276	2.951377550888665	1.1790941445573686	-1.6360100082107287	2.070592003312163	-4.996445920250063
0.17762102032319	-0.10623731187706019	0.8685232534355463	0.4503684768566947	0.10328726908057079	0.2008864775917758	1.4295600787430134	2.32080438831968	0.5333849105317601	-1.0449690025047809	1.915374400168277	-1.271228109617625
0.24123527255089894	-0.11872692049290239	0.8640669599744883	0.42555581338763493	0.04265366428120035	0.2867907480678631	0.9393806341691305	0.9115561058659272	0.4562451984047151	-1.204570304221055	1.0349837420861498	-1.9740366428477
0.4027840661320629	-0.39410860162114825	0.18894142141555317	-0.804204293368181	-0.17522841224465294	-0.005491318789936961	0.026452218215007258	2.8304473070380496	-1.1816626536190074	-1.6514636025807308	5.838249909985998	-3.092508612673137
0.2224935048158124	-0.08498892689120004	0.8729071564816774	0.42580114934524427	0.10860781050214485	0.19600656519844117	1.4238870421612635	1.4488865814236422	0.5542382680737097	-1.591035755467819	1.3609826982210604	-2.6481620146424083
0.21069326823089302	-0.12101318883700335	0.8625290333170231	0.44385563141058176	0.1347783989123272	0.2697821392806998	1.1541118686531755	1.82868979328388	0.3317745328102335	-0.6939940906387062	2.5237799678504262	-4.15974637642161
0.1990527929640774	-0.10453940991343981	0.8578675766418866	0.4620743645071937	0.09191075376490916	0.35838049307342706	1.2992990974227476	2.1684852130406758	0.3698381819522176	-0.7557422817295532	1.5303933629671942	-2.6278796640596362
0.1999287102796878	-0.1299842637987977	0.8569123183158652	0.4569834577849778	0.1918725117589245	0.2979573074949963	1.132290636095727	2.910886005324874	0.6096469307536734	-0.8105807564977194	0.23153835234822742	-3.623415171989008
0.2240987838543397	-0.10997077327534394	0.8544913513188521	0.45555536943549557	0.18932241877558317	0.31316177864972655	0.5665706877260648	2.0633040987549074	0.42019842260379947	-0.5688014897476151	1.3728092564745644	-2.8589862626299993
0.20676705849768368	-0.08381674239843093	0.8528148745492526	0.47215349936379053	0.21162499075668764	0.2118810444889554	1.4049567597792727	1.9261866336747282	0.16236554680196408	-0.5665950616430718	1.4088472576377826	-1.5874702642966885
0.1904505135264713	-0.12083149098647325	0.8634383396844013	0.4512234327320929	0.23766931203841268	0.32947430548802065	0.4874533991575618	1.428266303526786	0.5886468790205364	-0.9496769360939269	2.5002760854444674	0.3242610886186739
0.22491228410339761	-0.10490301391956072	0.8673027025104285	0.4315041649255454	0.18802398516064234	0.27184300955317797	0.9020139626305065	2.5202130532932294	0.5789906321994603	-1.021209646329491	0.3369129811337639	-0.9516862548990735
0.346087078145141	-0.008838494647057875	0.910031887218261	0.22800784986333938	0.10248931734142885	0.27117036550865214	2.0558399764295388	4.441374321610805	0.41672796285987307	-4.6115970241268105	3.068598063226672	-0.6843833222054362
0.2757716496069257	-0.09902465049420307	0.8708039256174147	0.3947716289158529	0.13529959433036376	0.25069238558755086	1.412575365475839	2.303224597764741	-0.0032968948993469037	-0.401754501312403	-1.0094548332743416	-1.4905362270705262
0.1974317775919678	-0.1334944495169183	0.8489244160959943	0.47172795221517844	0.10288041251620982	0.26887170787182474	0.3619391279944365	1.9811016889523856	0.6455230960443047	-0.752536545131956	0.8810186288088646	-0.7417515743765076
0.24481144827621937	-0.14738823226631703	0.8709801116827692	0.39967200156551014	0.08193151372100643	0.2528191766416228	1.0670544475488941	1.3525664058036384	0.2701141354658014	-0.7434566640420902	1.4221360851967344	-0.8970740996923067
0.17851554370228745	-0.09623318934962323	0.88291888672555	0.4234685506476153	0.1490803892180501	0.2947213966561647	1.3838414633156364	2.3923262839467645	0.5928161855695693	-1.2757136952017565	2.0601695779508526	-4.611119147652539
0.21512176136487549	-0.11389168888268918	0.8701737057928647	0.4284262278822753	0.1653523374358781	0.1784434473812362	0.7633865218885331	1.7590870030868997	0.5447745223009796	-1.0221692788851096	2.326039603595421	-2.666002339823319
0.24162068720555335	-0.11616557803017499	0.8476200099707921	0.4578922588255297	0.11950651456157818	0.24218896915048396	1.3297587823968935	1.6040146427658308	0.4538379478421905	-1.1348697396251937	-0.37054034036780986	-3.293695871082521
0.24057639898120065	-0.10415684963816957	0.8535820640084748	0.45019107824314086	0.11456081187577165	0.2725165355798373	0.9134651880484538	2.2343870926237863	0.6190256106788071	-1.1448929764317803	1.1033574508695494	-2.3197231606894815
0.24107012488723834	-0.11278754396401827	0.8625159456685733	0.4303840241933509	0.09052842512791874	0.28562047820308056	0.9242670796468763	1.4006422347966514	0.3830949899113685	-0.9183977517050468	0.252945070547214	-1.2160464454441284
0.19514479828162776	-0.09440512299713918	0.8748089135570377	0.43326152058159195	0.10974139186890368	0.3158149542003273	0.75014907518841	2.321012885996715	0.29656934318763517	-0.43094915891905067	0.947962156676355	-0.5059505981959704
0.22444871056463692	-0.11565845006913086	0.8552937896645117	0.452458210904384	0.19092512118550517	0.3063014165381054	1.5167018723458727	1.7488762745671451	0.6158068778129311	-1.4694069915917192	3.1543330020890803	-2.539205464507556
0.2051463486901703	-0.09987938620675382	0.8738593081009101	0.4293122330838613	0.12417286282756147	0.2576077513023847	1.3115474721215978	2.210158524424166	0.40677293248247864	-0.9405094484109496	1.1555642457508501	-2.4290818429570433
0.20460663503364113	-0.08383100996189118	0.8705775768649331	0.4395488247384601	0.07984815493809833	0.29159647519516135	1.6809786769917165	2.5014956613753134	0.4474427036087167	-1.1916083906251376	1.8793092755376648	-2.634621490022688
0.1890471384385777	-0.11181235095275903	0.8664760777664245	0.4483061278647831	0.14088905826174855	0.23104009800031708	1.159129213357363	2.0232844479531935	0.5092275033404464	-0.9683903317291448	1.7553965603996309	-3.17823083544549
0.20011218617499488	-0.11481667421262301	0.8498218451725674	0.4738935278461916	0.0807755985420738	0.23112411367822502	1.0677274638981116	2.329308216650994	0.7734564105602352	-1.27353925071216	0.44477977352660886	-2.036700885470554
0.20945831892767983	-0.1667956127846892	0.866547512433682	0.42119098385740456	0.06150633170693981	0.29242568043863115	0.6458294906197677	1.777193829670333	0.6345943000756508	-0.9229835219570274	0.8586567319471344	-1.602682796549539
0.17257243846880554	-0.08187097368195546	0.8779855942580808	0.43892732134669393	0.0802406375738352	0.27271603264483263	0.7040736681743022	1.8714807808410652	0.49557102115659674	-0.9190313610316962	1.6629744820603973	-5.273472140315197
0.23237743898092028	-0.11753641354758436	0.8679320143837559	0.4229420004572679	0.10420154729570609	0.29812704919541994	2.220719001267879	2.4454682612475604	0.5456072536594112	-1.6601884592006988	2.4862119211843927	-4.301082487656735
0.2090151072172573	-0.11812249485564445	0.8780227463372479	0.41404808667404003	0.07599145703022861	0.3260412599769	0.7312740546561523	1.6803456763281375	0.4603923507934345	-0.8660724906331886	0.25072996572069045	-3.3179777086006097
0.20632678846371688	-0.12119862144500634	0.8740221446123257	0.4228775724123348	0.2529445903484662	0.18759168062562429	0.701309411617599	1.759791656105171	0.4167770840418863	-0.6992260076618872	-0.2779901541371618	-1.5211477420852682
0.21351814316836298	-0.1279752979867394	0.8567666064159314	0.45164511264229135	0.13941579502820436	0.2856913823095884	0.8428734081795949	2.493114151199111	0.3231983401116571	-0.3051450792332895	3.675473570475464	-4.373337306258793
0.22481448617584873	-0.11789796710799166	0.8792491386967473	0.40308742011916004	0.13566552108293017	0.18411381017554726	1.389758328123958	2.0312844738756715	0.4063862222911026	-1.067431551593219	1.2440565631362146	-2.926834904904626
0.20885375851570792	-0.0833230171760392	0.8652019960298244	0.448177295753089	0.11918050544251718	0.26255345408045194	0.9752305358571353	1.0314071345552214	0.75754263483645	-1.7251387241382266	0.6628105874176063	-3.6432579824465865
0.21197826922440582	-0.12012614632119209	0.8522489320689015	0.46293269503682877	0.14010726025644518	0.2813103234684258	1.3604767841636962	1.772195546031499	0.5091633904057816	-1.1004589948783825	2.2267767001586027	-2.919674241929524
0.22802027917159	-0.1310427830308427	0.8698895421697604	0.417284945481773	0.11218820304712568	0.2392714030711474	1.0633404920823708	1.1891510933943075	0.17194014873775412	-0.5660459764008452	1.0950104048516314	-1.9994292643693266
0.22338689495234923	-0.08703453881295795	0.8676975541677295	0.4354586532708977	0.12347110025009402	0.33191690499964915	0.8075299907212222	1.5117461520718387	0.3681514055760853	-0.8456866328775497	4.349288336497671	-5.2960905285325035
0.22411601003849238	-0.09611052307625999	0.8539591848129064	0.4596612797181312	0.1500701253342158	0.25833340398187526	0.6471921394054695	1.7969510790866459	0.7053079746380551	-1.2501475766562196	2.6176631601932163	-3.1473104191450587
0.23766200658690934	-0.06804285946296632	0.8772127885544961	0.41156368097492746	-0.030489516686675044	0.18900860163665822	0.6565429930427624	1.5874348547066173	0.3799317822316097	-0.9264732389902011	2.1865889939668324	-5.496400127439526
0.2284184059076417	-0.11085410590945237	0.866333177736005	0.43012001139154565	0.20930323689867103	0.34171675818063224	0.7333556591185234	2.0584317889321557	0.4066441771484379	-0.6779867236005409	0.9706260277452624	-3.755135575830272
0.24898146396579035	-0.12589027002066075	0.8604548581839441	0.42635350068133093	0.17712071738883273	0.33797884855732385	0.6145990152675088	1.4512394942184987	0.5052374538167274	-0.9500586996640307	3.5583769722018523	-1.9723260689979802
0.2787873563086773	-0.09157293227376773	0.8707073868350419	0.39466524365352385	0.13348673818637322	0.19500557056617684	1.0893877457002192	1.1858996473814236	0.11950717700861839	-0.7580272348216577	0.5071952020074376	-4.608783809258195
0.21874456211327434	-0.08539908854709757	0.8734459849143471	0.4265558857385546	0.10260063991723256	0.2436850844824395	1.0433789872511916	1.7769637199863952	0.5898649055168886	-1.3871512520744507	1.6651779612068298	-2.0958132461423307
0.2167570236037367	-0.13005465926402804	0.8667410638091427	0.42995593568313745	0.13090630795404012	0.28962892960571773	1.118898530517392	2.3796542182680565	0.8933668173014357	-1.6451958062684386	1.170168259192412	-2.226489265263069
0.17372608457000235	-0.10990470675127774	0.8768093762300854	0.43467864075532914	0.16150678981046515	0.2851086832554517	0.9954333205654966	1.752029863345858	0.10764080596829773	-0.17198193288245203	1.1150081624912271	-1.7912748356103634
0.21787080573950163	-0.11279380563186724	0.8753681139417063	0.41658196613828696	0.17169004165462035	0.24079363856312822	1.6432226350582992	1.5756053883242578	-0.022906680348631334	-0.38465403459094927	2.054998067260593	-2.6513375940039023
0.21397622306203257	-0.08479519652124613	0.8648776902118392	0.44610596452509377	0.16702370532887315	0.3236392216473378	0.8015587603244352	2.3580062174970484	0.6937531370156339	-1.2812617890310054	2.9884021867633614	-2.526737042136167
0.2194742904567095	-0.09014038652370415	0.8831478066151369	0.4046673920848502	0.16168469785773065	0.1656986462940819	1.339312772659241	2.057299641169444	0.4658248624488439	-1.2847369255252168	0.47767885307871927	-0.5939189412543756
0.2419074453290648	-0.1242185322721447	0.8563383768002437	0.43901609145183196	0.1474785259097705	0.28288010345591147	2.06300415613681	1.5820163726213283	0.14756191295169108	-0.976964741481289	1.9905511761881174	-2.796918342907933
0.1948147700978876	-0.12650867300745847	0.8777461826880287	0.41905178651593034	0.08064321969969486	0.25139113083915404	0.234892192317638	2.0455861586879927	1.061834121891668	-1.7157710532683308	0.9078596855167739	-0.09155935512075249
0.24738751470302894	-0.1465451306321819	0.8542845943231078	0.4330378437957341	0.16564551851324885	0.2892571597812354	0.7880271548726439	2.0675031391957748	0.28425004613071	-0.3112799470598537	0.21283942146973853	-2.7316417812043174
0.7267505534687515	0.3015174004393178	0.38467841343476755	0.482642112234821	0.07440125690184378	0.4107273786584889	1.0439483420908668	2.5481163186703704	-1.8343519836096067	-1.7017906483351763	-15.917470215021979	-2.4297914760373263
0.2343887821724844	-0.1071785963902825	0.8501351283263805	0.4591785174123427	0.11188000052409797	0.2701405104463732	1.8326904133318545	2.5972422225638003	-0.36746199061782203	0.35105964729642997	0.49811663659498745	-2.0644838979644256
0.2335522023994631	-0.09153536695965137	0.8522734309333032	0.45902575556835407	0.1259431661334441	0.2495225340826904	0.314629743917963	2.254304859609027	0.5820433230600842	-0.7912277308181168	2.868194478524471	-2.8130735732255068
0.23354202653086	-0.0919555152687297	0.8583368802356577	0.44750430733439844	-0.006711183489259567	0.3053860439985013	1.2623958398405	1.8368390446687923	0.46341699041234163	-1.17022984386526	1.0735123097169614	-2.2460002021912766
0.18895597870055922	-0.08979733957677954	0.8743080123367819	0.43796983398625966	0.07582267565722835	0.29649628811309375	1.1383129681946558	2.1366060660723276	0.9091650768827905	-1.8679821035275517	1.6939522238103821	-2.5547525014692245
0.2109914001857162	-0.0948612872142137	0.8369884633870589	0.4959176114968125	0.09345716902171712	0.17705737287384563	2.299722643554885	1.417799036904484	0.5096516739805022	-1.5673975120022308	1.8809373038853543	-4.92685759850774
0.22401247837283952	-0.10979356803200224	0.8632476838644766	0.43882481499418036	0.17552127826765385	0.25848520747369635	2.2581203169961985	1.7292359003042805	-0.13888008137133584	-0.44687591478806027	-0.32182968384934013	-1.19605124260999
0.22571483331487702	-0.08567475042064343	0.8614205957743144	0.4468413682033288	0.042909697773785026	0.32961957425284544	1.1530229446300733	3.0307519582965456	0.60912215559864	-1.1755980347763018	1.0922443960983914	-1.416046498466426
0.2293790811258944	-0.1047224323568817	0.8658394900807006	0.4321347321378957	0.15767588407527214	0.2161808690820789	1.1116935841598266	2.283796730471813	0.5757912708098303	-1.1903170151831102	0.13718487215444378	-2.6026330570262837
0.23280729817048665	-0.10365293376907923	0.8516178947508382	0.4580434396209286	0.14988079431695592	0.27201484538069004	0.8960473119204556	2.2291274910324024	0.3043558941652912	-0.5168629324115972	2.409496709408863	-2.6937639211942486
0.23517181856896177	-0.12457131040932566	0.8539149114886452	0.44721977629707976	0.10703668173103646	0.2694915344501454	0.9154662120361273	2.007018717620701	0.390910231571816	-0.6687516829463732	1.9443190794639467	-2.6845098557000013
0.19919902414382967	-0.09941625502829637	0.8518104869555474	0.4741888350950999	0.12237716887841903	0.1854560717729107	0.7219774106227864	2.07474891821554	0.26065315500250913	-0.33653369112778264	0.3000950856526909	-2.7551042763160307
0.23074562956682126	-0.12436333824980772	0.862328195884682	0.43322084104697073	0.13951379891469895	0.2994472086866867	0.9850889231665297	2.2257733006075546	0.4542592944587531	-0.7899457536067048	0.7323758702485391	-1.1635890335503636
0.21954978190405505	-0.12247201259110256	0.8687266502712827	0.42674641944157304	0.09075509796503167	0.1952802332730206	0.7932408808519101	1.8001970751359284	0.5564518966052977	-1.024230493328765	0.4763303836607138	-0.7701519137238004
0.22496241288236357	-0.08577408416708071	0.8659204452184693	0.4384250241809783	0.08385162455059296	0.22630574536769033	0.717054140134142	1.536335654427951	0.4413840051447253	-0.9391249525878896	0.5210489407891482	-1.1090970658796862
0.2300743927492897	-0.09589831081710432	0.8749023831482071	0.41522898230381194	0.1891153020474964	0.24130015863030926	1.4269180008876254	2.400611471040782	0.3427690768630405	-0.9584402985677803	0.37082267999382873	-2.099982237625587
0.22471931047068486	-0.13023889913031708	0.8650774370809088	0.4291620772021095	0.07936052421175839	0.2658695501142722	0.8192129563531896	2.117136695410824	0.4109371859937851	-0.61480713194079	1.9655764948286025	-2.6031614525089797
0.21853199759547154	-0.13340305403603248	0.8642722878039916	0.4329905353871452	0.025424808369723332	0.32197796901486736	0.9536616579757233	1.5332888140384617	0.37730957606785426	-0.7620452647056674	1.1270677958419977	-1.262258340200835
0.2515403285013203	-0.15796382789144162	0.8538885549904817	0.4273748095894258	0.175812506618799	0.20160564636556544	1.8621072077526366	2.119178142605889	0.5216279741947321	-1.3549084117449857	0.8568990935212911	-1.6028673259433688
0.22255880972977857	-0.12151553240043138	0.8664516602210648	0.43007333339474163	0.19638823498377878	0.21843419965490055	1.5003287692906997	2.147005362705958	0.6639651560292952	-1.5074419797991903	2.0146407467192535	-1.979973905388823
0.2205950145554059	-0.10020207896011635	0.8869498496378574	0.3932141237961237	0.035628934891409406	0.27707089071203406	1.0176009592200697	2.035077215397783	0.7494602829239279	-1.7427970521927687	1.5950356875801155	-2.0473981640583436
0.22149918237177607	-0.1282425094372686	0.8560995862533463	0.4489827050106901	0.25723444044669547	0.3025076547445857	1.7061803848223316	2.6695768737060446	0.46465686191990685	-0.9651972452396348	-0.08278049547450528	-1.1846042796684366
0.23047839022319783	-0.07576689631503665	0.872603665729115	0.42391264621266095	0.09740452693823044	0.2839513000695871	0.3423081241141212	1.8835770043521334	0.9814469331546378	-1.8697154720119604	0.03563313403119935	1.694251954162857
0.23250412317654323	-0.13613541391695674	0.8466244627744997	0.45895097866259693	0.10750681220962276	0.31986403045068384	0.7551437738868271	2.2512478752955762	0.9908767614570448	-1.5426483839171652	1.247574306847202	-2.3853677166641023
0.216456815953293	-0.1377254914687203	0.8700849648565404	0.42086849461281184	0.1532521863361615	0.20548226001055467	1.3018271163161732	1.4026977512067451	0.2552567573770839	-0.7382286536085475	0.06204702449651037	0.6629933963641012
0.21080412147981617	-0.0686793873566536	0.8826226844982465	0.4145141263317168	0.09026163306043171	0.1888599009620986	0.5618744736323967	2.6817246896247657	0.6489566825933967	-1.223239699583269	2.188476586254049	-3.704806014794333
0.23975400049929058	-0.14493354316358906	0.8733463529038521	0.39847011830270873	0.09409367399522506	0.2519821962178099	0.3033878482726416	1.5998342418199951	0.7013248038782026	-1.1377723046937611	0.31236693775772667	-3.43814880899408
0.2174981372927152	-0.10608239163044737	0.8694037894295082	0.43078781016386103	0.15236126083310794	0.21334997488093732	1.3232138586327085	2.9544138061094745	0.4040131747677471	-0.755907768311911	0.7955568119413367	-1.654400807148992
0.25137727948957234	-0.08262838469388488	0.8621643690776091	0.4320354315242082	0.14385418167879724	0.31408581839683497	0.8419647869948161	2.06700607901091	0.7071612093773052	-1.5057715052293204	1.3951227289496142	-2.8547859925098726
0.2148720565220424	-0.10803575627675782	0.864285561605054	0.4417790654758707	0.17189890795900511	0.313948608963545	1.6358340734461772	2.2676351865418534	0.25027811157085866	-0.730729752939092	-0.09144792099253636	-0.7930367513492079
0.22115451854635418	-0.12580534652042358	0.850928757775306	0.4595475415061871	0.1283158966262948	0.2392765290201284	1.0687993116061363	2.0246000423709933	0.07829698013244508	-0.10508039966566071	3.7441675223656072	-2.876856187156232
0.203616862797206	-0.1539017038779946	0.8579281768322614	0.44588527910814224	0.11862231608359576	0.35769152084607664	0.2068072965275728	1.8917935836128212	0.7869222502637806	-0.9555865341615178	1.697401176717898	-2.133879571092955
0.22316705707295148	-0.10970595710118175	0.8696639244203562	0.42643373011019725	0.1721504713608869	0.22515447787323425	0.8682702241673176	2.2204094490590673	0.5949173401203324	-1.096431362265607	1.5961394425920201	-1.2992890144438005
0.25696944645164566	-0.13363346443771326	0.8473762297917994	0.4450419373009073	0.09669629089650626	0.21896171391596542	1.15952761243645	1.841655809992166	0.4428074412151057	-0.9596417478605911	1.4099402339561884	-3.1470867757791843
0.22512246439064762	-0.11022001031177324	0.8696589219123932	0.42528200631078655	0.11098652644737972	0.26361307284455143	0.9588990802011447	1.9176209134457811	0.2819998446064183	-0.5872649308376975	0.5586596887001335	-1.2039179789829064
0.19901399455863447	-0.07667643192556654	0.8639911568085098	0.4561068248926698	0.17099826608630345	0.3232270108597486	0.8167481393187787	2.3822146637230834	0.827522992728616	-1.523452619232046	-0.102765260908296	-3.749792519499484
0.3148868262963157	-0.10361319660394462	0.8626817927530505	0.3819564328126037	0.18173737367548304	0.22027157735322675	2.171687448185953	1.7153293537708383	0.2453212370179661	-1.8791126777467788	1.0024978521630572	-3.162446490635698
0.22668257405170023	-0.09112502247173843	0.8594213810112108	0.4491170568589039	0.11181061343059041	0.27723520752570524	1.22088863676302	1.6170217310992674	0.42807970029448233	-1.1072923569553634	2.449270202851499	-2.4709142399046056
0.20544968758186746	-0.11660125246572058	0.8509121814414823	0.46919402518620823	0.10494113364119419	0.3264915704360705	1.0006469412298002	2.253123525041183	0.6233037318761159	-1.008628177818631	1.5690941140955694	-1.5744053291852735
0.20880662651003265	-0.09549566106165779	0.876565204977503	0.4229820479247845	0.23130862200529714	0.3178846156579384	1.1232254105202315	1.4144679610931898	0.6314003448241444	-1.5436232617269214	2.214327127339853	-2.636380053151868
0.20223283008347925	-0.10882423710622724	0.8769195547752084	0.42222181647508994	0.18159679569133336	0.2782692311664214	1.10130053313948	1.3829782513844049	0.2796577646722022	-0.7518676689515312	1.3729698975682123	-1.9790246910703913
0.17758519088321506	-0.12321940922070283	0.8791385795927646	0.42473030859816124	0.08167570358039662	0.30225094848374184	0.277390653129331	1.4921183340132478	0.7951067844060608	-1.3288705094083757	0.6751159932295868	-0.8167881472591915
0.20904043224521654	-0.11590736504843334	0.8584065958645032	0.45387850421734854	0.13937488699223646	0.2090075890627018	0.7078284760567499	2.2137802006514833	0.45269346995777227	-0.6168311533849224	1.4048421699985363	-0.7851664145208549
0.242604374002665	-0.0769693366213419	0.8597993667536873	0.4426780860453836	0.047008131336426486	0.2232378212821161	0.6386102988767548	2.0104514183525906	0.6200734480698371	-1.2047700453533614	1.630066679039652	-1.4101998743787425
0.21284736864953918	-0.060111258282041224	0.872533509581391	0.43562358630393005	0.14152885246003716	0.17344606373362303	0.8550702336920953	1.8879710759474508	0.23504151485739694	-0.6280484774797683	0.18955867073152374	-1.3898684906777197
0.18679768411756184	-0.1014297881776319	0.8703376572791001	0.44421952410996546	0.05231590800111346	0.21125020384791515	1.2244129580818521	1.6065143482616624	0.5713341542391949	-1.2674425451624638	1.9124200466103538	-2.64543285179106
0.21914118471445024	-0.100738269929627	0.8676088170589793	0.43483776594846446	0.06409833666789262	0.2336206295261982	0.9117849227608541	2.084818885901539	0.24074301033700157	-0.45685852165265106	0.8898599858210788	-3.69057923863087
0.22803147465801318	-0.12886751850249387	0.8712672687512298	0.41507608416177555	0.0899649697964462	0.15655166703699236	1.2865610261920697	1.4874084657049498	0.3234327820065679	-0.9239129434378908	-0.4034432672034712	-2.72250048796896
0.23672217512603286	-0.1154596222731062	0.865055167561651	0.42697920851375804	0.0987077280086636	0.2637052881615244	0.6959015551381742	2.934999452733239	0.8025589423653878	-1.2181369762663212	1.6684476012921141	-2.37129137619827
0.21213287438373718	-0.09841325502686504	0.8757056110276962	0.4224383477565928	0.09956204814015468	0.2620112582180435	1.8214125899044995	2.6156859851977092	0.3466378789449674	-1.0238560350580919	1.3053866273969181	-2.138615526600525
0.18923893548918408	-0.07894530978223059	0.8714387664475155	0.445590327196115	0.11881547580446827	0.22105378905437187	0.8599006333679621	2.2727612364369625	0.40438894283532073	-0.7533894288848462	1.64783444133724	-3.334950007094639
0.23117543027657209	-0.13531511240043942	0.8693013692113318	0.4154068731735213	0.023764339439135876	0.26054600469623396	0.7558570431174642	2.3643643741239	0.8649801433828969	-1.460567478044625	1.6846800476827246	-1.6276596045061886
0.2567861734838007	-0.06231107116617382	0.8837076070178944	0.38631471214073404	0.16734274235180904	0.3113615273591412	-0.09345909893235946	2.1499561756007743	0.5445913388920344	-0.8368680303407027	2.286461636560881	-3.2627345464749755
0.2065520729769426	-0.13000844695206906	0.862887008689376	0.442560792553	0.13678343267640788	0.2427811663479611	0.6824036941303336	2.765390861742069	0.8413278415662889	-1.1465059705998981	2.3241029862032856	-3.6201770738624313
0.23780945822216984	-0.08886640747436282	0.8541243114481013	0.4538954546985302	0.08783735674386446	0.251198917064054	0.7111576545326777	1.2924420870422444	0.3727222261366828	-0.8209301113154711	1.4827723086750568	-2.385900740303827
0.2217033575546288	-0.09237868520290946	0.879717452199167	0.41037909798793687	0.12318036974398795	0.29401499872969156	1.3311977712249905	1.734793711905665	0.1991044951334915	-0.7554691599693708	0.8272791386578561	-2.8243562142726133
0.20901922236729614	-0.10332575207313911	0.867793447361489	0.43882717139661453	0.07210650740707568	0.2933346622318976	1.3421683996077776	1.9903765798284416	0.49258003157568014	-1.1447321282685858	1.6785835792642843	-1.9111379316045982
0.24894595324408086	-0.12149006444413665	0.8590630201685348	0.430437921172927	0.1895243281748005	0.2661902905938662	1.4778701347861884	1.2145095787430131	0.5697230069260114	-1.64898786691705	1.7754100701614146	-1.9035060588508534
0.19042691612737067	-0.09720622474219508	0.8825594304338207	0.41878083914849673	0.10434405982171298	0.28028245573047433	0.7639158269668075	2.340895160377859	0.718032822724351	-1.3172216623630206	0.8663406148818811	-1.8381198843694382
0.20451843060238248	-0.07161209920391935	0.8714654940214559	0.439990694812386	0.1297336244500195	0.15442807271257622	1.2653360733200238	1.9509794262540259	0.4042537881823355	-1.0713045718197267	1.8787602871062126	0.7060101676737179
0.20858475238672122	-0.10167717504164396	0.8717793758854305	0.43145668719829855	0.16384883461291028	0.24324619254635108	1.2400694918789925	2.1723020017871058	0.5946728501742207	-1.2891434985503933	1.0752878504081782	-3.48114621685521
0.2408175182698838	-0.12607903684990462	0.8609199409750546	0.4300323878417099	0.2209013586140216	0.25853978542896594	1.389772348618281	2.3838112970453293	0.5079670927815625	-1.0963171808800463	1.6387783572100736	-0.5318950170926101
0.17665367335983467	-0.1314179937469846	0.8786954097586358	0.42357663707657156	0.15943143632532952	0.24730631094965916	1.2850356249677153	1.3970381362014956	0.40317260002344224	-0.9388530732641277	1.8311191809787195	-1.2333497783217986
0.23606622448800466	-0.11351296500720753	0.8689182255038498	0.4199626909839639	0.1148808797233134	0.29600067744552605	0.9086801465189415	2.333979801931558	0.49318628619710386	-0.9003425414554423	1.256465042004591	-1.3758655369652482
0.20005120705271215	-0.12142789108610204	0.8648167058531417	0.4442148659156459	0.05694112582153812	0.26383420463698765	0.6372781880816896	1.7664970937313467	0.360824169542095	-0.5065859812780423	1.3449577288589978	-2.639178771051155
0.2219985629907053	-0.07898723026982069	0.8627999385327392	0.4472738775652629	0.07131068541767763	0.2453613925753977	2.4199952566303087	2.1102493517538847	0.0038485703382030393	-0.8358933596322426	0.9150032650172543	-1.5859013641981745
0.24156503404251964	-0.11428142435573845	0.865679797793811	0.42330199393214096	0.23583022139097573	0.3145356494793155	1.3927665137200451	2.3834087219228732	0.3997013664616354	-0.9687593035505173	-0.1969043423086482	-0.282641828056198
0.21365933513508586	-0.11727708298052936	0.8593155070462201	0.4496361125033317	0.12741933413741946	0.24836044559526074	0.6644945861488164	1.0941706936693294	0.2771524640054777	-0.5600433937014112	-0.5637488234013762	0.19944796393394448
0.18618220912854108	-0.12398586545190254	0.874896285366014	0.42955812182393777	0.1865200891855157	0.20989705524267452	0.5622083556590581	1.8539479984530103	0.8745655981150914	-1.4898194380275498	1.5793683602733983	-0.942041710771412
0.2619362655960466	-0.08533186473421134	0.8553657875405553	0.4386994815721866	0.08203457016434762	0.298095462839967	0.30841621663877755	2.1964633558048727	0.5551964363037699	-0.8394199913877004	1.5590578961072161	-0.05005811552627518
0.23322834028794387	-0.12765563843896036	0.8703536858926443	0.41447924039010764	0.16560447938337408	0.263147872497635	1.3063594485169574	1.6289943724685356	0.3113641753597949	-0.8872017008604718	-0.045159300570931794	-1.3214113222121087
0.2043152482519825	-0.11160214679372904	0.874619208174992	0.425254607093341	0.1857367517131444	0.2949908787029523	1.0848166577050953	2.070230647843192	0.415927044712662	-0.8333364922177038	2.9380473563122718	-2.0161073484700167
0.24759904034913158	-0.14487938924111296	0.8521245447988471	0.4377081652684454	0.16802094558248096	0.23875827335530542	1.1912810465368335	2.4108551287082465	0.8398855839971433	-1.5109700908906742	1.723692437912893	-3.065485883437861
0.19466939514243273	-0.12789769283048769	0.8814284773238519	0.4108890922451867	0.11336525264484543	0.21941281909146393	0.6013835224998889	2.0925463456922304	0.7042187139103353	-1.1442444065737551	-0.4042693969959041	-1.535009190027677
0.22743765542160452	-0.1255327691581385	0.8569086079008825	0.44522047849260576	0.074268821436293	0.24502819329284645	-0.10561266066907442	1.6506107114058726	0.6513528976883625	-0.7342965817451561	0.9524347203795139	-2.116321742730776
0.175084727580646	-0.11683431458066369	0.8627896490120829	0.45966194389146947	0.06475992363965674	0.2555516220330314	0.7598734242907792	1.5305504619346357	0.32543251357620767	-0.5112479391104305	-0.3892335337417106	-1.7942078435142115
0.274411605383475	-0.08369907893351466	0.8547061835203604	0.4326315694313179	0.048971045043972435	0.28745220427142626	0.807024080106395	2.2281227362488383	0.43277405753076326	-0.9358069181155313	1.8143931060267884	-2.3986401154638624
0.2130849474053349	-0.1154093054454755	0.8590517166010234	0.4508942732068059	0.1507019489771811	0.26892096600708765	0.6416340116121533	1.9968089844513162	0.5641311576145489	-0.8669217468030542	3.1241482014754554	-5.847800302293764
0.2343080776532146	-0.09401443714798413	0.8672158560846428	0.4291825594191626	0.14846645475125123	0.25366658038257844	1.1975857045017633	1.6501147289054634	0.4316922555847973	-1.1646320541255817	1.1085800643207597	-1.7041409088452104
0.19185235391280747	-0.11558792064249424	0.866986871961199	0.44515825359819494	0.05316738310843291	0.26750543054145953	0.5816472914476908	1.3553363261030027	0.33316013323742955	-0.5476150427696983	0.671807614581719	-3.1295858261397282
0.22900459997544878	-0.14449925657721835	0.844671190439678	0.4617439096294971	0.1918650191065685	0.2866086871235373	1.6359371211194533	1.823298179096403	0.35479610960555363	-0.8897961365694743	1.9567810204462333	-3.346959088319913
0.20263333465346053	-0.1267228396487574	0.8815501358924122	0.40712456509850103	0.2011461299581312	0.22581723374657625	1.055009639287115	2.426763036651152	0.6710522717535442	-1.2227708229200607	2.13324814313293	-4.8286633151888525
0.21665336181737063	-0.1338488245028893	0.8564565819865517	0.4490299947267879	0.0985304837776569	0.2317949391530616	0.6636192006897106	2.346978590538614	0.5338774919701073	-0.6388835949940541	-0.23391370222333152	-1.1607741466741621
0.20990118904400534	-0.08750575717842361	0.8866377567155935	0.4026881195973918	0.09424549469328496	0.22500634993779048	0.43412674024533177	2.401632399201334	0.3244022791368463	-0.41867231303676494	1.4334066308951943	-1.498010198743642
0.21086242685254764	-0.11886132174347197	0.8686342253110626	0.4323003652016721	0.16717656689428342	0.2602467683200278	0.418052412525208	2.197035868159598	0.842089552894592	-1.2918720649471558	0.11289039198886301	-2.6323577167053513
0.21934025455220355	-0.12911489193130127	0.829044947829252	0.497899258779661	0.14732010472533594	0.25830631026961015	1.006003080443232	1.1808505714287771	0.6692408825777189	-1.2513020243021402	-0.973084948127068	-2.541931253822891
0.21675199735346104	-0.10058743040067865	0.8739208568424578	0.42327659569650006	0.1356394864626443	0.24636148760187815	1.1339822239228918	2.871551261336475	0.632041794000562	-1.2032450192340487	0.9428786040035324	-1.4342149804503181
0.2384357902535049	-0.030485488183562708	0.8652990163015526	0.43985977461454895	0.21151366325950913	0.20251401329180418	0.5901805563843376	2.4900439206343696	-0.05391319605888676	-0.04128344615096324	1.2289706747406084	-4.2107183313673255
0.25893715616954965	-0.0981887422394104	0.8544440193863615	0.4395860982642059	0.07500587075378191	0.2297255470558532	1.495819768498699	2.6880080961015405	0.2960457024834567	-0.8561364072926428	0.8996027755862847	-2.821296136184669
0.1926586265381058	-0.10498678866180965	0.8689962813933505	0.443515378258139	0.05264230632586659	0.3062031558985359	1.0778034862558397	2.043195519667457	0.4951476114044498	-0.9546930206482516	-0.02241753533815327	-0.7593132809620563
0.24204669106424623	-0.08558616508551478	0.8652604249349185	0.4305958717083206	0.20007546274449553	0.21870582269796826	1.309751368969537	2.4126047893258846	0.48308730132354627	-1.2274426011508273	1.0364582126222632	-1.6997555671958307
0.218606937741171	-0.1259275488286545	0.8679526856396275	0.4277983107825376	0.00439589561667264	0.20795500663959285	0.8084058727600649	2.235652832923405	0.6853109798334308	-1.145423775897077	-0.7245912543254985	-2.7505485311110776
0.2506801054500375	-0.11904079923841711	0.8530693194565624	0.44188404480152293	0.10411874172138154	0.26513986478247603	0.5642893726038978	1.9089750887041974	0.4625157467483223	-0.6987538837215227	0.33548660908557654	-3.0886780655363952
0.2069705106811618	-0.11872043314404127	0.8696455939748883	0.4321865422968814	0.03862778114653223	0.24795048305111592	0.9590998032038482	1.8670108671442076	0.24596639551546579	-0.44137568084242473	0.7593555618690894	-2.971574318699323
0.2299335975497588	-0.09292918286615853	0.8717924560810987	0.42246020074054214	0.1340578087142911	0.2610175373349061	0.7799087874810764	2.4485990274689096	0.39409054722634235	-0.6991098618135259	1.4765991913720729	-2.052367665310985
0.21442794840445778	-0.09954615131110436	0.8521167580860739	0.46691353513373485	0.10338080725214088	0.2697926403722177	0.9333490499570357	2.2663710127461427	0.36919992053311895	-0.6192346714753356	2.1261067531164444	-2.10574536865285
0.17858733070798757	-0.15043951981481676	0.8663812974612577	0.44142718946371096	0.08816548972723358	0.32028670793265746	1.0787413981892051	1.4809313810421072	0.4767381208418953	-0.8674045047691038	2.730810991489603	-3.377833773870886
0.20806608482196332	-0.08524603869832341	0.8814232550951376	0.4153729199293034	0.17421247821292254	0.2656383005613225	1.0767224986289439	1.316908753454572	0.2929752731491488	-0.8907740041281009	2.5076292831821165	-3.4334502826784736
0.22888672370326563	-0.12897149535687252	0.8780017633572342	0.4001126399395354	0.2691955231816809	0.25752823836466265	2.117091942317366	2.9630735884669672	0.2880616178311392	-0.8881019489000467	3.394447080121486	-4.27512591787544
0.23518129696116247	-0.10288159399820507	0.8640411264161096	0.43305665569026225	0.06923727071792674	0.17163765549306634	1.3729904026135258	1.6895722769552994	0.4647810410291551	-1.2715789067448913	1.970885605847012	-1.2308862817203148
0.19814478412575023	-0.1175146635944891	0.86698636764874	0.4418863956666665	0.10077761847555718	0.2565465099030682	1.0896264602616295	2.23987365574767	0.8448330810257113	-1.5504993398839735	1.7745816776845318	-4.0010527375289815
0.21332682209907738	-0.10721604799975175	0.858888968284878	0.4531071906105233	0.11190144791575563	0.3126987623320487	0.9120945364111647	1.7126969720741736	0.20133776854330562	-0.4058033512837826	2.276255082064534	-2.146513731740255
0.19516855980185724	-0.11095091318751171	0.8790969138709028	0.4204613467970398	0.2132021881812034	0.2634446143594828	-0.6933352774263893	2.240394445033136	0.6375301774586636	-0.4199191096082432	2.615209161398982	-4.837558872398996
0.24154584602718393	-0.0852236966807052	0.8464538693678785	0.46680656895895717	0.12555257025185695	0.31238431741832046	1.2913561239644258	2.3319518071117558	-0.22014051564026493	0.15671295592396983	1.3581318439241132	-3.353069591418396
0.19000144413988937	-0.13926352492350624	0.8742743555845917	0.424440187797743	0.16308657012446007	0.21093620154090673	0.3616759852732591	1.7134024416011122	0.8737675506775073	-1.3995306647661099	-0.1987501029670098	0.1811048908427784
0.1892307873209082	-0.10991013648762049	0.8594858096468475	0.46194763127749117	0.08110600378315569	0.26239335292821453	1.1171127553844258	2.283230549899767	0.5486938606681475	-0.9352500211880712	1.1357154577409199	-2.0316324564147195
0.2001979763599569	-0.13020321595096757	0.8731346470742714	0.42497503561490707	0.06468922456831494	0.2998360900177619	0.6830067570981607	2.255233065875895	0.7910221092098915	-1.2559956188857775	0.4142774415808088	-1.5017410379514786
0.23957983642738936	-0.13495047527060128	0.8593306549452018	0.4312084144275419	0.003135099836494393	0.021756812110729218	1.2373504337670893	1.907745839068181	0.16602341382368685	-0.42128587872300904	1.5615471771332163	-0.7561954834245398
0.23987362374983962	-0.07339470499110534	0.8485662908525271	0.46584236812163565	0.07562780526213846	0.22516414609643176	1.2723828022952004	2.1396616997867937	0.314488894763202	-0.8909363718116289	1.4775419799920908	-2.7123698852950358
0.19886027966630063	-0.08941541998109477	0.8843767527734528	0.41271931260183115	0.2854330276274083	0.3313802603522516	1.4082115962430721	2.353501955735622	0.08628698109824434	-0.3535288554593281	1.3664333449583037	-2.3428557142866753
0.16377133231442167	-0.13015159363255566	0.8940302408640618	0.3961684513024893	0.1096646562974418	0.302044261115617	1.3705388276147026	1.1580548986395098	0.7989997690955608	-1.989209975299887	1.0730865702711645	-1.7281672646947788
0.25240809668408926	-0.11222211404797436	0.8397859487398422	0.4673926723281417	0.08625280014679537	0.3063114186760919	1.1465411810042259	2.2194819762105196	0.44399761999377924	-0.8840195938290358	2.006919201636686	-1.3865205407136163
0.23878597095220044	-0.08835035941130741	0.8547772404879627	0.45225141593154966	0.02853623426312565	0.2143644405887939	1.4935435450676449	1.8700604948118678	0.2818879559081646	-0.9560349013352065	0.1535519078952058	-3.3695743007820957
0.2467014665642901	-0.10296818970749896	0.8618797888361176	0.43092826305453474	0.08102959141278102	0.3133905060297362	0.9108984957781494	1.7840653210763	0.1775951064934983	-0.45038505916448396	0.43672051101479314	-4.3410971664227125
0.2110790271760437	-0.12775457432233864	0.863861540557098	0.43916699759026795	0.17755386054955022	0.21962211701118187	1.5866727966645624	2.058245355669958	0.5655282535203209	-1.2762826043218891	2.503797852384587	-2.757621498660248
0.20183330673418703	-0.08008733361119195	0.8619273562796238	0.4581818064749098	-0.009435256327760431	0.23861373895304835	1.7662552306297163	2.745847213628514	0.5718075239164166	-1.373773664485004	0.05517421388831608	2.6632177956978613
0.21789058802464667	-0.11511702825579209	0.878501984130808	0.4092749996445697	0.13203593607762834	0.28323566858440563	0.4946354224559083	1.5605424926075546	0.7061520127286357	-1.3401437507721374	1.5388445367067962	-1.9712735222002005
0.21265709219812015	-0.11813998751699051	0.875311452505037	0.4179111934380893	-0.0004307028442783363	0.3265023198720554	0.6827208768131776	2.3323463414133103	0.9730381138643708	-1.726092731905784	1.2518916449118473	-3.234426161584983
0.24192173568672604	-0.07719237596774361	0.8611645733451458	0.44035302713851004	0.13809425896843722	0.2332344337010328	1.972580568923438	2.6762176068451216	0.43736848757142205	-1.4698951215049645	2.74026786728114	-1.229623112263077
0.18391234819450852	-0.07329079455093887	0.851737251822334	0.48512716010733925	0.08185433260644466	0.33505241256876106	0.3640934817162693	1.8594823483879008	0.6984541775764397	-1.0833814994700655	-0.9792401911948404	-0.19372598246843484
0.23202746873117736	-0.07819097168896039	0.8711313372051164	0.42565199287653316	0.18833832630898417	0.30730026591237725	1.45980755686145	2.421759251090455	0.24898551096334154	-0.8604560308734348	3.650592493171805	-1.7659269737582433
0.21446015292983506	-0.0961509391645466	0.8751981777985335	0.4228356528028518	0.08216328675314526	0.29892269861893866	0.8655854663202786	2.7688570853886363	0.603625555980277	-1.058797587212136	1.1280099946564084	-1.0841754122359166
0.23915647860450046	-0.11308687110889412	0.8673012172784602	0.42166827818985453	0.07795456807986033	0.21419251667582972	0.046313014382856225	2.2562666881388096	0.8277946618235354	-1.123796262727934	0.5740143194732233	-2.0136162794375987
0.21311416115754903	-0.13411419310365708	0.8801007361292721	0.4025151323701786	0.09751888524611456	0.1826168521976278	1.5404661060154923	1.6805254978505013	0.42815206991919114	-1.191830403808887	-0.35368729135769805	-2.7656392307001494
0.20485602842664477	-0.08650650288465339	0.8700922415889347	0.43987512285041974	0.11145040777697905	0.31777000404929345	1.2057550916741033	2.0080551354266976	0.7207190089454306	-1.5922436928934536	1.5516651199577174	-4.034314461018195
0.2266161407174082	-0.13083528089350194	0.8650454259704105	0.4280463351642406	0.166996456072764	0.227559359494629	1.3257955166575082	1.5303366796839288	0.7076008635535932	-1.6641458317210418	0.16762829959866246	-0.24217648420760055
0.18991360613741107	-0.09582667621351498	0.8910509218096949	0.40097172602547343	0.100223884604187	0.23667672865753828	1.5625599289445522	2.289282572959092	0.4350739023109372	-1.1598075937938825	2.899883330196538	-1.691320768712471
0.24923206345094642	-0.10277365055073685	0.8631441542600423	0.4269696994719585	0.19747953375640767	0.25509207605063233	1.2698411628916804	2.271798597315367	0.8422751867524593	-1.897111206827377	0.9204148617585867	-3.2024100055122062
0.19841773309748736	-0.09752302492765216	0.8717169603153188	0.4372976147888708	0.13878339929185515	0.2546254780698057	1.466410823195101	2.866417744690771	0.6247285653134553	-1.271460555313313	0.8177418644462938	-2.6902462979381894
0.20825454516355071	-0.0825505059882323	0.8767516495970366	0.42558430810908043	0.07945517248043779	0.1892904419336432	0.5763645904000088	2.3629486643284388	0.37643184661454065	-0.5991883990525256	0.8001589273661117	-3.793828399983198
