0.228023676649381	-0.09684254686530622	0.8696881729678007	0.42692997763552304	-0.0295167429678273	0.10734127893856814	1.241196298894787	2.388099256067341	0.32374299155991476	-0.7807087758974642	1.4043807851170087	-1.5521602957753846
0.21740012288226035	-0.11808658909214426	0.8663097105365174	0.43393574348916736	0.00831467760353981	0.15497138709524613	0.8756268500247497	2.700294556772292	0.6557754122901966	-1.013047266179222	1.40014736764208	-1.0003165229660698
0.23309891004119432	-0.11329288082503747	0.8622602201733796	0.4351286407472235	0.014256218778463052	0.12612094215771819	1.1814279194859618	1.504277939093286	0.3470893115950174	-0.9290284468164127	0.728886294754162	-1.5939975920404816
0.23397401573226848	-0.10316068683837562	0.8565233265793591	0.4483099638403985	0.009159609022067054	0.10637077916648387	1.4867917547080862	2.048075410105717	0.3591124206344314	-0.9907831017989205	0.9554871350097328	-1.4321339709290208
0.2120781939185709	-0.10009638673093064	0.862620255475948	0.4482073715037037	-0.027036814832432848	0.1364424294179099	0.88413987398946	2.2385790255487206	0.5187986497043207	-0.9168955391067779	-0.5230069142715176	-0.25191591190279844
0.2206231082097001	-0.10003089610205218	0.8668722949768328	0.4357197357826591	0.01821386723414019	0.1085771812663233	0.4791371226984557	2.500651948191996	0.6596921578788729	-0.9809863676757642	0.38133388406603724	-1.125877867814508
0.17888979712508005	-0.10337158512841788	0.8673575069203648	0.45277335507014466	0.007682739677411475	0.14411850962258207	1.0639113294407974	2.2509749361289932	0.44309586540764667	-0.7552532762102708	1.090769995199089	-1.4460951474893047
0.2321816561170777	-0.13084065760414829	0.8677883332652626	0.41942318668516954	-0.0051429012942716314	0.15280733154249837	0.8400645316506085	2.1586717629115024	0.6380339866301898	-1.1117267853086468	1.212779438121226	-1.3796974955751244
0.22698092310767332	-0.09845771041512622	0.8623727991479784	0.44170000576712704	0.002987508711011231	0.0893060297587121	1.4605566780410775	2.388874575225813	0.5576261301297705	-1.3067624656305163	1.4510872656219396	-2.4423629515638154
0.23786396562117432	-0.08757442151215916	0.8722909345018893	0.41816262403710847	0.037254995416663224	0.1264203560688689	0.9934812800536604	2.0856880212751974	0.4906413214944645	-1.151806556280973	1.143120477860205	-1.625563440325081
0.2308341849461697	-0.08951601403487641	0.8718251462033361	0.4226385887955297	0.05014867453562122	0.14784828683248188	0.6878987024843358	1.9690635663464304	0.5290267662141621	-1.049943531038267	1.0469779807334387	-1.6461757779110497
0.22297702579198353	-0.10698052127364144	0.8561896821431672	0.45362500176749876	0.053216283425835786	0.13412968068848038	1.181238944524834	2.3817967545889176	0.4578055321120572	-0.8830017298158628	1.7028327785648123	-1.7329327391365892
0.21231819598168247	-0.11510150775321921	0.8762344059009364	0.4169962739443273	-0.030750258908283395	0.1321555063465404	0.8956891346264166	1.4128663513814297	0.42811204358266924	-0.9656550459919417	0.9292167178702685	-1.7488903142555852
0.22277831453724817	-0.09999042604036629	0.8659999570116848	0.4363666024433689	0.029072334267171596	0.1560261385441571	0.7170814818811815	2.0712674157767954	0.5196839149299994	-0.9228239244400366	1.4986547850172585	-0.9723758641059397
0.20904590609699264	-0.1351849930422171	0.8598796851420432	0.4456812245094959	-0.023520261279460043	0.1330618843351178	1.2372943128979865	2.2237259653777137	0.46502202237802387	-0.8030401598619206	1.9570990165771072	-1.6486261840982568
0.21667470407877323	-0.08978183315457706	0.862529161424134	0.4483689783434621	0.026556793869505917	0.150026258650345	0.9357577142783722	1.9734430458130396	0.6243232631953876	-1.2580547260360422	1.7038581883371229	-1.5443912681121355
0.2119650329779863	-0.08977266282653402	0.8713235714959044	0.4333669663914128	0.017181909096959935	0.1187580226847345	0.6485207128426075	2.273408366213075	0.5476296411599292	-0.9473181810983253	0.6716146323648733	-0.9394754148970487
0.22980069532281677	-0.120175592475396	0.8730733124732354	0.4129073242863945	-0.053952497838282786	0.15994043995387153	0.8308793860380844	1.0829314475120455	0.49603636701452075	-1.1960815837695211	1.3726225027250238	-1.5276425730436898
0.22194729301520594	-0.08090848194997584	0.8696172779854061	0.43354239296869895	0.06382703300968799	0.14336419968456768	1.142839952775696	2.8612495350722664	0.5633166722175625	-1.1810166593789593	1.1925208078373697	-2.2399712548115236
0.24117141254721836	-0.12048385091474102	0.8595524780111381	0.4341538079801278	-0.008612919434809392	0.0925394857173588	0.9383827259141433	1.4708666424395525	0.4703637388600512	-1.044325119866192	0.03848291100739711	-1.208680548867845
0.2065643284430807	-0.10542572082526008	0.8673177101312943	0.4404277299352773	-0.011825712984579143	0.10857265527159875	1.0687399398097512	1.8011781119395978	0.5230754762268008	-1.1001706715861355	1.389770501944182	-2.453833293933126
0.23737859968114516	-0.10785679803657615	0.8634468270848279	0.4318308561553458	0.016893066469583086	0.1110338471397249	0.9258480869839188	2.658429968957713	0.7022541424468933	-1.2491138175136731	1.1344087343408742	-1.766420380895876
0.24947518938558425	-0.1017490732816069	0.8649172268046846	0.42347071533206965	0.06661726280044543	0.14822515626852353	1.0419488157921968	1.9904098629434142	0.4850587128654321	-1.126296668566069	1.464197523710932	-1.7799236163091618
0.20383659798221346	-0.11406016265072874	0.8626387850679864	0.44865938875226385	0.002901869156256246	0.14569573423284662	1.0792615962426888	1.703566333317545	0.3052530245374477	-0.6441569362350972	1.9740719577645771	-1.6005662650730093
0.22290967977626824	-0.1238520632680289	0.8664105735774867	0.42930718498462606	0.012544744806537599	0.10808094410666763	1.3310534623000028	1.8273540872281364	0.401965331208687	-0.9751761788186513	1.0595776330758586	-0.9734735508134386
0.19871398876883145	-0.09162635032063307	0.8820660142924839	0.4172252497448745	0.007079583966683937	0.15131290990132643	0.37120761079315884	2.033262144156935	0.6064720721481031	-1.0124319158668618	1.7714500988639792	-1.9073498452308566
0.22036046625277894	-0.1082654045280351	0.8709126847472982	0.4257123003173525	-0.04593189628710162	0.12738941650752902	1.1239477451046997	1.7823678915730705	0.5601041876966912	-1.274350564446466	1.0753784206080998	-1.833110349494875
0.23902764038176444	-0.11558645421944717	0.8748654827750042	0.40511226318560195	0.047582868561606644	0.06998734604342412	1.37409795530317	1.990301996078003	0.23824121913735102	-0.7573813197896498	1.0921922358295864	-0.9124316948549619
0.22534458625292975	-0.0854073532913841	0.8664296186600159	0.43729294226972865	-0.0324043407790316	0.14885945986759277	0.9135971020992933	1.77963233820523	0.453972083719018	-1.0226904879697019	0.6090219113172112	-1.2409690394977506
0.22726619409385854	-0.08889862324322445	0.8696900139559032	0.4290529005063743	-0.058179608848001274	0.1258079826801901	1.0008117952520315	2.1554198791045245	0.3092074741257296	-0.7102888247013494	0.6531451628512248	-2.6179488522934844
0.22049472602581047	-0.11180041515241271	0.8649427870326888	0.4367570470257759	0.010522073609623645	0.14881904957914097	1.1470279296554584	2.332799946679087	0.4846937063266267	-0.9418003317761334	0.5149428354112572	-0.6045642002594787
0.21336078278563955	-0.10222627307755375	0.8734148081206315	0.42564485010084785	0.025264616258185556	0.10875481913359418	1.147725079529164	1.6913993153217162	0.22794565348148235	-0.6368341640525501	1.150211495118074	-2.1606831906421546
0.20805997871625284	-0.13023912506898902	0.8732262471030753	0.4209806847447226	0.04001215490260429	0.09128814895872994	0.6613330213423356	1.5400163895975552	0.5913401599309601	-1.0770097351723726	1.3199264876232293	-1.4535978114792794
0.2029154595075178	-0.08842685659109117	0.8734904105192006	0.4336133185884281	0.043494006163518735	0.14181032336537486	0.9238324061314352	2.203449249319068	0.5283667204273964	-1.0473364873385629	1.8048772889659634	-1.7918845172124591
0.21257969092657644	-0.09131660156127876	0.875268704172204	0.4247067797687845	0.00487072615578915	0.15115030958984205	1.4869139246382357	1.9863611563441799	0.3908438421060409	-1.122641215515201	1.5229929753673146	-1.3625250832404685
0.23803294636727984	-0.12346838175272201	0.8634658672822243	0.4272266040283914	-0.010658080704748904	0.15483789376700866	1.473163911578781	1.4252163671492293	0.3060361630580878	-1.0274270484830141	2.0971181904175986	-1.352768210498727
0.23842430615997684	-0.1033246881597128	0.8626502112216722	0.4339498497845532	-0.004456063191906245	0.08125987241958764	0.8081476580721744	1.9845322522664912	0.40168796310266264	-0.7700131130911817	1.7000515798151046	-1.696535197827255
0.22514548252896247	-0.09918900185322865	0.8675563042901006	0.43222345204149143	-0.04606596196024504	0.1400874967357492	1.059520056976012	2.7257990795162557	0.5446688765844282	-1.0196294996885824	0.7706450483880788	-1.9508715272174646
0.22603076775464429	-0.1258795233209555	0.8633310406799206	0.4332712220252581	0.0048957824340748165	0.07743615262678576	1.157660362716799	1.9264556601335068	0.33831277041473645	-0.7183524792854854	1.1578745117917968	-2.0079463630239123
0.236462651749564	-0.10806962323607122	0.8740603005737398	0.41039610356595935	0.0216989744142273	0.13301411261391416	1.028878807575544	2.2179995380086197	0.45258908235547274	-0.9726778169903635	1.384959723598968	-1.9022804004011376
0.25505649060570035	-0.12197622244910993	0.8694751684092193	0.40506903026115104	0.009991203781398707	0.11728337657756958	0.6482376314264131	2.0671038753395714	0.7963795348631795	-1.495132627218374	0.5954340436188976	-0.9446740522720652
0.23336910404438554	-0.12021230611921069	0.8720968548572361	0.41295876123789793	-0.01380601977742669	0.12307422776505152	0.6908098989630579	1.9376729003066548	0.6044391954457439	-1.102800384403897	0.8231251560080334	-1.6504618617397717
0.2101944960640397	-0.10290388716827757	0.873625263229808	0.4266239131561795	-0.04761895858273931	0.117390681296424	1.1392357198798364	1.8294557438688375	0.4091919689640309	-0.9579477370739217	0.8686582004721455	-1.7150811787864215
0.21945489807835872	-0.11643000774014005	0.8663292969951626	0.4333095315994279	-0.06191102601164263	0.11599353842212375	0.8925574627126162	2.18248329911911	0.4364870758210841	-0.7382969397470016	0.4904093090091835	-0.5087152110770461
0.23218063227278746	-0.09993021576846893	0.865815801108781	0.43182068561410497	0.05696665444909687	0.1505596662449871	1.2953328862487499	2.1482842650276557	0.40500608223089507	-1.0113766627838336	0.9356442067864975	-0.14600453305167915
0.20538951420605728	-0.10008952321329004	0.8692619046408864	0.43838450695392356	0.040791560042280205	0.07151892241740736	0.6148433068668431	2.2653173752141713	0.5539603994152119	-0.8692928193048705	0.7301159723175193	-0.2271453505879549
0.21008617637951005	-0.10916656783788782	0.8747626339951017	0.42277274406787996	0.011375978090243601	0.12350441666029323	0.7095658450804562	1.801898979107785	0.5485122621024666	-1.022253410093608	1.3192591589579397	-1.5014952575881424
0.236444497225074	-0.11795407750175092	0.8649943137267943	0.4265743458683434	0.03647658138335986	0.15224769565451776	1.1002478545655385	1.8238919502118263	0.5074859220714465	-1.1345841584744196	3.129375967609447	-1.5819252652452729
0.20231155391268038	-0.1188099297845969	0.8721654946144153	0.4292803113840747	0.01610342721435944	0.14552071865443353	0.6594668364886133	1.3620592144369086	0.5061315806633777	-0.9621268207520951	0.7042203790610548	-1.3658014639785356
0.21780654024114812	-0.12177992693106392	0.862620900763577	0.440017206471157	-0.037731085620614044	0.18086546763872244	1.5784146097975362	1.6909746922605449	0.43540236663418364	-1.1668848965672114	2.324861393896947	-2.105116703730039
0.2195099083325355	-0.1195568640698711	0.8624649054831581	0.44008617702394087	0.03674733256817225	0.11390330457469398	1.1093701455411982	1.5579653699948808	0.6417790103600208	-1.38782854446837	0.25182736811308404	-1.2841496620960653
0.21061915593346067	-0.12745084302949672	0.8607639935486123	0.4455122907117061	-0.02664927535622494	0.14227320144691785	0.8810272673507399	1.703197218610329	0.4893797599392076	-0.874785685375679	1.49047820563173	-1.5106329408696275
0.22000363213830956	-0.103242385435277	0.8635444033891398	0.44184892788246016	-0.029502527347122855	0.13325847976881974	0.9496042691061207	2.4015015121316425	0.3813047904432182	-0.6569061120556097	1.2534071467086976	-1.20277864769998
0.22385302657739978	-0.10536496145948361	0.8724629470120454	0.42142194233313995	0.0007569127623411453	0.08682358670673536	1.034795780646279	2.1293273280909917	0.48304470320912535	-1.0173278554388612	0.5151100730167272	-2.0209853727020506
0.20331254641912436	-0.13519122469399858	0.8757126824780069	0.4165508840243669	-0.054635399268075424	0.14086510994083168	0.9068789214796114	1.7435699581886834	0.39812357220602196	-0.7137336100084379	-0.3834011892589404	-0.5671894473238387
0.2147234848009741	-0.09327429752397888	0.8689158207719982	0.4360952039503058	-0.0464930013840428	0.10443883081550485	1.1451208671810251	2.2656531566263887	0.5344160322990363	-1.144061382288891	1.6952817004208491	-1.4486667739688892
0.23153618754504	-0.10295075630774682	0.874162721634182	0.41428452992827364	0.0034962771061590723	0.15617398552822404	1.1185821883179687	2.1331936673311334	0.6392670061935004	-1.443939362217819	1.7691254818850872	-0.26753841768828396
0.22078649518088228	-0.11287477319494242	0.861399129054377	0.44328788567509186	-0.02025805654101955	0.11254575165760229	0.6930819726749827	3.287634967904954	0.6949982236008027	-0.8585909181668047	1.1574761952049937	-1.7349035510213142
0.21853234963913482	-0.11737227187695894	0.8690364756747629	0.42806887985746794	0.08397179013898703	0.16714079372579435	0.8460219830650313	1.935710264312655	0.48189118517896573	-0.8794507036803273	3.906552260167406	-2.34687824883849
0.2170650779477605	-0.08850433251021952	0.8699444193764194	0.43387376304436487	-0.003379297773720947	0.14744927452090503	0.8095029875667176	2.564278355432912	0.673953381611906	-1.2332321373291997	2.3116505045511224	-2.1089826838292463
0.23489868933927943	-0.10808226322727504	0.8807428003440436	0.39677821231071964	-0.030493985776230248	0.1327002357064113	1.3650404866566948	1.8260197456969127	0.5434233556075617	-1.5169736233321722	0.4229556344354007	-0.5364641792459321
0.20973765844943373	-0.0999693781346614	0.8745866539318381	0.4255754020474272	-0.023899436498212984	0.11470393819917506	1.2251440711609554	2.1181124501698134	0.5204561400527166	-1.175811515245813	0.3920018243609153	-1.1921001665806394
0.2236710848999494	-0.13969649671678994	0.8726079560811311	0.4111100698944826	0.03850447705372345	0.1113946966445639	1.240954106355844	1.6152606447334266	0.4445862981325956	-1.0699539394740558	1.5902705239017294	-0.707244125983765
0.20317954188613063	-0.1226648780499233	0.8653565962899041	0.4413947923452333	-0.04312526585593852	0.13133607801792704	1.1763248393216612	1.6561439355353356	0.44073557407950337	-0.945294080406951	-0.2556084879948835	-0.9604281130188261
0.2423758635780791	-0.09268455365437016	0.8653939923673855	0.4286685808910051	0.021294091044059344	0.15885955220445747	1.1552906396406841	2.3875994308259956	0.4352003037497675	-1.0155647664955596	2.5362340543039275	-1.9449595309762937
0.2258536379475592	-0.11611001899175098	0.8633588711018447	0.4360275878947754	0.016703386176442146	0.13045462641361547	1.344556576021448	1.7191119292419557	0.2002589620162493	-0.6351942730943512	0.2670577346954983	-0.5521083967588611
0.20860384895093498	-0.11334854039758019	0.8593443155207062	0.4529502069486696	0.036660070852355627	0.11362061214188679	0.6884210200152652	1.6635113772866785	0.3708151777724218	-0.6042796732450723	2.00801813606949	-1.4410157550547815
0.22139996158551647	-0.09359483292292936	0.870635416926605	0.4292039550762526	0.06573997968443064	0.1117458565108107	1.4281519413821075	2.5176749258124067	0.37057598243369966	-0.9393855558067701	0.590101100264558	-0.7228994091370146
0.21772264274835149	-0.09668828420662032	0.8771827459123929	0.41689166075306433	0.040980534515811774	0.13497543515455043	0.5605595433437234	2.0395170078361824	0.6935832732427948	-1.2791054257968946	1.825068691757413	-1.9863601682501466
0.22886518441215278	-0.08950500395140386	0.8620858157777983	0.4431902840387845	0.014448586880272105	0.13568996495189378	0.915555237520963	2.175899611112554	0.5533198685439051	-1.1096678852304418	0.7627064828470286	-2.1552855783956555
0.21535837533748745	-0.09913226873146382	0.8779613571445595	0.41590554075298647	-0.019252782884700715	0.176057236431608	1.0423333417493716	1.9448602007953157	0.3854277439473445	-0.8897873191495523	-0.10541737765153854	-0.6211254104456172
0.2391391399275453	-0.10927214924574642	0.8752046176706406	0.40606519964399446	0.09989887636281895	0.12112994061396233	1.1031534993311363	1.890726050007019	0.291222361403447	-0.7685530197164785	0.9591899155513964	-0.46626866524151306
0.20856894794914843	-0.08299376091305054	0.8657187008534452	0.4473725076415806	0.011753776293084701	0.12911984904614382	1.1861981401585504	2.23292939099194	0.594639854286868	-1.2894751519498329	0.7275829876513584	-1.0223620180730755
0.21351452199600482	-0.1170152438550542	0.8799556699871341	0.4079178844569745	-0.06231608688831509	0.10908512885717431	1.1706492749748014	2.190033234205229	0.47628668891616316	-1.011954943874819	0.2843435578521676	-1.637925731179125
0.19654807595692958	-0.10325903718949907	0.8763968346504973	0.42735817915527907	0.052428357826198	0.11001075305550027	0.951081593193087	1.9765017027888419	0.5446703807096788	-1.0768227084789368	2.1006645880344075	-1.4418786159804864
0.24877665576398106	-0.07829310450126316	0.8561656543742349	0.4460501514453079	-0.028053893978130528	0.14633091598161824	0.9844635283080833	1.7964380669756335	0.2965521406870779	-0.8029603563931801	0.7926925629808003	-0.8507872883361699
0.19325034279242537	-0.11628577997860036	0.867446202734001	0.4434737960102502	-0.05548427630554973	0.10782720071452791	1.0379571217741093	1.762605543349375	0.4725114589530557	-0.9143671703918596	0.6607991169211136	-1.9252465618422463
0.21648979902981513	-0.11969353480532585	0.8675051909445096	0.43155575343884206	0.008587178035027539	0.1420775177079914	1.3032366205806356	1.972046156318923	0.386705583321735	-0.8841623745879015	0.7401259034379247	-0.745909285393573
0.21094210823871862	-0.1007137794651042	0.8551471173801524	0.4626916567586616	-0.039879348346214795	0.12953976088240104	1.0784864030074799	2.179898291439201	0.49974689657510596	-0.9408198990494425	1.6637825324781021	-1.1495887245007685
0.20152674763310863	-0.10198170768318471	0.873036107544246	0.4321974736280101	-0.04368357226865289	0.10938722380275771	0.909574918271371	2.0011587854399937	0.5484239711846206	-1.059737832259269	1.2252713603784864	-0.07112465488316398
0.2132501383996178	-0.10481067416078865	0.8600220493103746	0.45155417809437715	-0.02432001762549725	0.11276412367391479	1.3776119362659378	2.1725985871141216	0.0023343409543264463	-0.15075045579706678	-0.05123324268240631	-0.461820236235894
0.20701094799889444	-0.13269835631738147	0.8704484075980511	0.4264471636079684	-0.0054140923786351715	0.14043755549656636	1.0480563205868887	1.8967620560467595	0.6001849126327617	-1.1436162985767668	0.28060851803123904	-1.2030007809338013
0.22570256717456486	-0.10833507426964349	0.8680185579148377	0.4287955759674387	-0.014219597201551179	0.15761736612954783	0.9698579873375897	2.1327576022560772	0.5274120048701606	-1.0393073463647442	1.1933131051713424	-2.248753289857967
0.22589101610436618	-0.0969382617250105	0.8599349384849301	0.447312110086447	-0.014691534191543771	0.10814878967164449	0.9165469830395997	1.9348565929922346	0.3227959408713731	-0.6641036434121188	0.8703201904379797	-1.2937618430372242
0.22088854887024809	-0.10682605242489918	0.8730459156227074	0.42141104958913583	0.0031569601967302643	0.13309325750796944	1.1458533627915202	2.0860376027763587	0.6358806930520529	-1.3891799151299165	0.7164166761474592	-0.34848970734764256
0.20846235246334133	-0.0957340512880284	0.8762234158058835	0.4238053381245932	-0.01951808506184271	0.1500787387772475	1.2075224455976625	2.2349560775859936	0.5808361727124163	-1.2899880581976824	0.5648606825633052	-0.7437712513689894
0.2415641100796561	-0.09152415980297936	0.8594683181754355	0.44111712610878195	-0.027345132529955535	0.1295620724750345	1.1616629197459685	1.889219996417185	0.4811547034090221	-1.18164539401381	0.8737281044149187	-1.9570358360120448
0.21604069969732517	-0.09332782206428016	0.870617564535503	0.43202012687523905	0.04400208112147136	0.17637305489931954	1.032895802357412	2.190356699637946	0.5704619728076818	-1.1929548946903266	0.6463889517376216	-1.0826277226761987
0.20584004994691493	-0.10583935278842758	0.8702352005568214	0.4348776850460452	-0.02760554728245186	0.14313359132370235	0.7980071418270195	1.9026735992313437	0.5510406150586582	-1.0173412961740655	0.8124297317953371	-0.5884692443250766
0.210600619284269	-0.09806434667530765	0.866709137060511	0.44141367763590184	-0.016644920381560787	0.15439093792935743	1.170770186486884	2.1313884033562043	0.42152954096470324	-0.9127384132727326	0.9963032418184326	-1.0210247906060983
0.23143198537302245	-0.09967998426233897	0.8658195125856266	0.4322727246886496	0.028113831676217633	0.11712548380958125	1.2844914947720971	2.1247469295621	0.381432497336009	-0.961729370172222	1.1367359892301445	-1.3458045096003783
0.22088383997241356	-0.13723674011270068	0.8687963122143554	0.4213898127447038	0.036131565507859564	0.09874757307730248	1.057393581778044	1.4894258323983434	0.3837051820760074	-0.8602933555304672	1.7515334425381128	-1.5396259602122047
0.21209212143066247	-0.12593167949684891	0.8599446492786809	0.44682585455981705	-0.006046966207130036	0.11499163492672704	0.9559447222193809	1.606569489296925	0.6782698411632062	-1.3063363831997221	0.49033453106051383	-0.14961921722005442
0.20170422895354553	-0.09903130508150357	0.871686571185024	0.43551202767754377	0.0775193525709868	0.1336484212033871	0.798374650808482	1.776545383344712	0.4407102784099429	-0.8478828218604333	0.4556495884659701	-0.9021628651926957
0.20970645814667205	-0.13237857620100849	0.8794908905557809	0.4061956270123686	0.056954253615854634	0.09559309520237913	0.85909270103426	1.959889398321514	0.7525428716536594	-1.4341969266120194	1.3297448406546593	-1.2493272075815647
0.21116505916610961	-0.0991126210975632	0.8655853822018522	0.4431116701747065	0.029714321236420777	0.15433639284913828	0.8617670228056001	2.1919968008284805	0.6144527379762602	-1.120669748645819	1.9998254875212134	-2.0228395206597933
0.22527820151729386	-0.09962497017170155	0.8666657306237975	0.4338376523559711	0.0638896627967029	0.1426273457809034	0.9537870565885569	2.2922536608050526	0.33133668724309345	-0.6307886851243791	0.13195528791703157	-0.48460214959708453
0.20802472066426292	-0.12811147375633594	0.865152312060064	0.4379779022070186	0.006145656924060169	0.09508104835850849	0.6890123747580245	2.133351765707099	0.7532636676134112	-1.1911846900162293	0.8817847763577072	-0.830161232636546
0.2269585277483805	-0.11215722087360094	0.8613385106705503	0.44046175148818123	-0.03072506120970432	0.15999944307325734	1.1143016638431031	2.2150667551684102	0.4795271304943721	-0.9478682695597331	3.377839894127552	-2.243833226449854
0.19084686434162795	-0.10949117976790607	0.87378308905461	0.43369605624928587	0.03572095283778957	0.11010900151634884	1.072016851795934	2.2733035192877162	0.7034031920138738	-1.3149904781016475	1.377248956529381	-1.5058246797390507
0.21489488148124353	-0.10596485973926752	0.8689871980514091	0.4329582982648106	0.04616210009946358	0.07713862533487635	1.1177159515670607	2.093227196343489	0.3834667775074714	-0.8121120039041406	0.8478136062250924	-0.9852142487180638
0.21993802869313736	-0.10683318981229971	0.8703667557691903	0.42740571304197683	-0.016188247211425855	0.10036176055957634	1.0044914998783272	2.0893385498075316	0.5389744208106361	-1.0922188971446698	0.44763225237326454	-0.9041914234185269
0.22810708454820194	-0.08538817508979586	0.8686826994802549	0.43135412963996395	-0.0043716964733303025	0.12314137867328827	1.11518630988122	1.9242797647696965	0.5097137509848002	-1.235297499091062	0.3834486341392198	-0.9826410154695037
0.21169429192090233	-0.10854249685665475	0.8728451832897312	0.42608137620898967	0.0070147393414860286	0.10517170665041946	1.1960187163742115	2.0083402638531638	0.6110694338938948	-1.3344142980368134	1.1332550569594766	-1.1947621339558665
0.19477073970156475	-0.09590080354116867	0.8694173052494825	0.4438253532291636	0.01745188728042944	0.11457703145459021	0.6090879684756629	2.1467391151297353	0.5705839835595711	-0.9211598536663789	1.1340034983500684	-1.0677082354331677
0.231057049553558	-0.10070435750319276	0.8650347847438835	0.4338042109230579	0.035967362766345275	0.11325118308643241	1.1501901797073255	2.0265648875526727	0.5186203549416568	-1.1763377778746182	0.6738689635303191	-1.5312185169002486
0.23308858818045405	-0.12054760761087603	0.8627565714174678	0.4321910258616124	-0.0467979633714575	0.11895305797109483	0.9973111626235972	1.5799808674117108	0.6161430684199193	-1.3271456002683657	1.0586979570928232	-1.1819543489102011
0.20430693735515482	-0.11087808261040272	0.8679014663242487	0.4389894883677928	-0.013477945263059355	0.14347825516368715	1.0113477182022526	1.8550199600298816	0.6089276100817324	-1.2060276572421602	1.0098004418686903	-1.4841409021088012
0.23491728464705328	-0.11435869362399147	0.8661727149300528	0.4260056178941435	0.00536354526424401	0.11494635121462453	1.0070745462740656	1.9602241691227307	0.4657822885337621	-0.9761806760627594	1.6277698360407653	-1.8093218039082857
0.1991639030389774	-0.10130301429283659	0.8677361076204294	0.4439656366806025	0.030913312178768474	0.11611142570175788	0.9372870132044273	2.2938527239700917	0.41903631388336343	-0.7160745297163829	2.0262339259406104	-2.342971136425881
0.22519734156987892	-0.11578851527073884	0.8623982742106582	0.4383473436896081	0.02066486597717609	0.0785499816307204	1.258463266497476	2.0079016122843116	0.5589955982887438	-1.2159021436101771	1.0145550925012763	-0.45971878847792835
0.22783290612150375	-0.10696440401343958	0.8744406704989376	0.4147340074549571	0.010505096631311018	0.10841208581358795	0.9528154216371417	1.9796375124807315	0.6842936648859389	-1.4556466557192744	1.0546955432503806	-1.679437662666207
0.21988255029059853	-0.13973207351725234	0.8622513545238288	0.43433767201348517	0.027996946126218763	0.1548529000075687	1.0605564997929213	1.4547230084936216	0.4277392848357167	-0.9180534154816284	0.36592697745062414	-1.5822196846360708
0.19766222903319725	-0.1532501649100974	0.8570877256496346	0.45038279353167177	-0.021691448625957482	0.102806649665317	0.9013092723308066	1.928308794642423	0.5633278845240367	-0.8114487934066255	1.2085101245833811	-0.4231046603967368
0.20129580399471994	-0.10451185127777425	0.8676835500525893	0.4423601804013869	-0.0070187132597981094	0.08507316025602335	0.9512939420736665	1.806723104718306	0.42699821709994595	-0.8435814250400898	1.4719406630043765	-1.407139470679519
0.23054904029596995	-0.1134999394381489	0.8661309603829108	0.42869810266937336	0.000593089381823062	0.1267277611529173	1.0544999516541431	1.9582662524712289	0.5852266664672771	-1.2310149780689617	1.8575412158454094	-2.1394288532661787
0.1807219117569375	-0.10830202494546504	0.876862455290465	0.4321139855473402	0.005095218873109798	0.15730481344506178	0.9684114629357905	1.973884428767356	0.6905197719725713	-1.311525134429265	1.482279571353704	-2.1208241519792503
0.21751653933969922	-0.10341612881482655	0.8651340574213093	0.43992581431916333	-0.017956151403306864	0.12764983018102413	0.685659581475823	2.2436070369931147	0.562589533457772	-0.9179559316114645	1.2353271430035564	-1.40410516085786
0.2009788549259908	-0.09858823453526941	0.8747254156411058	0.4298177603535603	-0.007490805093585337	0.1493718959922146	0.7640283444299054	1.8017474200124792	0.3319817663182924	-0.6196005788266765	1.463761681064638	-1.1742525702271882
0.20938613696696648	-0.10079231091074164	0.8825500371018119	0.4087833016635019	-0.08948667158713396	0.15523879829541695	0.6975010909368081	1.6538886530903218	0.4324704180391765	-0.8831686168300764	0.9782632071638115	-1.9151385785999928
0.20535603162142874	-0.11335004618854268	0.8690571457281574	0.4355689896727983	-0.05602698903732579	0.13963578505802354	1.0167904377098	1.7732631764375022	0.4519849461522909	-0.9197287755522005	1.137348456675674	-1.6793010153654213
0.19718707463945578	-0.10362472740537354	0.8725228986517388	0.4348367104944835	-0.05639478566813753	0.1330974975889144	1.0209452696233272	1.9645558387011752	0.5152329187686309	-1.028646286745484	-0.3455200014697321	-1.1238167408931745
0.2125286933068775	-0.08877966055747159	0.8733487376128234	0.4291989153092759	-0.04942797412250658	0.11297608398861458	1.2995128467840256	1.9294141510886436	0.42305492382837034	-1.105234660666956	1.6302032675874532	-1.0964079930731938
0.1966327220536618	-0.07546383692794151	0.8700954731269999	0.44561715583871164	-0.022903130843114582	0.12006493501804616	0.80763623147535	2.3650863370853705	0.7493790677805348	-1.4190668990372066	0.5953933399580414	-0.6980539867096156
0.20520706382053056	-0.1122591881733725	0.857998182935263	0.45730411512318453	0.03986975322297783	0.11573587984891831	1.227361884768056	2.321684492952004	0.6042921329699901	-1.1146072109104217	0.8922221244986891	-2.406059748494699
0.20928377933584488	-0.11671810662691433	0.8690918354009417	0.4327315159908694	-0.06096667043894344	0.09522818423087896	0.9063054442175819	1.8968522580728309	0.4818875809432781	-0.894509811188189	0.9430844628940563	-0.7103670594266102
0.20307061071357924	-0.12451968632946249	0.8695511310199443	0.4325945044990306	0.0435773624254932	0.10961743431235237	0.682364905830439	1.9962309087483405	0.5844315258481602	-0.9204724094312922	0.8836696311721325	-1.131042406008908
0.2179600254119309	-0.1171723536542003	0.8676730396072065	0.43116999339049167	-0.020426630041344113	0.11978132493354036	0.8098817691563205	1.8372806023659516	0.3630545192509736	-0.6407124358836751	1.0601650805432723	-1.3489878561084092
0.22968861920514236	-0.08983689629445978	0.869858062558773	0.4272229175422492	-0.007997475269923953	0.12783345097918478	0.9615089489320254	2.022329112500243	0.33741831145725304	-0.7786893378063989	1.9031988814594631	-2.0294730588601717
0.19831223825162683	-0.12155566758348739	0.8699108380084574	0.4349156352137575	0.017739196635090156	0.13441984668551135	1.0231804969017453	2.0649822204830466	0.666926609903565	-1.2233765934098733	1.6843734123888139	-0.7627648729601818
0.1944913067635274	-0.11665082429212162	0.8815049164266712	0.41414345232176664	-0.057797493821854756	0.14670632156022015	0.8464981078876321	1.9665663266801705	0.4038544361770291	-0.7032215758129289	1.0712536824169263	-2.265721088900845
0.2241961243292329	-0.10697706841129721	0.8731090390467954	0.41949089454320393	0.014919615803318654	0.10430935031559287	0.8929365013007576	2.0585422969277865	0.5103380178625434	-1.014460205545473	1.5694581318947671	-1.7410451802890645
0.23659575868664617	-0.1031365365647281	0.8658082469060175	0.4286739803002411	-0.014966757404601674	0.13089863044253383	1.4021643842170097	2.1199382135784077	0.30194258999493545	-0.8736883107647049	1.1340940622826485	-0.9180856699066995
0.21153331706195372	-0.11163326871765097	0.8725339281927639	0.42600025028241956	0.012259948051522251	0.14741663250041745	0.6821391905220903	1.794612114804255	0.6957731498917687	-1.2935260682452625	1.5372757504726475	-1.1703580266164473
0.2332572482047188	-0.08475173970793598	0.8717967128742112	0.422349014676441	0.01681413186738993	0.1298972657045161	1.0269445672936264	1.722609981920089	0.48943472742399396	-1.231767186560116	0.8491667875984077	-0.8056626878746332
0.1959890197419584	-0.09442463431552127	0.8695126229930914	0.44341864082449256	0.0026543073556300634	0.1276565490525498	0.8170453851398299	2.336176414178687	0.49560935171180887	-0.8355036838569808	1.695645809732025	-1.3751328717874252
0.19749846785000819	-0.09762510985774145	0.8793155872822348	0.4222177057924759	0.03794994295646387	0.13588414807659208	0.4473836678110102	1.691019927262479	0.5067977329970541	-0.8737358095733031	1.4750238196313141	-1.6042692639331282
0.2040938148150684	-0.13334163399009402	0.8703882824502361	0.42777325906654334	0.05423078460672661	0.12284476550590935	0.9978297407229554	1.8546222306850513	0.5808175426283411	-1.0797526334379357	0.7972977272241906	-1.3594470534764733
0.21468089613428912	-0.12016119399774185	0.870995624515982	0.42525289224887103	0.006452331836116913	0.14284322611801606	0.9061662320740291	1.5480206371833198	0.8067863630242663	-1.6724917707279359	0.3996762794737518	0.09442937242079052
0.21045100819090598	-0.10123268124216403	0.8755285435052294	0.4229800076925211	-0.03549227787147541	0.13953970340491734	1.0613219667467237	2.47191349325288	0.5245621045841788	-1.0222396679213048	0.905100838120782	-0.42735097548080586
0.23127417058837438	-0.10089459897793014	0.8665940202499911	0.43051985085789063	0.0551199365955277	0.1588257410325857	1.230868902909971	2.103298019837829	0.3354366279633996	-0.8435015240834626	1.1492839114430426	-1.8928635159663745
0.22357491350319222	-0.1088611288230028	0.8755383543495442	0.4142415994879239	-0.023028571092648182	0.13823631736757835	0.5980688672313098	2.018554481796678	0.5546987686274798	-0.9647295764570996	1.4082579359594645	-1.3759337494004455
0.22150065648196174	-0.09768031630395535	0.8665062610365268	0.4365351240957793	-0.04656059517008763	0.12085021725475532	1.0960014049477294	2.2761746181754536	0.25194967773486854	-0.5469056991750276	0.6632060805138686	-2.426176277895022
0.2152905514881411	-0.1181597687658497	0.871903689252103	0.42364159870544466	-0.036831324782561264	0.1192957480911193	0.7813278395494099	1.87424007544607	0.5753539521907154	-1.058455927024933	1.3672617200620465	-0.956947060722854
0.2236680887968845	-0.1246688461400758	0.8692679630774369	0.42285159716294674	0.02227145359286511	0.1620230533601993	0.8238737508687732	1.9363783600208766	0.6206631917013257	-1.1408041097070405	-0.14370388519728208	-0.36790581451694643
0.2098820902135249	-0.11971877248118834	0.8663957758139993	0.4370071891569492	0.05798908961426134	0.1027439416160854	0.6684671282800622	1.3631186394874	0.6911546729056816	-1.3178773511882471	0.7772621905780364	-0.8253955557172118
0.23009589351353826	-0.1021592042544143	0.8665723017690733	0.4308965334984275	-0.030287920823948197	0.1092120322356262	0.821973923157361	2.036794689612925	0.5783502361305508	-1.1191498595041423	0.4103897861603851	-0.7111759630723881
0.2048914115489962	-0.09455943046984161	0.8520515959267145	0.4723199143180581	0.016981821485060753	0.13911108725404664	1.437490647432017	2.2973590611398613	0.3588804913826078	-0.8110545569888088	0.9603972622399105	-2.5940365344299887
0.2189931952185718	-0.1194573870466201	0.8658039904710625	0.43376879003950786	0.01062351610805911	0.12143505607055766	0.9834581351924079	1.829015094920898	0.5246428288901123	-1.0399990512581716	0.4144616191422812	-1.284388304039046
0.21460183060398694	-0.12784736379663048	0.866529198108273	0.4321206483119074	-0.012607574216705416	0.10380840828576847	1.1321374416334493	1.938391895875953	0.4458294170933924	-0.8827735549193925	0.7849323848113174	-0.31826285961754375
0.20774384143237282	-0.0832245097048002	0.8802659584560723	0.4183874038671925	-0.05286470926057371	0.1162773375051488	0.7436829584891639	1.9744131861912761	0.4818422140851958	-0.9902910073427746	1.0034865054741815	-1.454200546277409
0.21913969646586573	-0.10207260234228016	0.8775706184131757	0.4140395959106316	-0.032571731591845225	0.1040939060421921	1.5968713998924478	2.1449495050677694	0.3792173291211917	-1.120152098019106	1.0452215837510683	-1.3391081200446304
0.23109701059469123	-0.10139494324879116	0.8577824094547043	0.4477974711941253	0.01059521986022409	0.12088212154218425	0.6485455102201572	1.9597155892477944	0.6150611432305563	-1.0691447314709348	1.3169947962797557	-1.5135296761732173
0.23448678151368757	-0.11777520438979287	0.8649562620776141	0.4277798677112056	0.022793763408890392	0.12490613427552899	1.34553508040089	2.2188847575873916	0.4826930976729785	-1.1026442281922317	0.6860483714174518	-1.1992280529902342
0.22104458650662015	-0.10635881169509596	0.8684613613621653	0.43081545674673627	0.015591981017621619	0.12747473628238723	1.2770811057887548	2.4194618920465905	0.3584655674258473	-0.7805529319033842	0.19305469236417283	-1.2385901511697754
0.22760616401208375	-0.10959662237032286	0.8768897176570093	0.40896019064956907	-0.019204576020645858	0.11405024144978498	0.8821065641647791	2.101958551796098	0.6953994085164029	-1.4187051403497457	1.106360144856686	-1.2149444228900796
0.2124735612621006	-0.11285688939230112	0.8646513043785132	0.4410174941176712	0.012502821414162297	0.1389389512486001	1.0292115443630394	2.0793810222933273	0.42422195177517	-0.7954601273487545	1.1731754139623884	-1.7309017111418499
0.21611551963777692	-0.1039981948325586	0.8603980136114404	0.44965955546029507	0.03377982803445688	0.10936693423302557	0.8224560630666519	2.297224310751175	0.426022130377384	-0.6791514358544052	1.2196844183871034	-2.158240065624649
0.20806544284023326	-0.10687157051380218	0.879529048464129	0.41438616267847894	-0.01547428141482393	0.11223513039485696	0.6810044022519806	2.266285275638969	0.525134882872066	-0.8720450446581046	1.2527967498630652	-1.0720277439982826
0.21041024385489743	-0.08063166973232097	0.8758091401613516	0.426830660949907	-0.030203342471935415	0.13098255844197196	0.41306556169230285	2.175733787611612	0.42866108660937274	-0.6721763483932152	1.0923946501197013	-2.008248930954412
0.22295744999653627	-0.13757237572759526	0.8529938622492873	0.45140368617541377	-0.06542610390804016	0.16130875324323488	0.7889591406356152	1.672284830634812	0.5758659698047103	-0.9682115414886916	0.5427944137460883	-1.382288885967338
0.20854856563847388	-0.13464795146693873	0.8646611963692544	0.43673612219414787	0.017314513266452985	0.10908853753956517	0.7241305270755084	1.6455480793284345	0.5010308223588864	-0.8304067300212566	2.523552183371541	-1.7460032969310282
0.21789492350876624	-0.10410433011991649	0.8616615542251291	0.4463445493447042	0.06452129346876771	0.11135142381949759	0.9254120837253933	2.2857767427394613	0.5360570613076101	-0.9534855972036431	1.5584897552724009	-1.7483921752753642
0.19588639743620143	-0.10682767457632958	0.8621556498391069	0.45486701649447786	-0.0072712990698477085	0.16747529528551933	0.7339130206169563	1.7033262429875264	0.4863952218846782	-0.8379362997058104	1.1928529039527296	-1.6259715087526976
0.2049777436914501	-0.10810983685579713	0.8786690362929778	0.4174171922982384	0.07616475369225349	0.1340190310193348	1.0922026990864544	2.341198309793339	0.6276917277329727	-1.25127563676547	1.5316049715162743	-1.7283877817588023
0.240245570864821	-0.1341390766255403	0.877259135043866	0.3933257985232751	0.023763335349061387	0.12650641511376107	1.39999058591249	1.8456798411084492	0.48424055848148523	-1.3057068804031033	0.9370742645620632	-0.522136847186079
0.20076380996296736	-0.11002647482588288	0.8643267095731969	0.4478028657399518	-0.02425515308167363	0.12211792019170647	0.9741766379216955	2.077922437185556	0.5277439109285526	-0.9448266705751858	0.2453378022947711	-0.890067335570576
0.21805895738682576	-0.1289638609509832	0.8659018673623708	0.4313149310774495	-0.019285717730901316	0.11968965601016644	0.9713655845998236	1.977180281166297	0.6451296213984861	-1.1950643728841752	0.6849562801214621	-1.1796979337735747
0.21133428972409882	-0.11558670070335385	0.8690849278018077	0.43205198862527	0.016806672425688975	0.12406755599371962	1.4886681802742672	1.8388083921674392	0.28250956498968804	-0.8045088352335134	1.5576999297902248	-1.1355935332051024
0.21900840129556554	-0.10033358917315686	0.8678648418980123	0.4344871773055342	-0.022603236985295	0.11408585115300589	0.9752888086505358	1.901473090333439	0.5470632773085706	-1.1452393386384903	1.2342828968736617	-1.9674192910505417
0.2147226671095726	-0.10643322446312516	0.8681431969665855	0.4346188382023609	-0.02246342424289563	0.09849312946169564	1.0836847018283322	2.1627352337513344	0.3889159953144328	-0.7826157785171692	0.940231851948341	-0.8050400429804512
0.23476323729381995	-0.09594849518219897	0.8628483751082671	0.4372331074617068	0.01902997994871558	0.11400779771953302	1.036021506326251	2.4771581775588216	0.6029509665297427	-1.2025517190559947	0.7929211784476502	-0.8089019237223201
0.19456442699204288	-0.09527800658648543	0.879183129050146	0.42438639328300576	-0.025928065503239648	0.12791490275965714	1.2108071813664187	1.668166534025989	0.5136288641316221	-1.2446540787409102	0.7870661586416429	-1.3871689971707977
0.2042037527403547	-0.12524745671333937	0.862180872378974	0.44638329410656463	0.021516746325408925	0.1432083751072523	0.5204704056502779	2.089099807663495	0.7852263262892408	-1.1685802273423929	-0.11394618253453226	-1.1713099828673508
0.2186963129788662	-0.10899546504393662	0.8717552610828465	0.4246583050685386	0.03599174817290926	0.13832583649169053	1.2646393308607626	1.7469180075161352	0.49141808870431797	-1.211708605158865	1.306382197838705	-0.7652304595330479
0.21602525534922284	-0.11430660128772584	0.8674476967790705	0.43336080038005	-0.0022491137571376252	0.12423363944017257	1.0297526487788156	1.8956901966734758	0.49424732465878607	-1.0026203995751612	1.855024451035967	-1.144975137946339
0.22604435607698084	-0.1225859564927907	0.8718907901213672	0.4167530233339992	-0.024947978083349587	0.1296338526994928	1.3060115509086123	2.086795978913512	0.5868239194704745	-1.3222484275570894	0.5674690916553246	-1.1386178179381743
0.2349745430408586	-0.09443137335925471	0.8612879975858169	0.44051409178690115	-0.04492853029356097	0.09607521039543344	1.365030312256532	1.8577133794782028	0.4744187404591978	-1.2574674123765879	0.25540330646464765	-1.541017501008776
0.18963372529157144	-0.11928736532872701	0.8714843435669861	0.43626209280957595	0.006500525741407352	0.13167679589735345	0.6568371173470192	1.828097859620331	0.6798716440155002	-1.1437780037596696	1.593542379830977	-1.088490845855758
0.2170531412642149	-0.10501593317196672	0.86650360656628	0.43707103250500035	0.0012308234603933277	0.11309368624598597	0.2957462924589818	1.518905985062483	0.61886318326492	-1.008830326998947	0.12248704394058037	-1.0146795507595183
0.1991745409253193	-0.08438570130611146	0.8738456655492739	0.4354334719139201	0.00480184964721999	0.10086172037530831	0.7458129878125926	1.8128559196190233	0.341044830895151	-0.6742439603115266	2.199695437669933	-2.7598413192243005
0.21435632039932034	-0.11564332769829413	0.8820680057655009	0.40327908682276237	-0.014177799060523884	0.11122024167449727	0.6792346678605801	1.8925552643882413	0.700230023441578	-1.3499022726585466	1.2670651608933807	-1.116177394569751
0.22432960300198962	-0.10634827720777765	0.8814719218637047	0.4017132361745305	-0.010835897532464783	0.11027949416347989	1.2091446578760854	2.0732672352315293	0.6360253724948247	-1.5219738729160872	1.1941426512349793	-0.9914891296696552
0.1932789124250018	-0.09332869327773466	0.8603389421532701	0.46233096547546004	0.014860822073236754	0.11840706327429891	0.6556325063825896	2.1718637409832366	0.5687579057317423	-0.8940506664837335	1.7221766496072843	-0.6780015782773975
0.21383306260116594	-0.12134566001072929	0.8634313757373095	0.44049621057115057	0.034984618334759916	0.1151411352314805	1.2034663153931755	2.0933397900967416	0.5202380830161505	-1.027280286122543	1.7630038203611784	-2.5057249011752534
0.21515256573617225	-0.09367346721593939	0.8734443115645225	0.42664937547412835	-0.01785125134803839	0.12340809821493492	1.423435905681703	2.1004334188414777	0.3687374707401039	-1.011539398290068	1.2328559762646305	-2.339285102439202
0.21674994545080944	-0.11050544934688038	0.8659803905336351	0.43690498969790686	-0.001725706083854644	0.12443942206982822	0.8154792429740105	1.8721606650620837	0.5284741597199955	-0.9785179734511704	0.06640444286776741	-1.925789219456389
0.21507406952991534	-0.10666936358065347	0.8726147289385343	0.425333194482476	0.07212601969465424	0.1237219777980925	0.8961824629275621	1.8148701434024799	0.602794514502874	-1.2347071539583272	1.0403324764031454	-1.327213374801505
0.20431377043607926	-0.09780487659061296	0.868350900070402	0.44119927886637644	-0.010282529346790636	0.10979099485346139	1.2825567129789348	2.045687641322873	0.3407157564884362	-0.8110317071655463	1.3812669658152894	-0.6858405359009537
0.20616856388304625	-0.12371330758276289	0.8662902240165442	0.4378707441319877	-0.05225226553780887	0.12490124514268201	0.9945091521701842	1.6817724318334704	0.581121148169802	-1.1427994901750762	0.542778857790848	-0.737859883132252
0.21565875586537023	-0.08901962844233031	0.8617424909460256	0.45051824166034504	0.045286875528833946	0.09768747005543969	0.8600451804375496	2.2524278178796986	0.5499457110454494	-1.01855492330474	0.2995428015122548	-0.2393990320046484
0.18575348689286678	-0.12436116163607835	0.8487921299236707	0.4791470168573579	0.0005601984672523992	0.1539561811640772	0.9390481848566749	1.8366332183848353	0.5030098607550728	-0.7784175464328107	3.079887428407888	-1.14478733652738
0.21962035786102935	-0.1250075288313969	0.8685134078492344	0.42640881385657414	0.014029961671875939	0.15812616864212517	0.9568932627981945	1.9041479671231951	0.5586494408781298	-1.0724800326362465	0.136982566828102	-0.19675987840506934
0.21356243016732002	-0.1260478803106719	0.8628401251065664	0.44046559320371437	0.0024435403737099893	0.11330566696272265	0.9539681793593693	1.4929866245822359	0.4073673529032505	-0.8332929216996134	0.7141389243765354	-1.6070356897613083
0.19494398489272585	-0.10263765955011483	0.8702197247610235	0.4406585801196522	-0.002505896224383476	0.15091466692957492	0.6357321668752697	2.023307186510806	0.6302828595224499	-1.0546696360020478	0.8972208628676782	-1.0791136097634058
0.22229011703468918	-0.09421112297737283	0.8677090606043214	0.43450242153665003	-0.012612319160912511	0.13989324355988442	0.5964749487479105	2.1674833094477624	0.4451160955323119	-0.7240942813371967	0.9026265675041549	-0.9045806938239506
0.20303377813700668	-0.11755810626977047	0.8623359697715588	0.4487026318441016	0.06296571122007605	0.12549079596023316	0.8300351757214411	1.6414710923050575	0.4497813149114056	-0.8099340748037004	1.5069498183276548	-1.2444236686618255
0.2208358210867604	-0.08900401890416752	0.871044916264106	0.42964005701784785	-0.024346435671814628	0.16564816212345565	0.8763602992720185	2.2855737911205365	0.54140141028976	-1.0746005450272684	2.242288590013329	-1.5838706046597653
0.22580129492166737	-0.08944156270067691	0.8684911068703599	0.4321309747755373	-0.023058091061603104	0.12980192280084005	1.1572156066317982	2.038114017844095	0.4991187024952647	-1.1859571844367416	0.5770719316573377	-1.3384334342483644
0.20603228882550131	-0.10806082978839879	0.8671873081758752	0.44029504376661743	-0.0037377985143007973	0.14885304164670052	0.4746933473531727	2.0356253680213343	0.4216434212411798	-0.5529805919050368	0.7815626415768834	-1.847396813518391
