0.22414131021036418	-0.09267595971477502	0.8684102528932566	0.4324759787756968	0.10392545409520211	0.03389038266820344	1.1210317623347865	1.7847147656436932	0.5542057481111109	-1.311396137541802	-0.754913111537299	-0.34391055085038974
0.216576070756438	-0.11289070461906454	0.863927762824123	0.4404308288574034	0.14103925880325244	0.0015646249169659684	0.9331670962852618	2.294285563504285	0.6551009909976137	-1.1558184610018758	0.037248695788737005	-0.4674465175063674
0.21534796669574713	-0.11919301122775114	0.8714139866294387	0.4243299933083414	0.11378909173431195	-0.010575724768282288	1.3632513406539377	1.1006324400640917	0.21390127577940268	-0.8219599804190547	-0.3707439637183812	-0.4590976941379244
0.22284171595345373	-0.09876719231159817	0.85955651703291	0.44916500907801865	0.10384108744523814	0.011794360392754763	1.098566515035561	2.553722674468169	0.6359785587903865	-1.2005430806112771	0.1763725955250636	-0.11097232301218728
0.21083345168871997	-0.09335026005617049	0.8714965201413064	0.4328149719892543	0.14391052686377867	0.03403776192042205	1.2329161834637314	2.2294005625144795	0.3794941503660527	-0.8838711887026299	0.19931749841491894	-0.4465537331017148
0.22487119169506256	-0.11879100481040772	0.8574543629597279	0.44731829804190154	0.12403881560145702	-0.0333856208336655	0.8845103220376855	1.5658078962002708	0.30305528527964765	-0.6097516569934406	-0.22172518308875944	-0.49635950224201125
0.2358903021827952	-0.07660974530569054	0.863708305850534	0.4387421505452913	0.13440767566978065	-0.01970620864576549	1.4704549895662544	2.0847101784799205	0.23641418970509906	-0.8919814401426498	0.7446516459024514	-0.763691622841638
0.2154297770552778	-0.11147053605490205	0.8550195366024066	0.45837312615134007	0.18155004709291322	-0.014078022594391172	0.603033281237278	1.9329336424345587	0.38245237849567737	-0.5267552081735016	1.65632128985	-1.131430435917644
0.2307973536573839	-0.10116234372731435	0.8717540835244562	0.4201708933455298	0.13029999943921244	-0.022667237361731405	1.1244863240510399	2.435748435651638	0.5090733313195306	-1.0874365882114945	0.6277608848203681	-0.8710374528897322
0.21226860314756107	-0.09406311039915702	0.8682473558414198	0.43845262053522077	0.18679675547558325	-0.05393329993752911	0.8875567178669694	2.2398265492263603	0.6035993489110638	-1.144454127810004	0.14435211621326946	-0.8868547092030997
0.22148244887340843	-0.0809372542217854	0.8737461151455171	0.4253967700725908	0.095943686180237	0.008004872615580942	0.9613660194847948	2.2756003961960825	0.5274059235839604	-1.150840259642153	-0.6326940095137429	-0.4753584566079372
0.20085143527317065	-0.12266861712842901	0.8646670580822933	0.44380399951760036	0.02881627773208331	0.004182032990401395	1.1825513124828828	1.8284756370421755	0.6853939154325426	-1.3651478844050045	-0.7640263062402405	-0.6714146810040723
0.21603710616795418	-0.11576174076846946	0.8570107383924012	0.4532767172632421	0.13788504327681086	-0.010197572066018892	1.092957141720493	1.72608134033674	0.44670396025792103	-0.9246784409126759	-0.6440794638320441	-0.9325028378364927
0.19893254457488127	-0.12845834132084405	0.8708837945752735	0.4306805238227439	0.1180200486131089	-0.005102904463686387	0.7886583203306988	1.920193391947083	0.6362504223039841	-1.0781196379014488	0.3933896890408004	-0.42088685126491093
0.2287417622917589	-0.09964765422201788	0.8698994581031099	0.4254673712326543	0.1456267408312313	0.033441353916991136	1.1050120690409173	1.8674556298863594	0.5218766155375466	-1.2237249091242224	-0.32570865598262555	-0.46570065260856214
0.21498968775227875	-0.09586042886606859	0.8691781356907359	0.43487881159579156	0.11482839094795079	-0.028994505088757797	0.6228940261217792	1.9670971640386692	0.5311376245837139	-0.9358980338685298	-2.0746743362559434	-0.9379947607539482
0.1908723487241453	-0.12422844015455227	0.8740015125830144	0.42925097222009645	0.13192937044003675	0.02505858297183441	0.555960010214378	2.0628930166171466	0.6675845147739891	-1.0094730472818418	-0.8089380737645541	-0.0747664099906164
0.1986092488433291	-0.12638488177093732	0.8622235444020637	0.4484994842944386	0.1385971707269285	-0.009756948915299686	0.7669465641166656	1.7606466187311167	0.32607593303774907	-0.47035486186418207	0.3039091676719514	-0.6625644292319248
0.20921316778938687	-0.08956678248931306	0.8730853649780583	0.43119553262896	0.1946220305434477	-0.0050183800992909255	0.9834125555504897	2.229091813841275	0.646420080635381	-1.3229965136793644	-0.3466075108992939	-0.33068075080000814
0.24836041599673592	-0.11933246433198696	0.8584509946343878	0.4325953727602893	0.11173871527982933	0.033312236016012346	1.1333948258896476	1.749750455731387	0.39414123094045866	-0.9501703767716486	-0.5461689977511354	-0.3166287144944181
0.22598052698480264	-0.09981187923772987	0.8656525869994799	0.4354491805111266	0.15359651952627484	-0.007663084047006064	0.8710145204582469	1.9293922880450662	0.6385414618895199	-1.2791644665062538	0.1173486017181571	-0.5374440884911001
0.2083276059338934	-0.10577622680519204	0.870047322339529	0.4340836962367103	0.11434171877526256	-0.020334840401175443	0.8961345133340797	2.332790410610391	0.5050317826614146	-0.873880644874503	-0.062294576569602994	-0.39309361607772225
0.22318919256383432	-0.1300445271742472	0.8654437707229486	0.42928089287967897	0.09178019616412286	0.007035890578420845	1.2719068946824652	1.9182263873950929	0.3153373870938915	-0.7159130809513855	0.6364731371957348	-0.5563160740737191
0.24670380528861066	-0.10846886679362414	0.8623003551095533	0.42873049223324955	0.13793403148399672	0.027603138923234766	1.1457260014298836	2.01940151227529	0.46483371600055134	-1.0832890534282698	0.87170979626507	-0.3898471590565356
0.20737467152366626	-0.104559586755379	0.8637246386183587	0.4472614303420111	0.11169935956071125	0.012533811360236638	0.874456583574166	2.255872364634555	0.5686980174273889	-0.9763094345355697	0.4211136005930007	-0.7080771377081786
0.25245960247245336	-0.1104179212608959	0.8674102217182287	0.414332642984603	0.07574517396960866	0.028816808970704214	1.3047217563717837	1.7303639977154779	0.3009797296950544	-0.9639579239733369	0.1105989353140312	-0.6245308205794047
0.21260971611514048	-0.07814435223417249	0.8820909181503601	0.41304501079663913	0.09941599090679713	-0.031561730712133064	0.8620434521177261	2.4876084326816095	0.6622211184751624	-1.3873197435761702	-0.8489704866937718	-1.0245404305877306
0.22863650271920608	-0.11321425025866433	0.8582018650377226	0.4454182775868921	0.1561906407185922	0.003762632900794751	1.2307677921344398	1.61686054656597	0.20541739308646115	-0.6165808472131866	-0.29643539703620075	-0.7178065937988173
0.20961895293647115	-0.11714886610927397	0.8613032339001948	0.4477641980017998	0.1810655913352891	-0.005041624745429661	1.153201660080864	2.0118632101488174	0.4264796459656118	-0.8338624003523931	1.59553309997653	-0.6387861251121774
0.2262579262205925	-0.12448838445415071	0.8608841262066564	0.43839310464896036	0.0950337300521743	-0.0225923070470854	1.1143622019866237	1.964761121223754	0.19070052099650103	-0.39169045458267304	-0.6304262649991158	-0.6440748034024262
0.21731231645478183	-0.12505823276149533	0.8627571558688282	0.43907389529868335	0.1509989702095609	-0.0008140293184883757	0.8386226308540157	2.0321374966754417	0.5598034995133102	-0.9362478206215523	-1.517951945878224	-1.033978546846587
0.22874330309630192	-0.11009959765313931	0.8629167806752029	0.4369544707567988	0.14334720049652827	-0.027475713130281198	1.2465420243478051	2.0660957682713477	0.5589000816447052	-1.2357033114569462	-0.930944188588568	-0.3100154781149981
0.22057693037817694	-0.10237692483236631	0.8739106292808844	0.4208859644567608	0.12818315053320703	0.008947217032239456	1.1161841538821322	2.1707786353593597	0.643528853062742	-1.3931411063266654	1.009962392588556	-0.20015482835031081
0.2072885351643536	-0.11251031676918723	0.8676339443137475	0.4377033590052543	0.11786673340691368	0.01063688856116556	0.6621693987765178	1.8789652202462617	0.6523683241662944	-1.1237612065268598	-0.48243254388068685	-0.7076894309257291
0.21754855842039653	-0.11245363136208825	0.8638021354997478	0.4403097503221592	0.08762511551094698	-0.007595175018012911	0.6805404400366587	2.034487181594508	0.5285919230151036	-0.8536353141855059	-0.033719373799673144	-0.9683723958256066
0.23367212904741824	-0.11703006920331639	0.8663832374126061	0.4255365847247042	0.11245528978559886	0.007824418750078797	0.9352052375799775	2.009452113077318	0.31477532018474846	-0.601784075116226	0.7168093381292328	-0.5753035093147802
0.20858922935247362	-0.1264861639837715	0.8690152897293851	0.43046975496004874	0.10054673943888469	0.0018311802197922354	0.8684621478613528	1.4750143734661119	0.4600661614545306	-0.9161792768721617	-0.47756317848222557	-0.13437798987673638
0.2368798867414092	-0.0800258034298984	0.8569864582715608	0.45061957390013896	0.1041372876035831	0.009829439912062215	1.092882011138412	2.3470809952686698	0.17895058453510485	-0.4980097743265498	-0.24250513968008636	-0.8324007494503715
0.2140495247613089	-0.10199170634743558	0.865759177492491	0.44072841906702787	0.19486600727667847	0.00610988883237818	0.8983952764395305	2.0029005190232287	0.7049254554595974	-1.357565105897038	0.5394558647877284	-0.7929296177439644
0.20468950409559333	-0.1198684496313546	0.8783235146529879	0.4150681453733807	0.1479969835427067	-0.03769468663258413	1.137672132593794	1.7359406550621748	0.6298402959977433	-1.3925148883698042	0.5538334365432531	-0.3465553891789061
0.22591618570390537	-0.12010289477691931	0.8666392783812643	0.42833810578794446	0.16251184535138333	-0.016853626002097496	1.0481347599254232	2.105822903955256	0.5805173910390607	-1.1368924377520016	0.6022787134651677	-0.04938716776541815
0.20432751046441838	-0.08983513886581856	0.8619512396487882	0.45521420975216625	0.12042378108502132	-0.038944028473241465	0.8502956618872048	1.7091158599153882	0.3825347299928291	-0.768707154496299	-0.8266766848609327	-0.8675952254360529
0.20089925890069785	-0.1041325917588632	0.8605486123020849	0.4563463344562858	0.08164069039185345	0.02718200244699336	0.3546116701098278	2.1440979229643644	0.7685051009585114	-1.1160531108533243	-0.3118228222583484	-0.3732702552122074
0.21301542896952447	-0.09024786928130862	0.8727501440206884	0.429868509224601	0.10811949415053028	0.0018806667453654432	0.9069221231603033	1.7796341046723096	0.5594449661613546	-1.2116167680865415	-0.3256191396154658	-0.3751697184369667
0.20163216214586793	-0.10128148758924331	0.8651679498326447	0.4478514821260176	0.06634337328143708	0.002322575483480357	0.922177605621638	1.8960383558523426	0.567797355002711	-1.083276872373024	0.0257015397763041	-1.2391447634025132
0.2428756484178885	-0.12425944398280961	0.8606474778786246	0.4299499143014634	0.15198513584765536	-0.014404993597794407	2.0143738769108603	2.1197800037098595	0.10968109314726572	-0.7448226465921393	-0.7038015802115675	-1.0575040725726363
0.2244031513542238	-0.13439885571599552	0.8604819265039542	0.43720821973582336	0.10598367391505925	-0.03099298338568433	1.1875947940923905	1.7929446355416585	0.34726093017163395	-0.7418480405901166	0.9135444578953426	-0.6406356267226221
0.21927281594871154	-0.10653883068754842	0.8550364194870214	0.4576916331903684	0.2072577702613454	0.0013233341146770192	1.217649044301765	1.9653933141156446	0.2934025378773482	-0.6739832287496632	-0.3667511068211469	-0.7667065620927912
0.22263277277383461	-0.0932697280828296	0.8676565130338842	0.43463499824596513	0.1683240383570862	0.004336950204259532	1.0061560079006815	2.260642580564228	0.38735176516117453	-0.8035295509725945	0.11237717172963069	-0.663997714439177
0.19695282639001305	-0.10538631932151085	0.8733171849696787	0.4329207806440873	0.139429243640083	0.0009606101963657911	0.9221439351253958	2.4012853091852353	0.6904227097392082	-1.2277402126627381	1.2592305202512641	-0.6017787197325937
0.2073942636881465	-0.11977347965300704	0.872542197043837	0.4258075238167783	0.10411804492337368	0.015870000534608204	0.5438183996685346	2.2257308411404386	0.6847218427174774	-1.0419026559155613	0.06814740401812061	-0.5009900578242449
0.2011607607920228	-0.11248443284917235	0.8736568683867455	0.428491863405642	0.07816033149510294	-0.024904664948602606	0.6457422590298864	1.9943024783492127	0.5188439301218264	-0.837499179598619	0.3243286522206439	-0.4258649195622209
0.20931176430137646	-0.10524417170319386	0.8710535280517523	0.43171518494969446	0.09028711861652482	0.0023025047835825126	0.9191078528779897	1.680517179307626	0.5363344041161233	-1.1180783985558718	0.18457062226663004	-0.5659112229644246
0.21315525278058484	-0.11493242938195417	0.8606032696938355	0.4480149406891321	0.14518001097559924	-0.016894273070051268	1.0100794149355352	1.8721061005951463	0.6151768330911048	-1.1820168854199544	0.8861665047022983	-0.05750379278154944
0.2174057758988935	-0.10642260862594459	0.8775383141169384	0.4139268827170453	0.14681944448636083	0.06459530766219795	1.003120878358374	1.9564960598962697	0.38642321414680864	-0.8430716845610823	0.21984124321403073	-0.23599857323610793
0.2170002352420174	-0.12137874614510906	0.8731892307195037	0.4191881024607348	0.14115104147430138	0.021555178010625082	0.9019523208452616	1.8042113222520761	0.39677163878272237	-0.7709848582713855	-0.6897739699347677	-0.15139114028676817
0.21695896127044687	-0.12599385861910561	0.8736897366423217	0.4167980335853181	0.11934453380052469	-0.0176178355709699	0.9945902557432997	1.7410443279509646	0.5991932167824526	-1.2474467193771457	-0.6198809856158747	0.027470284590394634
0.21634791113979665	-0.12697024583866987	0.8661205686416301	0.4323277675479723	0.1256009557145589	-0.03272594852841484	1.2409846319847888	1.907515160851719	0.4705388178414614	-1.0034750136673387	0.13609616993682813	-0.6734252035712012
0.20846831921818454	-0.1028761920532383	0.8728943188912182	0.42896731465043636	0.10875513271925406	-0.023259383699902294	0.5037600069238063	2.0305032791226987	0.5094503877360574	-0.7945218532895889	0.6055827497074543	0.20725242489491355
0.21488519411469775	-0.12036568654373181	0.8629267854389896	0.44124122407712174	0.09511620331805336	-0.01472641395521609	1.2563019107137647	2.0179417133265005	0.7069457362048887	-1.4439089483904213	0.3004012752472613	-0.12904761529548384
0.23605074105433196	-0.1154502837677762	0.8616542956020736	0.4341694997303876	0.08655492624690354	-0.011053032348791035	1.045594390818882	1.6139102340809277	0.42687266424933673	-0.986489381189146	-0.95619467847403	-1.0812424356169297
0.23334948202425018	-0.11705015137110047	0.8644321044443044	0.42965616265684786	0.13995404697344369	0.008020251115395925	1.0390379746394742	1.8501504518613816	0.48964204270380407	-1.0453961171122519	-0.40654546036257205	-0.04803606627011207
0.20781092703823767	-0.10404954972487644	0.8667116855227455	0.44136058272559886	0.13407489670044984	0.0042402162959591224	1.125813037730898	2.022900104976916	0.4199898739163037	-0.8779319057287192	1.5424821882383857	-0.668324073231615
0.21685819394355646	-0.1012561356241668	0.879046481245594	0.41230692757670057	0.1506196746572659	0.00843094371430603	1.029502467138848	2.299544771450347	0.6212908174999275	-1.3013522196666032	0.4501563684227701	-0.5206710157778155
0.23225329086642024	-0.0910288545226658	0.8787686366165667	0.4068634166708406	0.16422976870108874	0.006435809749755561	1.4969133550171831	1.9922682219994492	0.3971869186301859	-1.2666279260925097	0.9430991516050752	-0.8392144269667253
0.2228390179075637	-0.10172500807278667	0.8734507505866361	0.4208070592685271	0.08250461914946143	0.010475706056517297	1.1171520485142201	1.9576402391965608	0.5886150879010114	-1.3401162697281372	-0.14700721859997376	-0.1105329917616023
0.20853469340165948	-0.10211518991908554	0.8660007615574017	0.4428639188482906	0.17405710258809784	-0.0381112750758569	0.8560634955039912	1.9962255001800149	0.4943923822854542	-0.9095755037123398	-0.19042364141080728	-1.20368991248685
0.20274594425942488	-0.11328071672616032	0.860095933063869	0.45419879703864696	0.12228919577024938	0.020786207728325245	0.69490052501806	1.834225929466739	0.4517412235060782	-0.7081626512783613	0.4388638966085408	-0.11011989778807145
0.1980945732393135	-0.10703130418953094	0.8687014873892391	0.4412035423524455	0.10816676232437406	0.06074647978255437	0.7017598539567605	1.4717200026661714	0.5917537912060422	-1.123182518992367	0.35947165252148366	0.5403994548203165
0.22338993266447307	-0.11107886604880422	0.8698349375942114	0.42561203559338917	0.19125039646666234	0.0332332783521296	1.056353664003526	2.2454301646879506	0.6547866099718024	-1.30662472134584	0.12639853226666733	-0.32406391792552935
0.23976508743966157	-0.12574192510393062	0.8730903059059943	0.40548118186814314	0.10209575422826433	-0.020705593641605773	0.9182551971320924	1.7330937829804525	0.719800945748906	-1.555421669593321	0.3809138329009392	0.10405173610448916
0.21783394760805436	-0.11273766585347121	0.8575159079751343	0.4522223540881007	0.14039865552523192	0.011111040606213518	1.2852405456778826	1.911686219550584	0.2041450270475201	-0.5296235038287507	0.8416392344439988	-0.21402867541723816
0.2179379524242538	-0.10943054704893283	0.8677023160201002	0.4331520460981906	0.12596995206431902	0.044805911785886034	0.8470600732575652	2.0929293784009615	0.5692851055281166	-1.0378483484607128	-0.3614098473650105	0.7037821530584112
0.20592186363811465	-0.12350948615830404	0.8560422550882218	0.4577480206491222	0.17449788243823564	0.01656741642813007	1.015014537363758	1.7842444251573384	0.4442254018247507	-0.805941852559184	0.4818261029052468	-0.33179600826758526
0.2149775084241155	-0.09554230569542395	0.8644073526098907	0.4443605151767219	0.09088211050761241	0.005829566951219728	0.9779335020531381	1.95449393172924	0.3935756267585402	-0.8184942273824868	-0.313610996467439	-0.7363258595692365
0.20532771640859318	-0.10137978327516893	0.8713486435134545	0.4339518520121499	0.1796880836878906	0.00638824451018542	0.8128864078320754	2.3147701624091264	0.580893452154606	-1.0102455651493998	-0.32890553350346746	-0.20805690037705082
0.2182955740349881	-0.11257061635451482	0.8632940204459727	0.4409062632266954	0.18393863446640515	5.12081204796567e-5	0.8380008584706702	2.0108007906150167	0.642755428238033	-1.1600236933357033	1.1250932716013071	-0.24429369245349516
0.23102232978928985	-0.1091801262443354	0.8555355228096531	0.45029696021937904	0.1750128259282189	-0.0058277991787585295	1.1859708691809234	1.8537387266226975	0.27538434616818663	-0.6822062833527868	0.34446769111337794	-0.9724585941898587
0.23130017352096455	-0.10471021363927187	0.8535226309286296	0.4550111200635213	0.14048000919818746	0.028469834760330662	1.0364512921180278	1.737014033629344	0.4718671412570405	-1.0122775393870915	-0.04889759030353419	-0.802797142187766
0.20625669973779412	-0.09550485767348346	0.8650486644755149	0.4472446803072889	0.14995342395062125	-0.01617811018661574	0.9379555102583338	2.002891475681649	0.4374503560738877	-0.8509650439238662	0.15110352084238313	-0.8181225202371301
0.22174003259094163	-0.11426496271078046	0.8599646037931578	0.44523674204421776	0.14845684652987512	0.0015682246330527936	0.8666053598569675	2.1359539720346676	0.41227899106715304	-0.6797321748143931	-1.4112823061823099	-1.0205253366486673
0.2274289004736148	-0.09706803924803248	0.8673986550620284	0.4318257335806766	0.1286779885817286	-0.01969436580567148	0.8130752381805173	2.209705452201028	0.47085070078298397	-0.8772990282763489	0.3449735963164738	-0.7827658273939578
0.21688110969017615	-0.11669860984267308	0.8706600540418526	0.42578761021920714	0.13486439095711347	-0.0005639140489786238	1.1363605391947995	1.607895064610953	0.5436772296182808	-1.249858026123639	-0.4766517434845728	0.696799708439468
0.21583715904786469	-0.10518377331983383	0.8670695172151124	0.43651019108458444	0.09205554406339965	0.008450428168581733	0.8811962712841149	2.216179169508578	0.40601942127690505	-0.7081985306556768	0.1385585405647858	-0.7279784634408694
0.2313859558509256	-0.11719226997257177	0.872410736215951	0.41427770713468526	0.17657053149390842	-0.011765292119860986	1.1973589188871332	2.2201866816301394	0.4594243456300662	-1.0081885782743634	0.34191896368049446	-0.9173958763447847
0.2313100328044287	-0.10181015571531632	0.8658233721061139	0.431833589744979	0.07970468868326368	-0.031092928248843896	1.1267029902830696	2.1194371381978026	0.3097926596963737	-0.7249626089332192	-0.046258254917686266	-0.716919834085891
0.2079531415175737	-0.11898553166693887	0.8702785414188379	0.4303640256025218	0.09951030640115067	0.01355657137962779	0.5143503071314479	1.7946261412068214	0.42846046975821706	-0.618792820700121	-0.19113724463435708	-0.7850240090802796
0.1756668548520631	-0.11591852506639062	0.8572192260672019	0.4699779251343238	0.10404557562082213	-0.006526802085242533	0.45090019639226353	1.8240118454821306	0.576919063303171	-0.7709246543124291	-0.19944167387866538	-0.02869229077968662
0.21981083342452243	-0.0900267100399834	0.8675457876830347	0.43696990200929936	0.11222040600008683	-0.007528041529160191	1.1418057256334344	2.304548411412379	0.4482522418572623	-0.9895182684380652	0.3480314112229464	0.11338925193798116
0.2217956568995658	-0.09516897954834469	0.8683823901579086	0.4331992340434765	0.07662803975471326	-0.04410696534784322	0.5016417723288068	2.6390014351789715	0.59678012806331	-0.873372381765841	0.05547407717940169	-0.771417086954116
0.2361024409151551	-0.09582287445637219	0.8687757367519084	0.42462022250006254	0.10113765879895452	0.009991041815177092	1.888872843269949	2.374427458092831	0.3034787296965745	-1.1353627455470392	-0.35338305118093505	-0.06265583724249228
0.21352143939377413	-0.10455308963514492	0.8664862902977282	0.43895188243478045	0.12292705206602082	-0.015521510989479024	1.0615675187384828	1.6962582488966593	0.5018883848570166	-1.1030771435037388	-0.9836592609259429	-0.7542322869153523
0.21780720909067863	-0.09591572251961347	0.8687256984405838	0.4343683399035775	0.13792571359131175	0.004556947233757186	0.8948944815438387	2.0576139807823464	0.5364298984299622	-1.0672218332104981	0.01862097393497499	0.3125764236959804
0.21132435068683467	-0.08435938598530386	0.8744895180684953	0.42836152440584707	0.09264673599846686	0.0023701612944563525	0.8596766144551401	2.1659359278107835	0.5014708127788665	-1.0212974832321278	0.2988331196597797	-0.45606543260238963
0.22752086898312998	-0.11090356451512164	0.855158395970798	0.4523701707182442	0.08740272393359473	-0.023901463476953298	1.136761951439856	2.0915713957953677	0.45137077971549716	-0.9122348962606581	0.007766870013766414	-0.7093535457460226
0.20363310389900402	-0.10333992024676966	0.8635412576666668	0.44961196179296664	0.11450255584511733	0.01585751265247277	1.0862708462564978	2.008529124931084	0.580618942458922	-1.1454941595787393	0.7628082132310827	-0.6227135556608137
0.2232657404542463	-0.10674346162454866	0.86156086023049	0.4432506363884021	0.1069163811960815	0.06420408912470445	1.182813805737972	1.9227117374335048	0.16612103768910352	-0.4556525386567508	0.15730586521698744	-0.4498211545875863
0.2188252378389505	-0.13334226384127523	0.8605294433438683	0.44025496373885753	0.13866274967659867	-0.045441793345040164	1.1541388326673214	1.8900190015243994	0.3457554914343303	-0.6770351212784448	-0.844572727067017	-0.9909275357784767
0.20663900331948187	-0.12200732682810062	0.8782355081029503	0.413662817781034	0.1108656239748755	0.009093331965223612	0.6328164523548327	2.1924673672711843	0.7789516137876521	-1.323228535788598	0.312560392052982	-1.0046860641059545
0.2130862520581086	-0.09938672895340857	0.8696968708444323	0.4339860367974677	0.11503786155025085	-0.03209415451148172	1.4511741917914545	2.10657616259964	0.489759918746917	-1.2115648424995074	-1.0662542065197622	-1.103077817585837
0.21970257163151682	-0.11376164141207298	0.8569074986357231	0.4522152228127637	0.13270949722657144	-0.007481145337566203	1.0996314787151371	1.7507030740403398	0.36183368087224993	-0.7794673531745094	0.1752517888799412	-0.15389785746899098
0.21408876621830208	-0.11129715159755856	0.8641462104593854	0.44162231734150226	0.07192711023053062	0.013425404994463914	0.884560019378121	1.5307920299927946	0.4512683641508373	-0.9260478949780108	-0.03454642288654275	-0.6511859009346909
0.23093980078360474	-0.11625924336609864	0.8600337403693731	0.439877894616491	0.1323859114142747	-0.05411037649248507	0.702681531153876	2.1491149277691877	0.7346449521288735	-1.237257225456019	-0.31337536125596294	-0.26347352513596506
0.23323639663526916	-0.09536497446442399	0.8731045265976853	0.41736649430042505	0.09976173926445886	0.0027676715520528537	1.2011313944578568	2.0135592044860107	0.41124204775042594	-1.0714368204811953	-0.145648952985847	-0.8655687188747273
0.22221760864153547	-0.13409634817015906	0.8614795283045082	0.43645220371686366	0.13577787717176884	-0.017553185089301603	1.24233203288366	1.783932004444288	0.46139277598454564	-0.9951369557211961	0.36960153026043935	-0.11524264479261111
0.2255866558549016	-0.12034070072999614	0.8590261214840039	0.443512005537804	0.14360372034427538	-0.024217714034464804	0.826533282296855	2.157792420785287	0.49983420770467507	-0.8030341085280167	-0.6293531129139643	-0.5043868325773111
0.206537924483182	-0.11992530202298884	0.8743566805909323	0.4224457394635206	0.12180851012786671	0.012715887554787787	0.859255401537984	1.6989832996031502	0.605337067605667	-1.1906813206515283	0.46285762281848714	-0.5269537681297028
0.2579835156276113	-0.11227821477722853	0.8603743432629679	0.4249636426868459	0.08538038274528842	0.013235336144922468	1.820484426591364	2.1256374752470504	0.39290177222196365	-1.3390199504541844	0.9552744876284978	-1.0638547366817168
0.22958321285133013	-0.11234998358289995	0.8651495262068696	0.43149197775834947	0.057796209810366615	0.03496458002098535	0.8910588510614206	2.069711867572535	0.6067688161227817	-1.1517845960678423	-0.5524685303250123	-0.9955706146266344
0.20270857417872878	-0.13302814400351617	0.8725636889617975	0.4240817793336401	0.13237470373917612	-0.011883823411796855	0.5883274587543169	1.7094614550214529	0.5841447143822409	-0.9468834129282708	0.1782137818791343	-1.1550143290561443
0.22228648157283085	-0.11752637249816085	0.8742505599787758	0.41528572122599194	0.08761385199931442	0.011904936453663134	1.001731645143395	1.8701739616484419	0.4868440238314563	-1.0318204546450525	-0.7386858183627935	-0.46792332365598366
0.240171336599458	-0.11160826029813888	0.8568167469659312	0.4424097506022804	0.15096161811435138	-0.01862605633216622	1.320606158724145	2.3565158258341543	0.42554099264879336	-0.9465789644729986	-0.6922728451399033	-0.8876043854263851
0.24426003270417798	-0.11012308042575375	0.8644385578716285	0.425389143309648	0.12170412346296228	-0.019234385889669414	1.6599378178626558	1.1396438222975356	0.3561738220522924	-1.3819011879131458	-0.19371662100815737	-0.4807902962013679
0.20734403694192532	-0.11774806062353203	0.8742967124545881	0.42278730249987645	0.18790021387954106	0.011422793742393427	0.7794249202206175	1.764312517163291	0.619177457589713	-1.1712971153354363	-0.23785371327945717	-1.090222220672587
0.19535721809410314	-0.11914281741151433	0.8683606280786939	0.43998905213715933	0.07564068181985664	0.024996326353896425	0.5607006399755531	2.379290404896552	0.7386972589441464	-1.062565462471228	-1.4491063738652448	-0.311610692490153
0.2390622816135304	-0.12251352775636073	0.8642598073248977	0.4253171128336542	0.15087079818977991	0.011283462049540666	1.4245251669659196	1.873284011356684	0.35591543601537745	-0.9843267468718544	0.6065227199965479	-0.2864118687816187
0.2248527713033195	-0.09207261278823148	0.8735292907044869	0.4217943142016987	0.16814091580537271	-0.02371350146433306	1.115101934869015	2.1066071571344875	0.41766239912875003	-0.9995707868373243	-0.285901289028529	-0.4579275297971866
0.9590331768154982	0.16647001084011934	0.20167815751402982	-0.10894504137320977	-0.4318383117281675	0.4598366289431879	0.1188336642130896	3.136277766720426	-5.9056353261201355	-5.094091701650106	1.1868491688200944	5.71894071764325
0.20211403150463564	-0.12286045243307032	0.8606970505086078	0.450839012001698	0.15203120467955927	-0.013968236177111328	1.0925281963785285	1.6195770948430732	0.5463669858958905	-1.0914977272062496	-0.6143841853755848	-0.4835134738216382
0.22287173212672617	-0.11421369710349048	0.8797574040637387	0.4041167311654104	0.10735718746688516	0.01074280939182106	1.0465046732292598	1.8628036173282072	0.49463354980247304	-1.1274864752854432	-1.1823618077216078	-0.2929892340963729
0.22677936248256	-0.1331935314938713	0.8632302168841121	0.4308876844125435	0.16665025632013344	-0.0020253604978925856	1.0434197669191783	1.8142340642982537	0.6031655884678575	-1.1967215772630686	0.2608200252743165	-0.774068925559566
0.20966691448316566	-0.10404411132253223	0.8719714780561189	0.42997714977291646	0.07734378372586477	0.014422772295827599	1.0521300935004954	2.2649063610910125	0.5328580328088145	-1.0455990683934804	0.47051217756960906	-0.31252192838407583
0.23405825959729754	-0.09324661198758026	0.8778209189297883	0.40737235394216914	0.10662056337366044	0.021058675281773968	1.313606862331798	1.5895046224654628	0.438886313580939	-1.33663513744374	-0.45348011956717854	0.3673101970303161
0.22086757011600808	-0.08805658511522986	0.8634378957334762	0.44490285962245896	0.10583306930504162	-0.012827161142456925	1.347654677839683	2.151507873521271	0.2697542144600209	-0.7667174570358415	-0.21089972144165714	-0.35647767965299143
0.23394598472392464	-0.10856212772404046	0.8625840508711878	0.43523820585770545	0.09218024939313463	0.01841590698879544	1.2337726740318042	1.9352523011544052	0.4343097818381429	-1.0411993719934511	-1.4878203860221795	-0.8169779506833078
0.2385874008427274	-0.09477186146989779	0.8663267589690802	0.42845337334040356	0.13676641633150555	0.01769648404670062	1.2377717334136256	1.8500964419380823	0.5056958227071335	-1.3025395873756653	0.10923309050402963	-0.36997184520489323
0.2267312891846432	-0.10331067666024196	0.860032154159729	0.4452690427191733	0.11200717102627684	0.02605737962219413	0.9328220837766993	1.9534022558590158	0.4323947651640045	-0.8569336951731354	0.6939119302290003	-0.020622206489508802
0.2093676873288093	-0.10096138965945602	0.8748927362923823	0.42489371527882747	0.10704077080647606	-0.00999068056465836	1.0393200225369335	1.5396557831889086	0.5311049594075667	-1.2398726888533596	-0.016516459964983576	-0.3975920694273059
0.22665118825677233	-0.10544464415431301	0.8725638987151824	0.41969382714060083	0.14753475078517503	-0.016796046796293998	0.5519800581223685	2.248946121618299	0.7119224278246385	-1.2131830130207808	0.9976204416292958	-0.3139319981215234
0.22211995747267227	-0.08889477719385028	0.8795752304310973	0.4112272572338514	0.11168214532152948	0.03413767094943374	0.7530276743319874	2.166025192927265	0.7609252271183921	-1.5660565264867639	-0.1215727509913001	-0.7363354087100397
0.22996031035915493	-0.1288920266806276	0.8681419576459531	0.4205171131979452	0.14576276560216805	0.020177120359787682	1.36841894635555	1.936319379370753	0.2803775565351609	-0.7336525140711667	-0.5135573627968703	-0.11235580111960186
0.20805908683635524	-0.08229112497472806	0.869765184967758	0.4398273640341373	0.0870557521152472	0.0072652361756307135	1.0160490025121034	2.480172907364652	0.38652952065116225	-0.7809698920023854	-0.27588867871811046	-0.3691177037703885
0.20625090165079807	-0.14639689717191798	0.8618084524831342	0.43967568194669693	0.16324442236197015	-0.015279324875391945	0.8060905866958196	1.4458622461931991	0.34829872867515	-0.5794133325067293	-0.03817863352647857	-0.22754128586473932
0.21379225041073874	-0.10564491036992493	0.8685783656058887	0.43440033307842385	0.13632278747746074	-0.04774036263893194	1.0372290011719234	2.1845825678224084	0.39070239212473223	-0.7603979850284946	-0.8179339173883209	-0.5923493772068357
0.19878719510078144	-0.11199739406839462	0.8760677003931535	0.42478891124145923	0.11108741612614187	0.02094299709165537	0.9489566000412127	1.9144042753788604	0.7148067944063206	-1.4135286008404746	-0.5221217544778516	-0.3346271705289983
0.22550513912068357	-0.11627376133376849	0.863699540743471	0.4354893201617879	0.13426997416749306	-0.04191357144584349	0.7902921253490324	2.0564448151255053	0.5746471450099498	-0.9998565225795216	0.019168832125927068	-0.6238854293940107
0.21888048229288132	-0.1191589889553901	0.8610362443657859	0.44329341943099915	0.166999865928554	0.03789102562338484	1.6831823932131047	1.687223892175574	0.2833100177857796	-0.9278461094995877	-0.554982296831723	-0.7893646303592154
0.22979238628803064	-0.0992614756530286	0.8729509852244308	0.4186874682277118	0.1174587011528921	-0.010498484940622214	1.198696127747242	1.9024718312585411	0.4727876998912696	-1.1926069170542344	0.305888432807283	-0.874961211092879
0.2352806611409425	-0.11525434008745838	0.8651409311625691	0.4276571252899319	0.1706256209739759	0.018015903292217816	1.1283253756358718	1.8291400233155006	0.44156677503460795	-1.0210850682653099	-0.04535176424071574	-0.49871722279571595
0.21436714923412697	-0.10513247199697706	0.869026844647593	0.4333430880294348	0.11710493856244002	0.046778858438976924	1.0580027716302558	1.7138519313464904	0.7293899240084438	-1.5703007405289815	0.6000600078820554	-0.782574030271554
0.19701757747083332	-0.08581343345444538	0.8586355910846216	0.46536550208308974	0.11114190096675645	-0.030322762585927966	1.2209556734120945	2.2055391764088452	0.2595635469623281	-0.5891183123197165	-0.49833454769547486	-0.8353736965763846
0.2140605929498596	-0.12714256356916523	0.8678746119162839	0.42989125260485916	0.13751487682211364	-0.005308812039379908	0.6006951764160654	1.9061192688220772	0.7002028087248913	-1.1489522367135148	-0.319788746783997	-0.6695628244953505
0.2122419957890324	-0.10574672886255806	0.8782834954584359	0.41519762302266217	0.13795216557084258	-0.014570218842209085	0.8586612741020322	1.9243065403270834	0.6018633762995168	-1.2219759997296906	0.42293821113585434	-0.893327385097035
0.21667617820743665	-0.10033246769457707	0.8618371276272547	0.4474612778408192	0.1436931978197031	-0.015102495952293371	1.1978711708215337	2.108782226884942	0.3567367227482553	-0.7943028652494952	-0.2128832183909873	-0.8782931322399715
0.17616981679843036	-0.1002206306236753	0.8682343882936582	0.45286760519045477	0.11024863207255825	-0.027074453808934393	0.707876712444705	1.43511605386204	0.5761687477051145	-1.0624027630026176	0.7356046993184143	-0.5440761298790731
0.24447455983534397	-0.10609132479429406	0.8472531139982218	0.45949861938532816	0.18446011457118383	0.02488733186445907	1.1719113418453162	1.9673022585190696	0.24946547652256737	-0.6292711146600974	0.21141962278353166	-0.7829846260546293
0.2129738626331228	-0.11344837079206402	0.8717591687777687	0.42638896872649973	0.07054960113077163	-0.038708343987398364	0.5517068345360294	1.693483555472589	0.5775176929765723	-1.0057308248973311	-0.41607086807607657	-0.21148935415728662
0.21395884626429554	-0.11822451448117395	0.8765787141286612	0.414553174173694	0.12805365602384686	-0.003978922879495182	1.151834920916835	2.2592574058196293	0.5103194597589974	-1.0292547815032973	-0.5794814353485744	-0.28316745399645676
0.20904089182763513	-0.12956925675418438	0.8724624003075757	0.4222831671966322	0.12554486394252426	0.003711929448665749	0.6346367013787476	1.509361404545294	0.9247213814356935	-1.7615734666475948	0.8737227140933858	-0.8459341813437429
0.21768547611972092	-0.12682053641343471	0.8589625731225529	0.44577223220499285	0.0992267216593412	-0.01940696730991617	1.2001360489850645	1.9192571611806084	0.24515831758524803	-0.5124428291573755	0.32138269675282227	-0.4527646030189352
0.22718817278333914	-0.11799949495631447	0.859956620406334	0.4415158710134201	0.07780947810812992	-0.00213190354020908	1.2572861889502376	2.1316154365816153	0.6240443687718555	-1.2927329022582652	-0.42088856433494937	-0.8668770645659594
0.23012537777663808	-0.10195029187202716	0.8658634809117738	0.43235272742717173	0.0847276608948942	0.03702111165816948	1.4206911036056054	1.7367168530738075	0.6086362856814092	-1.56556019389178	-0.02252455270279885	-0.14412903567219726
0.2127783717970383	-0.09429173542907132	0.8686462265372547	0.4373650263198508	0.1611555843718421	-0.020772341203335473	1.101559426499672	2.0476709917444778	0.2602409641678391	-0.6113129428145148	0.05082591632154704	-0.5480854225952762
0.25340704139028114	-0.11485534918961357	0.8642346586898798	0.4191557882882486	0.1436959902229701	0.004060203203539273	1.4349319734929618	1.9058959613996156	0.10183084587596598	-0.5552237918833541	-0.21019107530759037	-0.33940747347192907
0.2120594909658661	-0.10042246273683529	0.8723642152828246	0.42886685248821504	0.1477435483308613	-0.017472688198122303	0.933223980875021	2.664298893242703	0.5693993759838586	-0.9958036704164797	-0.05173527905835943	-0.9563473241149837
0.20819060624653915	-0.11651518297532269	0.8603724999108234	0.45037766930002826	0.15257915951302595	0.0021436416412876583	0.7190188423610869	1.6466515270303976	0.6405933436633583	-1.1301225525462428	-0.16732802027781254	-0.4362045972538602
0.2037079014534256	-0.11664247161636399	0.8700166981837546	0.43355342183184875	0.10652517002433771	0.04025440818881145	0.8217227974432864	2.008896113668717	0.678874011335572	-1.2079262166516385	-0.42417418172516075	-1.0552299875118014
0.2123662903641759	-0.0926000460310505	0.8710281624525641	0.43316940151229016	0.21470454398809202	0.03204183792999486	0.7012747335835605	1.9671145214794143	0.4549930519374545	-0.8382032044509197	0.8313531720779208	-0.5350002174196286
0.22495745243043322	-0.09763534469056719	0.874879076772211	0.41766982784176226	0.14015936862658637	0.005567828561169574	1.2729910595689367	2.0444766307928406	0.43477084959713375	-1.118413477662222	0.03591145796641892	0.21303430712344684
0.22418223979858046	-0.11312096836509689	0.8694235982870935	0.4254980336224331	0.13953817742100275	0.02646384198921474	0.7580307894666587	2.2540851779049027	0.49162504243136773	-0.8046644836423543	0.16678076916939055	-0.5112605642760816
0.18534339391566465	-0.10923701728361213	0.8683532802734162	0.44685308662378115	0.1523888587008568	0.000744765053744163	0.7826310467240329	1.9538712854925806	0.6657517947466648	-1.1407064045763864	0.9735712824036349	-0.15731772625899978
0.23366445828731178	-0.1161023209392069	0.8576603808932327	0.4431025197986371	0.0656770384772412	0.008044295069733271	1.5453460907509236	1.6227882194514636	0.37305960391178594	-1.1118000879375445	-0.4050366109258983	-0.006093347354117216
0.21198847082436198	-0.1376957282655494	0.856280352054664	0.4504272786367509	0.11724746597088215	-0.011982632227555983	0.9818689857877957	1.898462990638005	0.40735599622974006	-0.6561449775502015	-0.18908917321809127	-0.507589409945738
0.21621691676438407	-0.10838769524169985	0.8612745854105963	0.44688750368622004	0.08052616368259846	-0.023599190480813593	0.7269013890170369	1.914754824160888	0.3602800162440613	-0.5816509395754405	0.6273391627999035	0.07289377957024909
0.1842758976575784	-0.12994436797398332	0.8758770057957739	0.426610273543155	0.04249479908222051	-0.010450808128634297	0.21252567789972593	1.8530003679820573	0.5208552290165523	-0.5967543039387361	0.8094884404554231	-1.1496103886728488
0.21805179528002933	-0.10904514904570461	0.8626607852633121	0.4431466344379047	0.12238693989679063	-0.022339738552862948	1.3139630171903873	2.059793971368313	0.6326605377468386	-1.3712682062613586	0.16496175965369914	-1.077232155968803
0.22875121527398426	-0.07889314718884075	0.8715674625942057	0.42640228773355915	0.16220902802450898	0.003585728089981486	0.9095763745934818	2.193389556992938	0.6866285678606026	-1.4856074481036512	0.27382899366809466	-0.46378141016083996
0.20939607508496894	-0.11875374296388792	0.8681340129250315	0.43404396997741823	0.12223279027791162	0.033803573210095306	0.8837474605619317	2.1160635959285496	0.399084792437152	-0.6456070789607673	-1.2335862715599963	-1.0695228033262574
0.20502143079936133	-0.11816999547611418	0.8622877138844424	0.44772978856236484	0.11184391538130795	0.026180982836702702	1.0682132015144665	2.004823650048129	0.5636437056403552	-1.0455405283658958	-0.17901949630699454	-0.6420092643932978
0.22886928288642233	-0.10440868509974822	0.8640734252388955	0.43599861653762073	0.1284621865354976	-0.020769330428782505	1.3554381376355649	2.0690277155586467	0.4067914413606508	-1.022231145995054	0.2635902700506734	-0.5716736350831133
0.23422592308046974	-0.10306590122300864	0.8567233728578576	0.44781770773524276	0.10264281126241227	-0.0602346385044115	0.9748079440144536	1.9096336030299481	0.3271692599037606	-0.6962670940994534	0.08834089065588772	-0.5530651470219615
0.2291708611928595	-0.10977318857510945	0.86914995515294	0.4242745796153934	0.12027578600856663	-0.010709194508613393	1.1806471370737275	1.6827107756865691	0.39946205933703693	-1.0206735110595215	0.4713945280963663	-0.4883973418985253
0.20427052544119637	-0.1101069646764204	0.8731260021675483	0.42872018042615795	0.12777726093769268	-0.005750769680376369	1.1143661818514543	2.051443536924665	0.5101563349041266	-1.0430689434204812	-0.5177972930305446	-0.5694438096451816
0.2267537101766652	-0.123790908517447	0.8592685220138088	0.44149311768786015	0.125349269313895	0.001350260790607232	1.2809650959969425	1.831567829875285	0.6610559419055957	-1.4309548197053643	0.4745420947439057	-0.3181095274508056
0.20962823992978255	-0.10254876137746957	0.8702826361646515	0.4337601707789609	0.1509606357996869	-0.01493502415991139	0.7735252426726018	1.955339933260363	0.6096709529045534	-1.1347770592625002	0.8688085514479004	-0.8634716561335493
0.20602595691580153	-0.11093929795150323	0.8671051997761295	0.4397435045207086	0.15977207422780118	-0.027090214792790987	0.9715507092792568	2.3351314949488255	0.4553198846777259	-0.7638931604665049	-0.12463167361382814	-0.34480185326520546
0.19351630924586072	-0.1172707425897829	0.8700881566185887	0.43788766904352033	0.10698213460736357	-0.05022892266799563	0.6407669214172382	2.0971367346759417	0.5442823750503958	-0.803036351051879	-1.3542552350455601	-0.9166701072261111
0.22648465036704737	-0.11773614573672055	0.8522927235621665	0.4565523151821296	0.11135647154846672	0.0005458664370670009	1.2989420283922237	1.425743347537861	0.5183563207629601	-1.2443704830862348	1.123429787527851	-1.233683531241961
0.21232859541134658	-0.10641442598997058	0.8714195362812432	0.42920919060436313	0.12333316257180153	-0.007436598023384522	1.2590617499130812	2.158771220289911	0.48191856880754413	-1.0660621403648864	-0.6642490192972116	-0.05811248787302842
0.2276801863034022	-0.09842453589925192	0.8748611925757285	0.4160435520745865	0.08294224272383881	-0.029763219281090752	1.332480055070783	2.2864639929179393	0.5804656260992481	-1.4088957677779492	0.5359575567611982	-0.8111389938039633
0.21661338102787467	-0.08155093429676567	0.8723892399602547	0.4305404769316891	0.11078358758701935	0.0009785446471327626	1.3052798417545717	2.366639492394597	0.27920119940724236	-0.774170044321625	-0.8670394984948541	0.007673096420958379
0.22956687973120662	-0.1148001598308731	0.8645527227221943	0.4320515717676815	0.13058722868065628	-0.0028480450881500207	1.3432304122884973	2.1352853321720713	0.4173437204841916	-0.9814702564602459	0.17406524594869088	-0.5045322438037633
0.22289842490884051	-0.10694081012831043	0.8588117963633889	0.4486894847545992	0.1064345284871016	0.026566927869820914	0.9778267336438071	2.161034655096143	0.40582781928760203	-0.7474722986024026	-0.31464715502465906	-0.2366402631507992
0.2107741458355954	-0.09937335705558648	0.871034119390434	0.43243353039803645	0.07994027159185121	-0.043214374935128884	0.9948603426844711	1.778828510306372	0.4599175896310284	-1.0025276960764007	0.1954871699858555	-0.014151760411107836
0.2199227615332371	-0.1027208759154834	0.857326049941172	0.4539542319474702	0.10612753055993591	0.048445277156473614	0.7409447050835576	2.117243775372462	0.5682794511376685	-0.953105439292838	-0.8734755655924996	-0.7412959304258591
0.2159576672469048	-0.09906658109154312	0.8611458564180123	0.44941730322963314	0.15351782312286952	0.013533159131636463	1.12036263917266	2.2532928339908644	0.3444001888102262	-0.7015833125302797	0.7890245480346323	-0.17451775546809745
0.21652899439983309	-0.10815103945213814	0.8881075253192433	0.39074745133007405	0.14733891275141284	0.01252270760097409	1.290535993750034	2.4952358249363	0.6071453128140363	-1.4044530097965695	0.5599246934478718	-0.46544648793283766
0.2415787562271743	-0.11385983397613593	0.8607554865277548	0.4333308610738754	0.15470977234480673	-0.017537508707920133	1.0833832973008897	1.8879191112100804	0.3738053228955471	-0.8504338107349426	1.1723637279333927	0.08724224204077306
0.197826781741283	-0.10826665066935277	0.8720015772716487	0.43446075313483035	0.12495910185659592	0.017284939420700068	0.6704802589273163	1.778368111101331	0.49314502565664253	-0.8519163821453947	0.3006025827451683	-0.8600047295329548
0.23981563870958364	-0.11296795919543967	0.8638742943691285	0.42830818711970964	0.14021639450630782	0.011754736032807698	1.0490714786254856	1.792509065700364	0.43500026305856465	-0.9919801063443988	0.44502060441339725	-0.7818807020763807
0.2167461826993184	-0.10231191699621264	0.8621802115290631	0.4463167560976553	0.1736919337932011	0.00047411624546476083	0.7930155709748754	2.1287532734957004	0.3293474530244866	-0.5333501892313914	-0.3194678805243507	-0.4124861219571064
0.19518912073362332	-0.09328929791511749	0.8702685983109619	0.4425278305774824	0.1527648909433139	0.02701565857866134	0.4854248628917977	2.093828407738719	0.7466538928007935	-1.2410684002673686	0.38248768152713947	-0.22589072818531672
0.2350577107705291	-0.1389078091017535	0.8587730196812003	0.43354514625988116	0.1312017485436342	0.03354201459454841	0.7842098174795848	1.8811215661062208	0.6986674788944885	-1.206400012026434	1.4543943027701827	-1.461262434495126
0.23925439564616124	-0.09947293880543594	0.865578814556569	0.4285274604972763	0.15385514522703328	0.019636722695335687	1.0340719475106077	1.8517862161379108	0.4779059056228075	-1.112808193441942	-0.23215311132885816	-0.029370994394903243
0.20312243690266862	-0.1286675978209374	0.8645538737886812	0.4412850827013033	0.13724305447657617	-0.0021577398944267914	1.0007770182526943	1.07514730920435	0.38263732280008456	-0.8968221232973912	-0.5796740904316208	-0.9267328272103366
0.21887814963018276	-0.099968133868654	0.8715584826817117	0.4271820912571583	0.14632436014915606	-0.031557170872793035	0.9615685405472323	2.0910368457332393	0.5322590479235406	-1.0892876581306858	-0.14019285709892468	-0.13495224111201465
0.227684263071727	-0.11721927934383412	0.8665684339644039	0.4283440978420008	0.1520805984135243	0.01817320600375415	0.6192054802299978	1.4490838340088128	0.46124808149951746	-0.8657194303532426	0.30475305917663026	-0.12692231739705725
0.21484949411580168	-0.10171330668959166	0.8606736338745714	0.4502610288194984	0.09017574168105193	3.190935120158674e-5	1.1339979863456342	2.0042969573439304	0.40306387224074913	-0.8587944446228633	0.533898865643179	-0.3304983242332551
0.23026504658077168	-0.12137402155234324	0.8623377054245966	0.4343040835847713	0.1729014569282293	-0.00040902837164363457	0.7441503969896227	1.707830530060502	0.5488456767915226	-1.00702688358178	-0.18697764374014578	-0.3077740387018289
0.21252032165862167	-0.12066753610620592	0.8628346665317432	0.4424825384613825	0.15120546969865942	-0.012586156839941595	0.7214149011636436	1.925052150633597	0.4483901283713012	-0.6958705645464931	-0.34188111961639644	-0.9010517221294272
