0.22657907747237807	-0.1282137028288875	0.8668161737032528	0.4252680202708923	0.11122140112682144	-0.008329631200529184	1.3181350548716124	1.183904603361558	0.21210381466810718	-0.7776837970827574	-0.20040833772874664	-0.35224781625087237
0.2198999357585966	-0.1052120401813962	0.875700463182238	0.41680108401568133	0.1173620728674963	-0.02965618482332402	0.5043340920260893	1.6299184285319086	0.5948140528463185	-1.1043515731590996	0.10797641879113688	-0.19602839580804
0.2169888439749907	-0.11251102338084011	0.8745086763047398	0.4189172785597711	0.16027361643529384	-0.029886092692570834	0.8781152426683025	2.1936027127417304	0.542683618273141	-0.9985700742359779	0.2623203455111575	-0.5604809805095111
0.22570895249606945	-0.11836104943028909	0.857140306160755	0.44761213823525287	0.1407875967373763	-0.026233639206386484	1.2046590926710674	1.8938558082931987	0.18805570079583578	-0.46677398598164793	0.03908628556525234	-0.7514388342184475
0.20203127957856967	-0.11432658839719213	0.8675646292597534	0.4398231545913558	0.110570884558968	-0.027293188122430378	0.7216504971776854	1.6720618500685074	0.6651685881389359	-1.2089213140765525	0.1713507518601045	-0.7726229576599305
0.22464668696651852	-0.09027987189462752	0.8578403573381531	0.45331372369210976	0.15886364522480673	-0.011877981057900772	0.6088067139418263	1.9728298103100255	0.6004873220681548	-1.0451522266444369	0.2947071336736573	-0.13960760170346329
0.21836827968461092	-0.11270597216422641	0.8650782057769253	0.43732408595442807	0.1723398409295419	0.009422101169538368	1.2648153955871047	2.4952424319796895	0.4902144817238031	-0.9581925984072727	-0.08317659886488372	-0.7546215693680852
0.21236351514589705	-0.11494629438865157	0.8692326968376574	0.43142045105619325	0.11886273454152498	-0.002841117870114207	0.9446003031332039	2.0497111158324683	0.5055954829667715	-0.9375356861896574	0.28962569460000953	-0.30884035374047786
0.21508048991816928	-0.13301117982814953	0.8685339138174746	0.42625960334775304	0.12439717719086735	0.05599066879813561	1.0875983887425167	2.0485392871796892	0.6465075117124339	-1.2268492302007337	0.06711086880780297	-0.1768923130048986
0.23205741594009607	-0.11398655036575606	0.8619581828802925	0.4361014939307413	0.12980759788154428	-0.03947046535941465	1.206225540787125	1.726067744922206	0.339615085273097	-0.8619531946275649	-0.3841006128674809	-0.7518623582662906
0.21499243409746596	-0.12074362275944998	0.8584854900430633	0.44966864937339324	0.10839865997409409	0.003095080017664104	1.348510606440286	1.4975554230769135	0.34979238517573935	-0.9104281527984805	-0.15897904545754432	0.13796842053046177
0.2397911110632683	-0.09099148365778942	0.8573708041272307	0.4462466550989751	0.0768106146203884	0.028091286023731024	0.30886174648936	2.393094771358069	0.5526043201847717	-0.7397206548558674	0.8457986144184296	-1.082830760361035
0.2064489444086391	-0.09730607590173031	0.8779416283682725	0.42086679379969066	0.10051840995797644	-0.021810451928038266	0.8888688760293522	2.205046716030401	0.7336758993226573	-1.4566751780724077	0.08168455903764087	-0.18683817605336991
0.23295743363929172	-0.09453290854106819	0.8670446628890884	0.430148713668317	0.1436807669195437	-0.009359891647000877	0.9877673578044357	2.2940268553501473	0.45997997559061715	-0.9579707844684037	0.8245278304028503	-0.49243723526825406
0.20909645976176153	-0.11431137268529329	0.8653249986722222	0.440935627118994	0.10945519884766441	-0.05649476726090407	0.5240305858872673	1.7512388998263508	0.7336642142816796	-1.2342944628494568	-0.32659032591261966	-0.3745757537108649
0.2264802770511496	-0.10371990445225719	0.8643087463667513	0.4369430815119791	0.07565779866425003	0.019690410279396508	1.1842533629739023	1.8348459851864947	0.30036907197560114	-0.7724383559423796	0.6865173732402542	0.21120666934142387
0.20730634816059565	-0.1177161671971544	0.8514846341087585	0.46705556400647147	0.13108860585773932	0.005048114408814191	1.0725786659200773	1.4910476963091517	0.32100617970726764	-0.6854939766855052	-0.2017418890100979	-0.19090118540853893
0.19735882015950226	-0.10980878040840407	0.8776889121902439	0.4226744625226068	0.07246742909596526	-0.010240198850070355	0.7897127478887003	1.7885912489035551	0.6257424425875749	-1.2034343243903372	-0.7952062827438976	-1.1257766661830544
0.2051012122310626	-0.07822560985215474	0.8786171832538376	0.42408264760032266	0.15181388319605957	0.009800969536873302	0.764051100246633	2.496899937564391	0.5587954783977669	-1.0666637701772392	0.5200591403490997	-0.23763469532951562
0.22637526661779372	-0.1065530410918697	0.8643238412119263	0.4362854405208338	0.13774061125566803	0.00804057010771834	0.7894095445683248	1.7388731566700746	0.5890857667525528	-1.1519555759846842	0.2507831482136133	0.11953987959637302
0.2363399554855859	-0.08261388711502457	0.8740171988292336	0.41642803369552	0.13932759330762645	0.0034664014461497374	1.3591488842381636	2.8822838048102506	0.46851006487635166	-1.1828943600895325	0.04721133950575505	-0.7273181163788265
0.2278229390504927	-0.09710522189181114	0.8560992552164778	0.45360924763669613	0.09341934070405038	0.003299961648067295	1.4154212902583294	2.060115174108223	0.36377172474853503	-0.9564227407690209	-0.06797600857676234	-0.29477053129652103
0.21397671968823143	-0.09423704068765584	0.865158736821525	0.44365944562837895	0.08992430629496419	0.03412631837758138	1.0398636936080106	1.79004963340547	0.5641187304411331	-1.2213644846968335	-0.7146383329707624	-0.38267508944123946
0.2262711247265499	-0.1076061380384902	0.8632765398189415	0.43815055970483346	0.11332713840661601	-0.011577687832381618	0.831495865297211	2.316870818414484	0.5450108835444358	-0.9342201765718896	-0.26804515097652065	-0.3230895899173548
0.23893246667721488	-0.11188398307670591	0.8727436930276371	0.4107452945304602	0.07906073121661662	0.024498424527694847	0.9020029793284127	1.872759546161432	0.43941639203228916	-0.9482369959613163	-0.5430384607033814	-0.19327148465659486
0.20853786865923019	-0.1181655940723307	0.8665902903372162	0.4376872381117115	0.11741026002405879	0.019132689542521165	0.7233814196772783	1.8409236100577717	0.5480404693588348	-0.9327325573448675	1.5854053227749534	-0.392320489422679
0.2092239407127995	-0.10113434437784266	0.8627522926787392	0.44906087393297783	0.11043012325933012	0.00977125633868899	0.947916397591394	2.2743604384507523	0.5637813665924197	-1.0125899300987895	-0.46473494556548484	-0.9221841112056982
0.217486462687538	-0.10273548627448544	0.8738618657368019	0.4225050272110414	0.1605816769839441	0.0012617061407437704	1.1228636646352999	2.3993581775615067	0.34630473464068684	-0.7108339536041435	0.2790187832686522	-0.4600225009202868
0.23638017876863	-0.1143134858112051	0.8633196558443714	0.4309710081661621	0.11775275065937241	0.003941081110932863	1.2052314019370125	1.976909404172899	0.36449177181609554	-0.8668293528965701	0.5170145962781038	-0.31940180451135924
0.2265486875838537	-0.11887823446215758	0.8565517544186612	0.44817714079090115	0.14247425468376068	0.0019089961760101447	1.3247651878668423	2.0564173876478478	0.27626446686740846	-0.6521871230874267	-0.053453515181744536	-0.14618433827252808
0.23439339369100118	-0.09059560401336741	0.8655001437240405	0.4333147525080743	0.19051866236079032	-0.035118280960169196	0.920843229510591	2.254040856992038	0.524007226300565	-1.073496121919538	-1.139597247180749	-0.757908163168547
0.2506567236318653	-0.10478830977574556	0.8722644730488462	0.4066267404995639	0.08053410365232357	0.04055926028167917	1.4155251802240165	1.988314779103204	0.2679808550980509	-0.9350318126672404	-0.2820346608820204	-0.5966920304157605
0.2305531753843982	-0.11147083381856562	0.8657336081665203	0.43002884347325193	0.08733165669889519	0.013911922289043756	1.5918062222461438	2.197219084952113	0.45467950847975663	-1.1992252959688956	0.6152915892112788	0.11271994677467519
0.2229513661748249	-0.09318031564090365	0.8682893827833926	0.43322472787627875	0.09905540989958	0.0452894400451992	0.8166546119420689	1.4092739064299136	0.4956550640867591	-1.1105776579922833	-0.6354021106876112	-0.3733304132662752
0.21983647210884855	-0.0925297984443174	0.8680313724828649	0.43546721841730324	0.12654271669260694	0.04879057492922692	1.0722569526735344	2.1130738915117258	0.4086716182689853	-0.9069308856970226	0.5410706544809921	-0.05018693151847159
0.21093367097296392	-0.11959437125426028	0.8695110060427322	0.4302961575295826	0.12084152855761271	-0.021731901455748614	0.5914415295655799	1.7223802161324153	0.5225348392858206	-0.8671184747034083	-0.6616690434393487	-0.7280271958988832
0.1910197533910462	-0.09265536433448672	0.8747340533168846	0.4356222827660232	0.06597216468143992	0.01930997061454293	1.0783778712182375	2.507657811686072	0.5509160393283917	-1.0457420682912135	-0.25635725954674565	-1.3606740440043688
0.23168438909031705	-0.09687383949546026	0.8584058409654028	0.4472999164651542	0.03810362335398989	0.015529073917707718	0.8607077493934276	1.5366916893518185	0.40195939798199026	-0.8843990475565785	-0.1718701358302973	-0.6831258134479805
0.21756346363734727	-0.1065191032815247	0.8681447810728621	0.4331794766862492	0.14485005704962348	0.048626220057297824	1.0399226357409648	1.8837801905558686	0.5796378229156097	-1.2207414552301232	-0.258664091349094	-0.28960510017691315
0.2218076981697447	-0.10983558557063035	0.8641732659113183	0.43811192138443594	0.15388189403651803	0.010642647903950295	1.1653903025683316	2.027765317828499	0.44310441791864147	-0.9556707337429585	0.43218696168416776	-0.8267326146655473
0.21958521191184918	-0.12125531204418519	0.8641397565079046	0.4362819790378178	0.06784546172766161	-0.0053578502116228685	0.8833185085936475	1.8258752519441157	0.6392358709517425	-1.2032487326202588	-0.2999601752727766	-0.4783726837591744
0.19741141518063382	-0.11737991650026365	0.8707505418738908	0.4347921137567882	0.1540400259412813	0.008501827030464723	1.0100660510234032	1.8875293018620132	0.4700513373401467	-0.8903979192872751	0.2960726318917786	-0.011764215609107684
0.2107561210785352	-0.11910553121666556	0.8686130548219347	0.4323275272920201	0.17921041122466208	0.0013093002746787565	1.1062758005703015	1.8280277073428937	0.5179138678152896	-1.0762509969733758	-0.47604764982816317	-0.3435212538325785
0.2265477967081746	-0.1274948292191599	0.8694632924151136	0.42006517050538644	0.1295675523596315	0.024308607417014957	0.6351032460574005	1.7272038631011817	0.34915837433896757	-0.5409924107190617	-0.28948808449702323	-0.030116345583231674
0.2046620668786343	-0.10786917027169174	0.8692773532181943	0.4368461556061047	0.08297707434017268	-0.017501469324085663	0.8831968935009796	1.7144105966309762	0.6071654923848784	-1.198637228660895	0.3370949668670629	-0.6720693410199976
0.20454497902840807	-0.10244200244504591	0.8708287539077988	0.43511408740318647	0.15769541507015197	-0.021180277945118068	1.3969485253045444	1.8418633584205126	0.40711738945229403	-1.0378523200466228	-0.015689643778500666	-0.9895525282604659
0.22048971393020833	-0.1075203929267447	0.8766344524405452	0.41392715295099797	0.14743216774134152	0.0002169526919203828	0.9672963600438222	1.970921645745398	0.681045675886702	-1.4456474450522514	-0.5283785522992166	-1.0301564892385833
0.216191336195205	-0.11930179613701743	0.8651571692375454	0.43649909519893687	0.14433079817699804	-0.0005220576643794409	1.0250151991169982	2.067556842051276	0.5849038944769366	-1.101880768041175	-0.26241134101956437	-0.37814655415870013
0.21514831046769328	-0.10254139233696	0.8566822986146266	0.45748432388537047	0.09841421209082717	-0.028082215084924256	0.680550043453408	1.8993494595379101	0.5943079679677635	-1.0072265779347547	-0.15715282749152426	-0.7990715199863095
0.2210529198879704	-0.10336815552344947	0.8719255117866717	0.4244956218010184	0.12563980398445387	-0.004591836339621663	0.9556303986979795	1.967280085279495	0.6438128379562391	-1.340997610216095	0.12675226448326118	-0.4084641793069348
0.2210264990373785	-0.10667709834512953	0.8672415214675256	0.4331967530518142	0.09417990845721345	-0.0037576335328164765	1.0942007043742588	1.7197169299696422	0.5603938602403968	-1.2566801551690032	0.7595223595453074	-0.29348388943142806
0.23733685047747605	-0.09360877085758053	0.8557328599530112	0.45014429888715185	0.14741605956715734	-0.02436057853227297	1.0976570774855403	2.5855303733926873	0.34165727084142655	-0.6905641317147949	-1.1786868758472988	-0.09803137636782051
0.20965522597142297	-0.09446782797088916	0.8731087815840519	0.42988553269695695	0.07280945257532044	-0.044265140374605584	0.6580407953508679	2.4359915484052395	0.654169873448547	-1.114250854791465	-0.9411743379370255	-0.9220998349358372
0.21513423718156663	-0.1273493469174254	0.8620287902407842	0.44091469540946465	0.12085222177099354	0.021311016089647684	0.9282195016402083	1.8358502479616956	0.7251795981155376	-1.340447851093446	0.8572946583253032	-0.3741610325487845
0.2091406890692064	-0.11720178113156737	0.8708429411330602	0.42913457860438975	0.1771033085430566	0.028842455707572726	0.7282481885029546	1.6982505420272875	0.5169892290891155	-0.9402289643727427	0.08739268801360651	-0.08990845291642735
0.22640961674472995	-0.1238815182308772	0.8653387543121176	0.4296287876433212	0.1276373385882604	-0.027885348337116617	1.1674693709904027	1.841927740727117	0.36447822877084407	-0.8182473670842643	-0.4958748335113217	-0.886710693713782
0.22242514268578836	-0.10129844450152418	0.8695675041569308	0.42908977703630313	0.09020780200618682	-0.03733604010312538	0.6635379517386703	1.8475598543312628	0.47529816565175076	-0.8709982009900706	0.15972091278582537	-0.4627477249114423
0.24665313668689423	-0.07677443945890364	0.8642979612427623	0.4315749642876566	0.09618714259606033	-0.007986106789743761	1.5941077207081853	2.5135174553643083	0.27501226876625073	-1.0146796159919096	1.3305773162887986	-0.8872440859341354
0.21691931145739354	-0.09878107717982938	0.8620043238953676	0.4473665797684633	0.09259806730576998	0.013153863724762889	1.1044562153305497	1.9789414395965466	0.4153807885192698	-0.8989405302917529	0.6792771347281299	-1.262483645211596
0.2112487889442333	-0.0816263809567153	0.878523591499367	0.42060359280509885	0.07427756853509222	0.007892414944683485	0.8664522436717916	2.046034039204631	0.6565507550273827	-1.4094552939354867	-0.31781504944680883	-0.01274567247487618
0.2114693775408602	-0.13324866681132155	0.8525887014435904	0.4589313688627296	0.13221005996517002	0.01766793387541011	1.1610932632800315	1.5064643015307353	0.37164468455464517	-0.788051097430929	1.4286981217407728	-0.6611986200239617
0.20897969523746757	-0.10731494275124008	0.8627018568288278	0.4478353450374881	0.11430083784339602	-0.032964823952352194	1.0396783765985003	1.9458435404840404	0.5066238629976642	-0.9948275284551457	-0.22366982131809543	-0.7517021918938974
0.20940106345007023	-0.08739854038170068	0.8701917590124055	0.4373545384605304	0.08848724572453748	0.037795616933313375	1.0145347746680913	2.380076099529813	0.35775081837934847	-0.721934425720942	-0.6810370989529452	-0.09149853264526021
0.2162148263569721	-0.09470729981488397	0.8696185540108813	0.43364184155270563	0.10160904443391855	-0.035099019737911206	1.3819835136364698	1.949967933379558	0.5795807894545965	-1.4254697691942637	-0.15441050861168001	-0.2775086507955962
0.20590728559239058	-0.08092410590546911	0.8853690713958082	0.4088705005733457	0.12724353569806646	0.028865212975171587	0.4943541359176159	2.5959397815721057	0.9777689891614276	-1.8524286622571073	0.04115449223380004	0.5152835446552831
0.21313493956467483	-0.08364135636251735	0.8554076000513738	0.4646024739677455	0.1401407004737577	0.010336886968517431	1.5299502411980914	2.300799013776323	0.35606812313031616	-0.943230622265359	0.10619631690185793	-0.06383204189207399
0.22847797272581655	-0.09751405983897712	0.8729142882036264	0.41989221183867825	0.15840992203584414	0.044457939235921125	0.7207672476446937	2.0345178308550755	0.4074823666977362	-0.7668218582076191	0.2979983139250154	-0.3574398345421421
0.22337172924885632	-0.12571719571043377	0.8704690241795714	0.42021891344743756	0.07846280711760151	-0.06045212646127801	1.2510714394143185	1.4713282896374353	0.589651520390017	-1.446284516008827	0.4966659651335676	-0.9889401476382106
0.2052225238911531	-0.09577244811240143	0.877881382561193	0.42194268807831087	0.10528788469768503	-0.018524366279687395	0.9390885513992663	2.1933031911261174	0.5817523731686516	-1.169290754915358	-0.23187045954659014	-0.5628335346064571
0.25524627286127693	-0.11871928560459946	0.8614990174301013	0.4225807785298926	0.12114615890295799	-0.0041451069336087935	1.020999445174269	1.927222242487921	0.30215057935695266	-0.6912531218122825	-0.5721189893662383	-0.6142117384009821
0.21233696045950567	-0.13077617580554274	0.8752377488980918	0.41445082937339706	0.11015790932549314	-0.05559883636729996	1.4964190351095075	1.9999333059269044	0.6630419303155601	-1.5358173304911085	0.3464430261926788	-0.7357069061449438
0.20936715159020144	-0.1134710170793797	0.8751271458723107	0.4212388902693578	0.1439349122659422	-0.023073737676090944	0.8855887380453522	2.325287147860283	0.49897401735289293	-0.8504110371599667	-0.10785555199769832	-0.7943982040759364
0.2128010897996563	-0.114628715797649	0.8698597564379426	0.43002320614634737	0.12372099795282258	0.023241469445754503	0.5655440388356872	1.4771508471586496	0.449256447175631	-0.7948747462404878	-0.41492390476401475	-0.5850837505238148
0.18853844897329336	-0.11612272969384714	0.8768765450757341	0.42668054748633516	0.1481945588357864	-0.020851360554209147	0.26727558181152283	1.8468301702525491	0.7527523903509615	-1.1624708022500994	0.7777767307083038	-0.32659643753909634
0.21317556822755224	-0.11163221269803461	0.872340335974307	0.4255781531413876	0.1042861969024703	-0.014119822376859574	0.7830994061431109	1.7115574804873182	0.5501656684955134	-1.0710240009007646	0.48542258203643057	-1.1417762766217845
0.22383915778971722	-0.10092047814980938	0.8704098831899484	0.4267290988147683	0.15939594933987852	-0.008230299587692672	1.3120381574188602	1.8596820122197915	0.32031342114572436	-0.9017652811050694	-0.4305988292996208	-0.4635621657472684
0.2367512445595178	-0.13397362555447978	0.8702655590026632	0.4106552966529102	0.13023364794040673	-0.012804819218379537	0.8225809719810858	1.5022864202360113	0.7195006662627778	-1.5088980103400633	0.3054720258768109	-0.5069661549750801
0.22362703912944137	-0.10926594906953103	0.8718896046152709	0.42173500816029086	0.11601272030586103	-0.0003752214773006209	1.083019342928954	2.0406556261973647	0.5394255631520435	-1.160771021523842	0.6562025329265618	-0.28595844622436156
0.21360846536795947	-0.11782676723318897	0.8646380732365285	0.43919161963355424	0.08188943131538234	0.013870022236976509	0.96967715448329	1.953936976693919	0.34917293901362567	-0.6348331258643286	-0.5668494445431156	-0.6084771473832111
0.19814877880948326	-0.10349651666617186	0.8801597485736624	0.4187413873562377	0.09739844066740576	-0.022995965476681382	0.5101333799894376	2.0376433441878508	0.7138203297811465	-1.238160964226044	-0.6841371902086318	-1.0857808395429036
0.20915500538990203	-0.10496721866684366	0.8681542885368425	0.4376576264853452	0.15747532443097476	-0.048087993999250685	0.8801796489315077	1.9388722131033571	0.6361459735662908	-1.2175014863161004	0.6952101814179356	-0.7160483916874392
0.1949101021378363	-0.10298633939344957	0.874023279813467	0.4329978895180269	0.09298654120305376	-0.03883723285602483	1.0813267067662766	2.106359741278041	0.5115766530088108	-1.0184001688549216	-0.8653157439730682	-0.8160875123446156
0.20167230019140475	-0.08865207903626916	0.8776395763145723	0.42569691836379675	0.08551761032973922	0.05290700302603504	0.44669322697230884	2.2842031528836113	0.6163062337173897	-1.0065401356574455	-0.6949641829571896	-0.6793131009357837
0.22537673484001747	-0.10789387637434304	0.8663249462293819	0.4324873713467585	0.1397340640769435	0.03528259529393079	1.4463450731294252	1.6451664820416614	0.19012066463500737	-0.7241261510065224	0.7762341941016079	0.015483318537276441
0.2257234693063034	-0.12417614305164448	0.8735217372736234	0.4130241825990516	0.15958137499886077	0.014852032961428755	0.8141635392698265	2.0289117808322876	0.6403849600340885	-1.1893336580260863	-0.5938341440805054	-0.3838068281391143
0.22147847186783054	-0.07908760390035857	0.8651605271003109	0.4429330646451029	0.12543715915879164	0.0032729741596589303	1.0601046992386594	1.770953908612844	0.43472616591645374	-1.0629998615771687	0.31427992487101625	-0.6085274993381704
0.21728680614903986	-0.10261897885949228	0.8657975932469696	0.43891948758187954	0.16361731754054826	-0.003902157775766397	0.7702090088501787	2.6708020210174177	0.5969307429450357	-0.9343455728154026	0.9797552385194068	-0.535204891021456
0.21198225231065862	-0.13199747588326952	0.8577025452862403	0.4494291210805668	0.10729732946563773	0.04894100553639072	0.9321692452850107	1.9046089905048278	0.572738725620089	-0.9733219301758478	-0.07962297409873698	0.009248429643682091
0.2051916772065524	-0.10788515487485756	0.8619126066124637	0.4509587869476526	0.11713367626420808	-0.012806659274847363	0.9907138907570491	2.1829445800009863	0.5011944522540436	-0.8864773436336757	0.302102762790212	-0.8351726504796962
0.2221461494482169	-0.09159669439982548	0.8676193546686137	0.435313437955657	0.1356631759903039	-0.021302651932128356	0.9568984941989674	2.6051057875228074	0.6152697194564074	-1.1664518249808415	0.46582228606736265	-0.7446277056761423
0.22904148240717864	-0.12817712662293196	0.8589871828100457	0.4396039618969239	0.1064384630635581	-0.02405552439295178	0.5690769193355265	1.5840207812181468	0.5631180662474619	-0.9349738080215166	-0.8417995707544508	-0.6027167776791704
0.20500721323067117	-0.11771983980115125	0.8589176755103576	0.45428461182002366	0.15279130951313902	-0.015555332041310573	1.3261450864362643	2.0962402887567517	0.28579165387974226	-0.5955996164592169	0.3281463235057008	-0.7557139618392346
0.2058429222987556	-0.1236199149675209	0.8574236699197735	0.4551609146491366	0.13467791100151746	-0.01052227513486081	0.9865420911602735	2.350218624770003	0.45970753559118166	-0.6738342262072187	1.6786711486762946	-0.5348840205467228
0.18776698935569433	-0.12216529666914847	0.868602174065824	0.4419835530946388	0.08956582639445132	-0.030864328531191403	0.1845659315439146	1.7392337305342198	0.5207630034362267	-0.6211028887197094	-0.48271010052103175	0.034387288607528974
0.22079210334533922	-0.09731965498571019	0.8568550024098215	0.4556086442321613	0.08489096183090833	0.004207194046023773	0.9586674634639163	1.958566074803266	0.2909870477714473	-0.5934763133730565	-0.31306450238355826	-0.7183112769480978
0.21261139198870546	-0.10143789374647252	0.8663071267222676	0.44047555198797744	0.130181623390094	-0.006156029882960862	1.3479509707210493	1.6046402428713857	0.46439392443631267	-1.194450338346786	0.2977088395748892	-0.38568995770094006
0.2198099017161935	-0.0943671212302332	0.872340297096379	0.4263811201261579	0.13775983424797358	-0.0086361729815564	1.4256727232457431	1.7795391809027281	0.49599776369500714	-1.355889838479929	0.3288226829633138	-0.6007377519996674
0.20110464737408335	-0.09172963291506683	0.8759208438634873	0.42884177797328593	0.14178491694534165	-0.018300805077186146	0.7471325725511098	1.6076931770977212	0.47377954564551283	-0.9741870509231306	0.5686599187292606	-0.46873923802805856
0.2225718277660439	-0.12130962016699523	0.8577584088583756	0.44720942473584957	0.17334636132124437	-0.020317141239475766	0.8837451236393781	2.064918564413206	0.5783908475191082	-0.989071046636603	0.20622488930817648	-0.6847747275601361
0.2093311892987637	-0.09135851964768218	0.870421766667406	0.43611927518299526	0.18858364111023543	-0.010719795173599889	0.9573850762717667	2.3897994083111525	0.6562970851203477	-1.2687751269227536	-0.49538084944672395	-0.36478102342287794
0.2246123874062873	-0.10836732692041208	0.8722779224127705	0.4206388283920461	0.06732366851203246	0.01790932508909085	1.2784245928603286	2.0243552617920364	0.5576712140231362	-1.3175681416280354	-0.5185335808440052	-0.49129768600477397
0.2177329915153348	-0.09679203642599457	0.8742206747167476	0.4230388374465006	0.09837984842300801	0.03509669268466005	0.8649235500723506	2.067155854274796	0.44846085366620375	-0.8989527288220966	-0.5949206825405197	-0.6026578189624398
0.2089043297338249	-0.09578235412807745	0.8678463818935426	0.44048539032575457	0.12989678029745902	-0.012737907195876079	1.118276881377307	1.9023220125574969	0.552731185986737	-1.205692114360694	-0.4883201287479195	-0.29873707035421787
0.20298132951162456	-0.11105075920557746	0.872413955645626	0.4305347822700389	0.09742559757586135	0.02996275094712438	0.6769068781356374	2.1321195623196045	0.48432316601667463	-0.7505926683517291	0.05851700510359507	-0.39907012434075595
0.2410817042941524	-0.11335561985294494	0.8574881583929488	0.4401638030531938	0.07849193168294609	0.023136972965309508	1.315154946156404	1.9778482802197266	0.4279862180786428	-1.0447308225231915	-0.7423854209643075	-0.42357685589054017
0.23098178010095508	-0.0988515424457134	0.8688928366537225	0.42649856767560773	0.17177352469412377	0.013495064512145764	1.2009016838374265	2.2273949531367445	0.46960891058667253	-1.0908472750066023	0.07045776178440409	-0.23432306048794782
0.19568907456369122	-0.11681065383365563	0.8698121887993715	0.4375932054584562	0.1232133973841132	0.01613314726098441	0.7181109311130044	2.1842749148017906	0.5181385525124298	-0.7679806424398486	1.1071406392635068	-0.4865295559258243
0.21807350318458832	-0.08525326225794866	0.8700998174382055	0.43370743154479174	0.16898251606774997	-0.005187769927979649	0.8806620841150522	2.030579293334877	0.5194167822300366	-1.0857088671274833	-0.1585075322444032	-0.06170635654264228
0.20456945426185946	-0.09593230368951793	0.8646575473306415	0.44868213396121176	0.16080308064390916	0.03724218528561691	0.8445982553580067	1.8509656595946957	0.7929691205677037	-1.5174625592555102	1.0813689204847101	-0.14707050572372674
0.22846499369550466	-0.09720305762387726	0.8659825643234724	0.43408468129159455	0.13074458248313983	0.003862603005914548	0.9929869255422218	2.0128371188751557	0.600020789741447	-1.2689145577286702	0.2914319203181828	-0.8666514958476351
0.2085859297239704	-0.10820326332145142	0.8707345330328218	0.4319783984320158	0.21626437898129183	0.02874938203892341	0.799509299198556	2.145783019280497	0.5723327199547014	-1.0022156909952065	1.3093609823217518	-0.228887897773981
0.21101460517457252	-0.10585036554954731	0.8691326671556728	0.4345997508040163	0.09009079225301714	0.02652533087837543	0.8673331569394229	1.7899875088707657	0.4612604775816138	-0.9076067805551411	0.5433229047917768	-0.3215541047226459
0.23579903671046562	-0.0741692168276542	0.8645683373373355	0.4375149501849553	0.12529381136585802	0.00904208637314779	1.4482426454254924	2.3876006938987815	0.30530552696850866	-0.9790870890256124	-0.581777757897154	-0.9692097338497897
0.22801443124894782	-0.10822213788966985	0.8706515392764466	0.4222123697481666	0.1869387180192977	-0.02460044712975787	0.9441116185497045	2.4910631539425756	0.6198492214618517	-1.1495531802534529	-0.10383011306970125	-0.4196509764110728
0.23369463670394947	-0.1030221266655223	0.8746363172465822	0.4120492334011291	0.1429720095435875	-0.0058951350159391425	1.176046657581082	2.27397638934655	0.48889421915196885	-1.136200517279191	-1.0993461393936166	-1.0066693707546321
0.22327802979728462	-0.1374420198217422	0.8724576484621003	0.4124006113442908	0.09516310461410042	-0.01610477537379931	0.7276304682237806	1.5303806089843077	0.6837257820883103	-1.3303740787772305	-1.1153903483841203	-0.5854742844448729
0.19281861599175668	-0.10486101515506643	0.8661633222125011	0.44898357217327617	0.18228072677534232	-0.028471412862652798	0.9569919829449847	2.0157522820111176	0.5656887365020616	-1.0315096211179675	-0.44912301570027685	-0.2708293246232005
0.21662744580106427	-0.09528515043011059	0.8628873675702314	0.44656318782556914	0.14494306452435166	-0.0397564594813051	1.0543848264431026	2.1912204455815565	0.4382352918563959	-0.8907263972298192	1.4572067815396856	-0.7660265677820384
0.22510484688665638	-0.12104741400212075	0.8724484417044678	0.416544172974464	0.08810887414187894	-0.0001792662590948651	0.585434101219884	1.5130233103407007	0.7112543773584314	-1.3664079461085052	-0.5442620124689099	-0.3407539672941335
0.22384816298731086	-0.10281255146179961	0.8700251618788913	0.42705713538908374	0.13931177654717875	-0.0006885256637939912	0.8353898361966583	2.268993610138766	0.5272273949763171	-0.9657268861402176	-0.5265151808362593	-0.5744277257765771
0.22547597355327345	-0.09961330947574183	0.8659287434365288	0.4352070601632373	0.15894101674023323	-0.016864327452538005	1.0828454220142756	1.9841558744499033	0.4731691301634158	-1.0483240844275854	-0.7603766712545816	-0.32497427821502584
0.20094956594446067	-0.08212304048925238	0.8577877213976637	0.4659134073912636	0.1251324019030173	-0.006944858874362375	0.7701336857621658	2.284754633927776	0.44637671564049486	-0.7512629875090686	-0.028691504686976788	-0.6518587047985637
0.21884050675664574	-0.10629681748553853	0.8742201043113208	0.4201773773215831	0.12450241628138116	0.029106853708677525	1.1698086641155463	2.2959198172287127	0.3959285406531313	-0.8522144706651372	0.6860521487409845	-0.5660807628675217
0.20158496294869052	-0.10650969611380325	0.8750720427035735	0.4269286912650815	0.12718682253718702	-0.003551978521028509	0.8197224585401848	1.721510294763686	0.5169818303586549	-1.0172249799531559	-0.7113229322941615	-0.2979581434859934
0.221650527636232	-0.1139842469350773	0.8732474754340146	0.41870930452683197	0.1345575055031415	0.03001990965109563	1.2657813711221946	1.9848283751165632	0.5818376189079226	-1.3431996062465157	0.22804465703262897	-0.513358022487841
0.2345476352932887	-0.1007845066629495	0.8631933549464863	0.43557676932001516	0.1940241435005153	-0.0007089503087902958	0.8074829538172412	2.160826251850043	0.6505032782788162	-1.223953053313346	-0.32807832047121677	-0.11197220580334966
0.22260648092479704	-0.0979609088035872	0.8575578661701934	0.45325988259085764	0.11646803166336432	0.018698350702787355	0.6680987959634136	2.053714122367421	0.33077937275179253	-0.5100867779831182	-0.36114915572217043	-0.391832425046527
0.2121894182546661	-0.10205521808083254	0.8730015043482496	0.42711679509112405	0.11075480022172468	0.02794165333666299	0.9577269242544831	2.2216680448068042	0.519139161460231	-1.0060385729332173	-0.4136760363562673	-0.9632035558857858
0.23188471013954537	-0.10931546604426674	0.8634361149368189	0.43446252486242837	0.18132344518217802	0.0019152915040169128	1.0692521176181276	2.078963485481275	0.3902649174875375	-0.8231991454738296	-0.8395181947599449	-0.8216296257151529
0.2112993500277932	-0.11361936067869197	0.8632071687228821	0.4442033424257673	0.056398606145981106	0.004145478879791711	0.994698789002545	2.10038444520568	0.31252753735959055	-0.5432441797944458	-0.930195607198073	-1.029733691142005
0.22099142238270889	-0.08780419706307496	0.8704222341888133	0.43106652438008974	0.14156092788605854	-0.004277466894550609	0.8775909305086335	2.2800919750756865	0.5045215004756479	-1.0042189083567057	-0.9780017848636584	-1.0086965535087833
0.20654053247563695	-0.09632737419511406	0.8703596548263777	0.43650442915950327	0.17928514543281762	-0.012038563543931806	0.9876579788045425	1.808227773246211	0.39640693322316733	-0.8586995870700491	-0.307079818487189	-0.8561941780545386
0.21376148677188272	-0.1108315083302031	0.8548379933516329	0.45964596012244036	0.1368252486833693	0.012955043650615705	0.9518969163984095	1.6007376534765605	0.32600831882930154	-0.6630125249658163	0.2245027319688774	-0.6694781447974244
0.22491332403385236	-0.1332202403782249	0.865985532573665	0.42630437670603044	0.1266805804229472	0.016485489644464852	1.2214270842791164	1.6019449604924816	0.3655247897839788	-0.8863219175701886	0.31944418814716374	-0.38255805038069174
0.19638824131873317	-0.10548677213499089	0.878582815287529	0.42237002291558906	0.15450855731111457	0.01901945444906776	0.5695892428616454	2.1433895400986454	0.7970794130670156	-1.387555055070831	0.5621988381294415	-0.4112125513966676
0.21107760470465187	-0.12223785904694101	0.8633626194066392	0.44171160050317176	0.15392351015280112	0.008479922901846272	0.8417667744636014	1.8122630696094555	0.5526229826319388	-0.9808775276689811	-0.23291993272783004	-0.6012594433528369
0.2252285506654727	-0.09657766398836026	0.8722034156658974	0.4233273632597161	0.13666823794362787	0.018938624873444384	1.0907370875686573	2.2666913808025613	0.3117935021014778	-0.7056022319582282	-0.17332251883699135	-0.9648939471645394
0.2248731139828322	-0.10346565290707459	0.8598422543008228	0.44654029940763007	0.12736705852634878	0.0022563821562762	1.18232838564079	1.9996329585625643	0.3348620928288802	-0.7768819822874554	0.6496992615774172	-1.0912894072421555
0.22334705678320185	-0.10765193957860543	0.8771349080003459	0.41129248145142455	0.09160947969622722	0.01976616873033744	1.3073963051289093	1.6505475805430188	0.6064974720009091	-1.5713843598909394	-0.33182620687744574	-0.2925697523603396
0.22024038953392372	-0.11787898427057125	0.8737764356224049	0.41726904562439	0.14606036826288857	0.0063361943146196175	1.0741200547129393	1.9587236109002484	0.3865812917590217	-0.8231089660965195	-0.34481217076614445	-0.4908404987930785
0.22971131475370063	-0.12077358638844146	0.8566046595617278	0.4459539325111242	0.09107911236962248	-0.0046719943146786075	1.0633381773640906	1.860004113975029	0.350266120737669	-0.7168028153011378	-0.6898596177053887	-0.47255274903517125
0.22845565158517334	-0.10760162956047407	0.8622654561912397	0.4390081862950137	0.16146403240471016	-0.010594450101212266	1.1546949102081403	2.0159213643435105	0.5222508401766954	-1.1325506646512649	0.9072939605476877	-0.9339957804898206
0.21730470256779846	-0.11409160127438442	0.8720539074276606	0.4234191248641428	0.1126587884459118	-0.008864522558937188	1.128639142164092	2.01988279926535	0.42429708471381655	-0.9088320252371549	-0.17479216300334396	-0.701423508784615
0.22266774641062836	-0.10568279217491375	0.8739293026255824	0.4189245709658114	0.1256570074598517	0.00018350320687646952	1.1103911972107916	2.4925076347294417	0.6046990509899913	-1.2228868741467813	-0.26639992891009023	-0.5188390524009222
0.20864230632393757	-0.10650109235656258	0.8813472155809702	0.41030840952429665	0.10870383584968796	-0.01662890408906968	0.9381862751162434	2.043763693213862	0.6085491987255721	-1.2537530605160776	-0.49846434433488507	-0.7440866716659227
0.2078411119015357	-0.13147938515791438	0.8698948490750009	0.42754905570567164	0.10211393873553526	0.015280211936073125	0.9136274252874451	1.6615501986671153	0.4342302923158183	-0.8166652021422002	-0.09942475441150002	-0.12952476191381834
0.2184447742325867	-0.09640007746367063	0.8639719161672322	0.4433299378000469	0.18235469885648395	0.026651768561051375	1.2079158610033538	1.871101420191354	0.5328146425286404	-1.2266833953648169	0.03106966384239133	-1.205673240181927
0.21909323575497103	-0.09746444531350364	0.8657828584924583	0.43922531562601835	0.10137929442911192	0.00587640429168288	0.604156514351414	2.274416585879826	0.5087493076098393	-0.7994946374506978	-0.713673525516048	-0.47626653930600676
0.1908318906242308	-0.1028230052741102	0.8749982309704056	0.43288418186143346	0.14457892950039825	0.005897028335522979	0.5695105002925966	1.5768858869631353	0.5288573932950399	-0.9454951701818044	0.8243574753205164	-0.5130403373976865
0.22317215139941995	-0.13137207099977388	0.8623161607652912	0.4351395278344558	0.1991750023440947	-0.023438282868625246	0.6442901989606189	1.5459093598204239	0.3621054738876328	-0.5813025512615994	-0.16766066758284415	-0.655948902230967
0.21857165053365663	-0.11254257875983671	0.8633384522924704	0.44068959409353053	0.044311839371969496	-0.009666329939304113	1.1237897340083722	2.3501764265862612	0.5122928499005475	-0.960802758347331	0.4684408792761566	-0.4255812740076561
0.21321665467025977	-0.11209756124069642	0.8660159276836861	0.4381657311261073	0.15315866358760138	-0.0023828589377229512	0.9085774057272892	2.360940214222168	0.8623062296954755	-1.5424280726586552	0.3971275187847086	-0.8202046475896777
0.20931769181484428	-0.09906774297709861	0.8681195678425261	0.4390217558659655	0.12377510610419389	0.04495187857385994	1.235571184971524	2.087821310331342	0.34419386897975224	-0.7985768169013949	-0.06555738405966081	-0.4326151786673183
0.20436634895966369	-0.11206738568611811	0.8764301683867757	0.42136143205080373	0.11594842143123822	-0.030771667863016106	0.7576550140686699	2.0588159147035507	0.6349033299134862	-1.140497130534371	-0.04553834862058226	0.12913460141288405
0.20884642987823368	-0.11617414461504919	0.8676806439827024	0.4359094365895747	0.1419740690278352	0.04198528857138111	1.0250350708543188	2.1450503258535427	0.5229383718123224	-0.9603348685868593	0.14403400534153932	-1.1231699222618188
0.22645208758183577	-0.11394106584663123	0.8640581802078031	0.43490268653980724	0.09029598391833653	0.008309698174124908	0.9946945778833416	1.951351578668208	0.4067547652221846	-0.8148291057966343	-0.2288349876447331	-0.056197477129108574
0.22429420586992005	-0.07640802588125738	0.874055416455991	0.4241238636979237	0.08329268876436133	0.005630731184895478	0.6893515832736619	2.699939401071398	0.43815574522510725	-0.781123056310555	-0.4223360442044762	-0.09845508133986076
0.22922248164533263	-0.11899055184206592	0.8651461898447439	0.42990740011983763	0.13263823976355496	0.030657815668802237	1.6892383446678858	1.8761121570455122	0.3925133488405354	-1.1713062223236803	0.6487621406353542	0.13386666366398278
0.20874112353777025	-0.11935050994232224	0.8662436272441616	0.4379549946964586	0.10969560225627852	-0.005562653296589784	1.1117405109079073	1.6148645974328162	0.5498674541274935	-1.177404606293541	-0.08866584626934693	-0.9427667027758048
0.22998833930215748	-0.126432207798737	0.8682513527046463	0.4210223855601084	0.08835080721334598	0.03233214493316055	1.3972682315718097	1.9257608618230666	0.3592198642195732	-0.9257710494292749	-0.10598312331313904	-0.1669412416052837
0.2096768029982873	-0.12097282431506928	0.8606088300468457	0.44805541588853937	0.1775801276543034	0.019295782398799262	0.5302597576392324	2.256930277257942	0.7320804311316729	-1.0449395488866138	0.20141098568800767	-0.5771838064942155
0.23727236012056682	-0.09823532877336852	0.860622321599277	0.43975091457400634	0.10308500351943102	0.05355577567744701	0.8950575445554695	2.2059245765132864	0.6474670255771514	-1.2572964521612082	-0.2907441096627267	-0.9967292461310869
0.23153631111473313	-0.10497050624559305	0.8614332512128633	0.43966451205295315	0.0777043616287903	0.04669307358291674	1.0189580707245107	2.672482449267109	0.478395300668188	-0.8358636332681737	-0.31016688747577625	-0.35684918768530016
0.22753375177502383	-0.08669549252297391	0.8745433861004891	0.419387826727567	0.15542852025213086	-7.231674302858757e-5	1.20586660811697	2.1385432356515888	0.40713380943474314	-1.0611406586599095	-0.756857755916029	-0.12148352423619968
0.2065333851867489	-0.11594884684182931	0.8628513620522261	0.4465281096683277	0.1474761731986639	0.02551547817701787	0.7764426908750304	2.1094424072043467	0.6979556610008767	-1.1600745939304122	-0.28979692515773836	0.04429165723290637
0.20034881007774236	-0.11444937737260445	0.8603922130155618	0.45440833410231374	0.15183441822514218	-0.021926703415283803	0.9902885895808125	2.5014970303888404	0.6650139019057446	-1.0657400169214721	0.0007705663694512014	-0.4819613325004927
0.20062646505663367	-0.11278021063662626	0.8775168635290128	0.42070631066082353	0.1807573737943314	-0.03697588756779288	0.8468397405413378	2.2964600977365537	0.7510560304093221	-1.3547872417625797	-0.0450559800988127	-0.7778121571264043
0.2249396399841976	-0.10810068837378772	0.8762888145456369	0.4121095886279465	0.16396962884665972	0.0154815253683582	0.8044676900331872	1.8633663182622342	0.49838124715526366	-1.010050274553452	0.4457402192786349	0.3802302662261467
0.23945521466513753	-0.12563794885022425	0.8679081079062705	0.4166675199831862	0.10254217777167425	-0.06783762266474251	0.9257881396546093	1.7222502594557416	0.5262337744287994	-1.1088634103521335	-0.024344051932137387	-0.7865410386881152
0.22342516853843258	-0.1306585413880744	0.8650828497650389	0.4296989674973782	0.13172582892522375	-0.016542712883982885	1.0131093359382066	2.0585542426371837	0.5490099674430757	-1.006112579514985	-0.3796172386679549	-0.5189929192787724
0.23650937501686134	-0.10150562423806815	0.8531922449817432	0.45367710640959935	0.12236804336681606	-0.0406802617515978	1.1610348226058766	2.333425568985754	0.2610900815826356	-0.5741965605977141	-0.8717980625048835	-0.29603514199320285
0.21840233994226416	-0.08140708497099836	0.8628313174344304	0.44854812682546497	0.12407398833754553	-0.0005219565115076222	0.4527139614173807	2.47464061045275	0.5563503832162525	-0.8415084615943081	-0.8075855479792277	-0.23324334435608182
0.22064070212331244	-0.11982887722520147	0.8637063246792778	0.43700126482482116	0.1492374631800117	0.006097039813210963	1.2078703228681198	2.069588466067419	0.6075717070445835	-1.243182717543893	0.30335745069099646	-0.9298238270267632
0.19195004759321818	-0.09919947195802035	0.8768261907482182	0.4295235444189066	0.15472869286844368	-0.014034072294102863	1.2302709435186174	2.0585125134927513	0.4055113833739953	-0.9021861977708556	-0.5425743771658476	-0.5210440963257735
0.20931615804021544	-0.10947134993915895	0.8625974316162528	0.44735717329090163	0.15752317441223004	0.0007200234421978385	1.0668495616184737	2.299630026650708	0.48896325111285616	-0.879260948780393	0.9319663100145172	-0.8830404545279914
0.21252345496594371	-0.10796528581232143	0.8679729192852784	0.4356607505114428	0.11440818631053133	0.04477462629998252	0.6752107779319182	2.166489165407608	0.4372861388427747	-0.663693095048643	0.932982754248457	-0.4970115347031508
0.21927779822774682	-0.09666092569735922	0.8621360710591719	0.4464250302417817	0.14523417205113368	0.002793556219746255	1.0306633882925373	2.421449144692242	0.4706355836543722	-0.890841616610827	0.6883620149733521	-0.5019291891791604
0.20307247759181257	-0.10763748439909938	0.8722181457815258	0.43175368784342033	0.16133755356452567	-0.021299474265570686	1.1130097306112299	1.8419687749185245	0.4091612356789166	-0.8908658419013434	-0.7557809010038552	-0.6756248323272939
0.2402950824712791	-0.09433243964780141	0.8571607644744118	0.44568496498744137	0.18632370082481886	-0.008404208614537811	1.0986392294298246	2.6296726225466633	0.35430792213281453	-0.7171725429101554	-0.16482700281553916	0.1206424110863622
0.2119931618529988	-0.12009212815461169	0.8712415634062629	0.426116085446531	0.15621913215431726	-0.010037707183308998	0.9594912477269772	1.8894003831336645	0.5636415017077079	-1.0972863722986788	0.1010560766346763	-0.5518693093876713
0.23347539035656784	-0.10195949931723669	0.8661207846162284	0.43003289298912417	0.15544956802596488	0.004324836055529652	1.1552158527025975	2.089589744087733	0.4188447685463825	-0.9753465710973404	-0.565586911249656	-0.7154383242700124
0.19470811709892394	-0.10737042780646996	0.8717753485236148	0.43654104282985484	0.1321477827852454	-0.005241143439529662	1.105321588443922	2.094667097449419	0.4088176463643921	-0.7942138196304247	-0.7567260205895593	-0.5970447036691147
0.1971771328213833	-0.12760743364070273	0.8689666475550847	0.4355852231295838	0.10987969249899464	-0.02998894746979742	0.8300166453247825	1.5435207966847468	0.6268805404742192	-1.174130409388161	-0.9916973949077783	-0.25215698701118255
0.20920281494076326	-0.12467477661955027	0.8636273486642814	0.4414047858087064	0.09377663656764701	0.012088967457535632	1.140169469432843	2.4474450041367146	0.7370629916807929	-1.2911952451877802	-0.8709109798551179	-0.5812005716549983
0.21662515600326043	-0.10880359178420214	0.8686941131953722	0.43197900169004255	0.13858576013913818	0.02122143989968675	0.9367721866541625	2.1532756270525306	0.43930988948839345	-0.8108500928181307	0.39098481160787363	-0.35535485665582384
0.21810631193425767	-0.10014505795696714	0.8644903367169964	0.4416526483382231	0.15541151375983894	-0.03498703267280042	0.9206313580747755	1.9506935162932644	0.47401605135093944	-0.9401630270286467	-0.02143703734146282	-0.27154822877467144
0.2409637328736827	-0.11527009382889063	0.8632471555825759	0.42831487633148047	0.08331308547642273	0.0035489824633165128	1.270691464063586	1.9836248995900077	0.5627074631021557	-1.315138880972467	-0.5902191130019101	-0.4378909689611399
0.21224084810071311	-0.10100934272926536	0.8664951609836725	0.44038286872989413	0.13550367169948052	0.014960020644276048	0.9722055542358601	2.0559856387894992	0.5533588471326158	-1.085761437612805	0.2908499071262649	-1.3322373951220485
0.21431913585820778	-0.11972112602072793	0.8706322324593109	0.42630232909548665	0.14867747683230867	-0.030458205584001283	1.4226953921720424	2.053120875009953	0.47459868827285184	-1.1079222122062895	0.02864252525852486	-0.2515404098372551
0.20329578136551088	-0.13093497397009973	0.8718609181336081	0.4258936455286199	0.11208994971157103	-0.0178382960077326	0.6155774758671808	1.5053813196889332	0.43432589868065213	-0.720154010401145	-0.6886999053971143	-0.8643910562220277
0.22673700481735254	-0.10957775426549175	0.8764953802153458	0.4102912317826737	0.11152343387287678	-0.04675958290264429	1.1798556627578713	1.3919326223094621	0.41784481178437505	-1.1729013396996528	0.22890839245763583	-1.0301056483841442
0.21718269631698325	-0.10079318129125106	0.8577653450604537	0.4548747342280015	0.10985640427684802	-0.013575374728005934	0.8604303683451753	1.8307436568134616	0.2934125104586937	-0.5584464782397451	-0.5238783241645676	-0.2935707710290216
0.22084550780289194	-0.11073779463328241	0.864054259152384	0.43860533485545367	0.14360537736926962	0.007763777667540586	1.191602639965956	1.7737413209553268	0.3697031478834003	-0.8804805524492668	-0.09314633786425973	-0.5299903598020741
0.19125126862458006	-0.09890750037300396	0.8750535956311745	0.43349909272385534	0.1186560505796138	0.017891245035881014	0.8746348485251049	1.9627434700693658	0.5443897009076163	-1.0369459743156444	0.07492479971815341	-0.7351145524481512
0.19211512794790012	-0.11392206858685365	0.874937274116479	0.42964905011425225	0.07857357983539186	-0.004720607834647992	0.4913587416684924	1.8259169131346031	0.6530154658119716	-1.0653643647150008	-0.5078766971992149	-0.4136567197085672
0.19579915217247315	-0.12559973021172668	0.8685835310501336	0.43755005355703463	0.14890209364931478	-0.03476479496742021	1.3191075127105543	1.9754655801102248	0.2190460608628303	-0.45805499984792813	0.641509966729198	-0.46765031999641066
0.2198147426712222	-0.09825793344762437	0.8601876614694441	0.4495598341430378	0.11129060992485797	-0.04186508872233471	1.57949046728001	2.4582695539170363	0.3094214967724269	-0.8270564447055342	-0.2226420076180801	-0.5692186856644209
0.20538810569578564	-0.10770513700197387	0.8674482821309621	0.44016906675745127	0.11938335508979991	-0.05243970621425965	1.063114751403175	1.9539565742827851	0.627362114637133	-1.2543002103306964	-1.139099752945659	-0.9340797238914508
0.21034392590241816	-0.11124829719785131	0.8613713161656145	0.44879695285691695	0.10710864316638846	0.010899285087034001	0.6058059705206178	2.1821850285177926	0.5437731366221914	-0.7866671503037171	0.11890633168788765	-1.7574165197312492
0.22194418541983063	-0.10475627482807931	0.8746719714112471	0.4179902437498202	0.10216926261714378	0.013843491439475783	0.3238878251147617	2.215120263912415	0.6007705133255055	-0.8739782975500698	0.3581232006868047	-0.1921500573565842
