0.22424283250956353	-0.10897471550993679	0.8621897546543774	0.44098581657082875	0.10422124820912161	0.03866888760545375	0.9805282572579048	2.0047661147593256	0.5120531646972587	-1.0043284671322559	0.5344526124732565	-0.48100244133756775
0.23463095725005106	-0.11757300227597016	0.8582644743225424	0.4410294719761814	0.1803579620857756	-0.007772317577449453	0.9761216023416411	1.9900498629076493	0.5179573564194209	-0.9967510904611087	0.6208216315566607	-0.4996002885064474
0.20555279594502873	-0.11173818312998154	0.8822701599597594	0.40848744332546194	0.13723614876631882	-0.04715629782556502	1.0247909243460787	2.012123281483969	0.473057101001634	-0.9870115001342868	0.6489665905445486	-0.4342682967568723
0.21012806298056924	-0.10949975597446805	0.8690492528318914	0.4342918336117974	0.14103937492553817	0.025308613431497793	1.0223589271980835	1.9846536077046903	0.5121102046222346	-1.0190295367046778	0.6227049396661208	-0.5061420251755017
0.21868096263960216	-0.11695898488620239	0.8663533294678356	0.4335102547269234	0.14056757883884827	0.03950778692321614	1.001589670010439	2.0020464224413552	0.52502681129453	-1.0143474051054737	0.5662898950261978	-0.5436773854035862
0.23173435793085356	-0.11496535815140986	0.8582105302979396	0.4433473124596814	0.1413325375296998	-0.01194552004559328	0.9825411017873684	2.02781551405661	0.5252397982734651	-1.0044637867861614	0.6715617926697129	-0.4612035040634992
0.22655423927685378	-0.10669348320981334	0.8623889984947797	0.4399714679174256	0.17712947139795454	-0.005393339488171767	1.0134723769246454	1.9972585988801863	0.4967442290761123	-1.0111990828039294	0.5491891844557718	-0.4451247145128361
0.2169884738961963	-0.11792888297925125	0.8640282201310482	0.43870720939213953	0.15566699274477067	-0.008974197550407277	1.0269426029094673	1.9981275878067986	0.5194961618841782	-0.9939592705260472	0.5714629063912958	-0.4593449795213089
0.21885753269064342	-0.0874892635419013	0.8709343087165279	0.43118492442329587	0.12352436246597122	-0.03040522734009085	0.9807314372332534	1.9432084412784654	0.44665532638163147	-1.0056892310089136	0.5878507068758777	-0.48056587545108825
0.19229781367394935	-0.09849288075659866	0.8768905199270125	0.4293992540266217	0.13460101947046998	0.008921723196524635	1.0345465534012068	1.9570614722455895	0.4714200769018463	-0.9771051312917127	0.5207528615778863	-0.4710012141730186
0.21712754089087166	-0.10304350757281658	0.86813507280928	0.4342570228472992	0.07147231141232364	-0.027805822186171215	0.9883235325777385	2.0168053880493546	0.4895874862573342	-0.9943457497915543	0.7146441516303558	-0.45358358506749824
0.22263456547157037	-0.09237983370418404	0.8707854796390567	0.4285235874859754	0.1763464117100697	-0.008348274819894067	0.9913208103783578	1.9655781745294798	0.4337121509391184	-0.9726249581543789	0.6908694395625489	-0.4937015285230462
0.22688886187453514	-0.11409797762537234	0.8634819117901192	0.435777562375989	0.16496512761962365	-0.04161022596541641	1.0138245408395976	2.000517567616069	0.48720994498906856	-0.96945666495872	0.595673929742531	-0.4683685254381529
0.22097417706877764	-0.11867201337513683	0.8590537880644016	0.44622186804600933	0.08147175771438651	-0.049891599144179226	1.0062421582371832	1.9884250258124618	0.5341945175143868	-0.9979003435523148	0.6834206854602024	-0.5192036055629415
0.21699482289397065	-0.1184390633487072	0.8683325056668949	0.4299815050819596	0.07463933463403911	-0.052549186252403124	1.0066381896485557	2.039699836583859	0.5173043487135097	-0.9908503361165863	0.7107877889963389	-0.41289813946914694
0.2045475969601802	-0.09624976584385192	0.8675532222399422	0.44299849856846335	0.15194978195524608	-0.0005550233443056835	1.0062565464669802	1.9611317539373379	0.5110573460997805	-1.0393677072179934	0.5765710900924688	-0.5149230915276498
0.24583684129031147	-0.1107189900618228	0.8640859565263508	0.4250423654625898	0.08627874336390547	0.03719008213685222	0.9724802641430841	2.0335538634212327	0.4859586740692262	-1.0206712255683488	0.5711856224675199	-0.5042675306090748
0.2282076609137988	-0.11161898932368214	0.8627350277472576	0.43720788718932213	0.12558086155975348	0.03115115215108119	0.9913620914058685	2.0050283968581653	0.5016537230662507	-0.9954793411043027	0.5604292948195894	-0.5109884256866432
0.21184716021413688	-0.12068218880109678	0.8661519283197806	0.43627677807019255	0.1706405135609149	0.045766674327426475	1.0071198138105324	2.03144316786078	0.5179417356959376	-0.95538593551259	0.5658764228761392	-0.5070969989570265
0.22623368086055923	-0.10592197985925189	0.8680331547426011	0.42908891630358653	0.10312496373417991	0.015250863559438188	0.9962690471998915	1.9976090529012007	0.4842860373810885	-1.0118537863278854	0.6709862565021516	-0.4799187971532588
0.22345696903701637	-0.08934364890483883	0.8597695527478719	0.4504231472258984	0.13347135529788107	0.0028219577091887355	1.0067091572766342	1.9736802299785303	0.47618815345901055	-1.0168936965461874	0.6385845402171242	-0.5287423955529872
0.2265067804257788	-0.11786467596523928	0.8665262799277563	0.4288762091505204	0.08229733775175789	0.06435547478829003	0.9902914678221449	2.0172648346102617	0.5141055793396959	-1.0073523593280176	0.5556235381279999	-0.5061054511125959
0.21271696623868994	-0.11751534078617734	0.863658248630974	0.4416288787271449	0.18823108887604104	0.012045414635864065	1.0103722243819557	2.012396773574541	0.5211696833596674	-0.9703811012175536	0.5157267923950078	-0.5139969374881507
0.22931352620981835	-0.08603052808115177	0.8665972820262929	0.4347679906800164	0.04134462522505765	0.010764726899753054	0.9720070564525953	1.965911703853411	0.4416873195904829	-1.0040549985116476	0.6949091411926039	-0.4713214744228544
0.22115848227367985	-0.11093907853135204	0.8674338116210916	0.431671204772245	0.058151058493221074	-0.004661342722896461	1.0186303316422036	2.0067343900889822	0.5018699278143578	-1.014643584353465	0.7052270570615459	-0.5279651858417446
0.19585032377847042	-0.1082932856292982	0.8722117597533022	0.4349274205100518	0.14763277920435924	0.023426979489958047	1.0555039765575902	2.0041878242343114	0.5088836796185928	-0.9967985928667104	0.5296481318763159	-0.5490375968227271
0.22547798087966187	-0.10276171927530926	0.8671030362543202	0.43212502092398253	0.09070598660237707	0.012181594317247108	1.00802425184711	2.00621592769219	0.4677468764374547	-0.9874684202781108	0.6177934399708379	-0.5123483050936314
0.21946690860151144	-0.09983831168770588	0.8796521320910874	0.409974040709712	0.09174545511370451	-0.03598316979631597	0.9858388530278722	2.0345925308301545	0.4523041441212748	-1.0027440425765546	0.69453706865007	-0.5115167078648314
0.21977131485626045	-0.1125050991180874	0.8660736635266604	0.4346948138456322	0.18126939405667095	0.01872579232172373	1.0050379611761102	2.012739325533982	0.503966889727367	-0.9912874818087802	0.5470680772974273	-0.5446497590831539
0.21490018465704055	-0.10993405163117972	0.8639926615030941	0.4418699987497713	0.12911350026461346	-0.010698187470164567	1.001779880603272	2.005283024298909	0.5275803976483611	-1.0198913413336788	0.6484035228571333	-0.4374530057024661
0.2417227226936657	-0.11160197958369424	0.859360247923472	0.43659487832024635	0.10949137429226426	0.005706461578502576	0.9568141414217768	2.0190055311032964	0.5080708270452534	-1.013696218585455	0.6082218505552328	-0.46817734887584567
0.2196721130547336	-0.12248212346636767	0.870131034200224	0.42380924423481625	0.05416883847989357	0.0110101885028008	1.0030148983986595	1.9998269370369908	0.5065025789337027	-0.9818449475471797	0.6040804703261543	-0.44765889805601033
0.21895980583218153	-0.09893779325110501	0.8714637813154373	0.4275731450312733	0.19922645245581092	0.055240159921274325	0.9756419405017615	2.003886601428267	0.4868465785596173	-1.0282110019400799	0.5004512447367004	-0.5524799641880132
0.223382835431279	-0.10655366928480357	0.8724858589090693	0.42132511247293414	0.1799674987341443	-0.01625713279109955	0.994081600278041	1.9861064263715478	0.4579014094654504	-0.9729929016743031	0.5754455994729769	-0.47554408235320783
0.22133084085780996	-0.1099739219805998	0.8667843619495261	0.43313192591764993	0.10567539710235374	0.009931298375793004	0.9740303790051612	2.0000014504538077	0.4989366910579102	-0.9883951173486182	0.6378619622828996	-0.47698548228374604
0.2220076657613209	-0.09665501802719698	0.8782804236759462	0.4123031666395159	0.13178946145841638	-0.052025629125244666	0.9874466660225909	2.0015274080128624	0.4353014740867398	-0.9897567076619601	0.635496415234866	-0.47699021616961934
0.20823198575624127	-0.10809615919436635	0.8699102961156806	0.43383261425043596	0.055395388319880584	0.07739033348010312	1.0372843852083653	2.0082806152876755	0.5032239902911609	-1.0065358903224564	0.5518128102671351	-0.5512424422239601
0.21896908438406668	-0.10326237585983569	0.8585556140369195	0.4519642457335247	0.20633993733029896	0.013952123892813783	1.004709731371914	1.9898216644539781	0.5273384535348902	-1.0338783466442818	0.5881314617945256	-0.5013983758278382
0.20619633594031617	-0.111174902484694	0.8637402877161444	0.4461792548722308	0.2326952902583251	0.03155546489449925	0.9913886511519222	1.9912183718305705	0.5360128623276076	-0.9996500242945408	0.500991174971554	-0.5369076500409572
0.21107450130725092	-0.10350974995556163	0.875032688746526	0.42314427821613987	0.06345875374100073	-0.02398324555620927	1.0271335411976232	1.982301866516938	0.471339100162469	-1.0021434092382029	0.630970318055793	-0.4900130345224653
0.22564625896434695	-0.10722045185677387	0.8546488891189071	0.4551514218881909	0.14808414044663765	-0.0011033742584161618	0.9708985413366066	1.9815308692167233	0.5488404159244453	-1.045113378578488	0.5578932024670595	-0.46051560412614995
0.21367971057543295	-0.09869490861978894	0.8640018637025669	0.44508547024074135	0.10339922223016083	0.014627482764529307	1.0293524624815158	1.9992176842670484	0.4924261961049986	-1.0067645671103846	0.6555145575570552	-0.49501255229407254
0.22276589901201288	-0.09498486453685849	0.8584408914776627	0.45214208561614794	0.18319313304500048	-0.02101746867857274	1.0174657506165472	1.973240762717901	0.49978588714213706	-1.0356596377724756	0.5644133595343789	-0.49270215558936914
0.20964239662715145	-0.11641225605300601	0.8686574675468923	0.4335117717572307	0.1528952276573041	-0.04344411898546985	0.9932498091986038	2.0039772477201687	0.5119629470510392	-0.9680479801643528	0.6331390137345291	-0.45601838467921096
0.2257434276259543	-0.10516631521734411	0.869870303741879	0.4257999597173573	0.1510467220830053	-0.06393293338098954	0.9906382326357228	2.002398022656542	0.47489717927163483	-1.00080846037015	0.591926961531548	-0.4802951635314066
0.2050802595442484	-0.09283663937953272	0.8796336100089525	0.4190085412931297	0.08203862933729537	-0.01902851685737127	1.008967852499599	2.003160397112127	0.4430383063447046	-0.9800852583368057	0.6422780527816955	-0.523814858241603
0.2342544764875727	-0.1089640661529032	0.8635353343362013	0.4330801298672384	0.1554823649200885	-0.05799267532470529	0.9429592032574564	1.9861753983838801	0.5041601033733732	-1.0155874169701	0.6422339852662882	-0.47966141469512585
0.21187204948183105	-0.09141976242610503	0.8723161526020783	0.4310651825372012	0.21888545164506557	0.013957814623707912	1.0117114033920973	1.9903229319160132	0.47948355456477776	-1.0454562018560978	0.41861830797989485	-0.531640029472685
0.22439306281449906	-0.09892201910870282	0.8659246028373018	0.43593207004904644	0.04888533554721363	0.01252681643472905	0.9972396479776218	1.991164211326171	0.4788770231165011	-1.0127152856837864	0.6970039446875802	-0.4627552980487621
0.2234859974451058	-0.10899775459642704	0.871426892323583	0.4228340924927476	0.07803870180990846	0.03624762294493936	0.9497072315557638	2.0079673276071515	0.48718415908897145	-0.9883964492864326	0.6917182198344172	-0.501484089889091
0.21796771180441063	-0.10495423210196213	0.8629683947629675	0.44357663984351553	0.10593919017632547	0.059590766561920805	1.0013972414054337	2.0188273715871885	0.5145645823599109	-1.015474486178873	0.5666004063388344	-0.5849670015728904
0.21331043815809944	-0.10430860787356457	0.8705104172965201	0.4310800211962007	0.1979342863934935	-0.040773440091372605	1.000073099176056	1.9979403552910924	0.481469177648733	-0.9836864800049624	0.5346799217115396	-0.5082687166895785
0.20006285984428554	-0.09415737354739478	0.8682231692991975	0.44418213540127804	0.10427213440848974	-0.019311010015028437	1.013709890119435	1.9680414311357317	0.4943966385339972	-1.0057736866810196	0.679547955242322	-0.5230128851701984
0.20682619897548063	-0.10786005495095514	0.8773147989641895	0.41941372829433676	0.10610847116425458	0.034783413749562085	1.0023239189925506	1.9822153971577372	0.47462872345947793	-0.9773256336096684	0.6457745123997964	-0.5348562537359948
0.20428733504373403	-0.09443818601544714	0.8670302249128098	0.44452975474143874	0.08826188323191435	-0.009267945784502601	0.9988297041942193	1.979556949827133	0.4933778154152207	-1.0007788331326097	0.6095335362804085	-0.4282530638515976
0.22538426763591043	-0.08774678879028916	0.8631780102139164	0.44319990483117305	0.17747561426005587	-0.025709545278801687	0.9813247033000088	1.9648293753237518	0.45894929058317413	-1.0038869863136963	0.549277461740735	-0.47808828292072464
0.22226397741933213	-0.10495466565017135	0.8670376316865117	0.4333924177226043	0.16235417728385224	0.04948840704793269	0.9993506535327337	1.978890729007752	0.48253415798130944	-0.9986356293167523	0.4921745269879612	-0.5558235155976002
0.2201745974297096	-0.10448370659568439	0.8671006438153261	0.43444536503194425	0.1387779884248588	0.032984028656511725	0.9896237853296005	1.9868152302601465	0.4797450351344609	-0.9812221791442636	0.6001666656203527	-0.525275830622265
0.21378602738069555	-0.11101867279554867	0.8746748852495422	0.42061173771210414	0.020873529659493628	0.028191605534883563	0.9766384394972081	2.0049388492661913	0.4709425203704454	-0.9465441911235462	0.7430382025463723	-0.5432514920917977
0.2211362101920596	-0.0969457856085966	0.8743954096737704	0.42087166539939985	0.09918852534234303	-0.004855373988907296	0.9888845472071098	1.9819613483285534	0.4447022345267181	-0.9869540000392467	0.58022256768621	-0.5090517614815387
0.20161950495220476	-0.10995610126173636	0.8643540265952576	0.447382775402352	0.12936453606654538	0.0048749863103703635	1.0110872357107348	1.9795397762898403	0.5407542513239232	-1.0138869248073494	0.5572115757430308	-0.4342708937650312
0.24609035109459645	-0.1265671455428424	0.8588949258099078	0.43095220522149336	0.002008104143318354	-0.035860747463810884	0.9290762316752147	1.988578942360524	0.5264105045800199	-0.9956539071002181	0.7294735694721312	-0.5174167094022907
0.21897474337421735	-0.10923416088494953	0.8585729075086872	0.4505224992739384	0.1617906552468085	-0.05057079122000674	0.9939477951905387	2.0000873807718706	0.5357548493532555	-1.0191637401131008	0.6571522503679742	-0.5615710077505124
0.20883751244738294	-0.10098432512964862	0.8739223682133752	0.42714020392515667	0.19548391997585643	0.043120464695425596	1.00826964364003	2.0023429810590767	0.4728339194385611	-0.9869813340138829	0.5123043621938358	-0.5257840903184989
0.2195544723525687	-0.11466194007110068	0.8773142742996834	0.41105734062188465	0.14635292409909736	-0.016510566343481744	1.0058484393770222	1.996958171362675	0.46567843356593935	-0.9740970970131188	0.5932524155118214	-0.5093866391144435
0.22120554745596716	-0.10260719079712144	0.8588855889925887	0.4503947326426935	0.12474015116803144	0.05471733666145756	1.012253995304924	1.9840071290165397	0.497190385965293	-0.9932897217344426	0.6294611187006606	-0.5422132056126389
0.21201419643155064	-0.09343952742734937	0.8580089231445803	0.45840999446992314	0.13051479012310901	-0.06612550081174672	1.0133355999400997	1.9855527621691365	0.5177848057051939	-1.0330848158513315	0.6553391798977695	-0.4563072892290548
0.2362318346428179	-0.10721735047264143	0.8759021564966899	0.4068099953336487	0.15725137985230753	0.02005607616966023	0.9499333798926184	2.000940386238063	0.44834129809289724	-0.9895825887224289	0.5125602843342688	-0.47296196571580745
0.21582121727676334	-0.10122840569535256	0.8631242284093096	0.4451860042570827	0.18903342649820767	-0.00867558735584132	1.001797717109215	2.0138497467098304	0.5031824107428801	-1.0033094691939572	0.5616373280903246	-0.5617978465964776
0.21559106274196455	-0.11611933189595462	0.874458790747733	0.4187584240464183	0.01986878884963036	0.0014599576626189333	1.0505278972963927	1.9877746363612874	0.4734011138316351	-0.9782134641395256	0.7120277935843179	-0.4703972841424234
0.2111589726917269	-0.08554778632273921	0.8722529490498081	0.43274502583041474	-0.06545104595200325	-0.22765601542892855	0.9934064393890518	1.9969996805809822	0.45420402397089	-1.0054617722982864	1.1002201250257102	-0.3884242101388238
0.2212988669330836	-0.10453437807321705	0.8681508336395846	0.4317563031918277	0.13924978286282597	0.0170714376018196	1.0116666399686118	1.9622897120668774	0.4877107159802302	-1.024097176747912	0.5566081009481301	-0.5117898216578721
0.19340866270705276	-0.1032757145942775	0.8714338281083899	0.4387827471463161	0.09895986344560335	0.005883732113875806	1.0477854310847794	1.9850999163261218	0.5002615512309546	-0.9881496209568813	0.6037851990334616	-0.5089762638636183
0.2208122941802171	-0.12407220349137285	0.8602087698551388	0.44259337017625244	0.16938294854787575	-0.059055071766762314	0.9975646632426075	2.029862711606871	0.5546356195169582	-1.0066292368428	0.6004799462472822	-0.4672020220401587
0.21358515093845187	-0.1115050791608678	0.87173203759332	0.42665121030336484	0.10484388796012295	0.04616375976754313	1.0126985634587167	2.0054941232887122	0.4928924621136747	-0.9899063559903176	0.5791005914353305	-0.5197040112231751
0.21621179525305853	-0.126661325630469	0.862276608223699	0.440100464772778	0.17657670381463497	0.018654613683040642	0.980862523234139	2.0110976314693554	0.5404593297271374	-0.9619876066462415	0.5528952343138814	-0.44931915536548145
0.20829807501565772	-0.09890579438627219	0.8693420102642053	0.4371201493541361	0.12585917254250567	0.0240998353089753	1.0263186532150255	1.97860081315947	0.4793067923880126	-0.9946158869335131	0.5870555373831629	-0.4884141548496817
0.22993583696433723	-0.1004184983137213	0.8762421645937074	0.4113943425280191	0.2105178155456817	-0.015201374204664499	0.9974639578770123	1.9988592943325114	0.4461238298480205	-1.0198068575364672	0.5215369522422276	-0.47312577635424685
0.22301976400558482	-0.11240391798216195	0.8783830927832821	0.4075177129863543	0.15703184182464766	-0.017321801265215066	0.9679222791741531	1.9997620571437362	0.45959015882481363	-0.9687454571003212	0.622392804435364	-0.5129750659973104
0.2085857517572052	-0.0866688841066431	0.8742656728395648	0.42969759364694365	0.06052766657402606	0.027637235309185396	1.023699353913122	1.9792739901821512	0.45005609520003853	-1.0134015934991265	0.7080104601732226	-0.4885357301855003
0.20965561923841178	-0.109118867274124	0.8642563140306614	0.44407050992461244	0.17972176009707255	-0.009951714544529793	1.0156091717929432	1.9829514299871385	0.5256685584855517	-1.0152962572356665	0.668094599587488	-0.4646700005613087
0.20441824660404298	-0.09662100528810705	0.877652420720683	0.42261541641966816	0.151013233695844	-0.028636293650600015	1.033449719383306	2.0010921558259542	0.45527820082094445	-0.9878590383863626	0.5846760789840356	-0.4872284117870109
0.2216113175791966	-0.09425452126823299	0.8634746883539979	0.4431884155901132	0.18401619537708366	-0.02558272231946433	0.981959691757268	1.983196575089248	0.48921167679096916	-1.022386916154044	0.6457001914181456	-0.4755390984345345
0.21663238520936406	-0.11285268031071358	0.8628942512267463	0.44243439448693656	0.1166195243455715	0.02428895063679463	0.9937402423652187	1.9927610092211443	0.535512744755907	-1.0227025123262843	0.605605997559468	-0.47982672063945553
0.1900900190897073	-0.12699415901870437	0.8669041006534329	0.4429622427339258	0.1266875286285523	0.0268616532088141	1.0379976646043854	2.017654294442946	0.5653060031926176	-0.9733307633561021	0.6077560052151179	-0.5328632935113417
0.21424363035600333	-0.12914342901813944	0.860625933388333	0.4435590652582558	0.1528889322746231	0.02836106924808744	1.0485164805302885	2.020507975600784	0.5516248807897802	-0.9884711218876309	0.5418457372515204	-0.5339591779491512
0.22616927844182466	-0.11031494864900182	0.8594344522093401	0.4450286417179284	0.10949721319408103	0.04044275043640477	0.9540433785011571	1.9766671028097078	0.5218428788393216	-1.0026525923529677	0.6026655246019385	-0.4967803637810643
0.20005318130230632	-0.09712411454356915	0.8769118126740831	0.4261118442587671	0.19382396303792618	0.017237692024286124	1.0311852431590776	2.0076518520858886	0.4769367708324055	-1.008026352680053	0.5746887096564208	-0.4949325195616085
0.2123344423900025	-0.0876852877543002	0.8746894560401223	0.4267830015108465	0.11293359548986971	-0.011786241635407748	0.9777380333581984	1.978897144967577	0.4403735096980664	-0.982413448267553	0.6077020441527482	-0.5121071968473231
0.22177723283294493	-0.11441206047762266	0.861282534306991	0.4426252766301915	0.20594329168830872	-0.031182241517880443	0.982897276948433	1.985845849491995	0.5188573087189197	-0.9887873190128367	0.6170085877297846	-0.4864423386232734
0.21247208725282846	-0.087850202297882	0.8694824898018878	0.4371934972326985	0.04098843513484485	0.025063779345247315	1.0191487855550894	1.9693691708156333	0.4599636246481929	-1.0143369240784628	0.6311558963587177	-0.5104754686010181
0.21728992405468756	-0.11754726019100592	0.8652351210713176	0.4362750460324296	0.20078194914153266	-0.00021268769584960803	0.9835123404712651	2.0230965014663136	0.5279166707193781	-0.9917365647169316	0.5352092473520144	-0.5734451679241824
0.22595091618300048	-0.09901879746212147	0.8690441598967527	0.428839957763459	0.10437065058533039	-0.027153710784395504	0.9665004266800961	2.002897192243611	0.4761426841443386	-1.0116739276798241	0.6415696521179302	-0.488407979580959
0.22815617594929097	-0.11717456720529298	0.8699174267837378	0.4212582945823245	0.19833103939731533	0.043928981272678184	0.9799618781781727	2.020769685861514	0.4892964271525525	-0.9790882114043229	0.551577688024687	-0.5366784010034354
0.202962831888259	-0.08867226264339394	0.8843366648160127	0.4109646967461932	0.14206726248520216	-0.04943447604139195	1.0124108957178644	1.9632248842147146	0.4162714771621326	-0.972157274829444	0.6314107043011167	-0.4718716269677676
0.22703564134412238	-0.11028088040470438	0.8619220130111889	0.4397537816362314	0.1496266545441328	-0.04775323902576373	0.9801224423056836	1.9898305327142258	0.5186052606983866	-1.0234812600483965	0.6511603411654704	-0.4808357935050564
0.20513189560201972	-0.10720483793528723	0.8667028727227519	0.4418757274892117	0.10798695184212703	0.028010547240369665	0.9855635708301286	1.9862385220203913	0.5304272677527289	-1.0160299683113745	0.6227061331231106	-0.47697580262780037
0.22027616791148505	-0.10623947501109118	0.8666126710743023	0.43494144678687746	0.14142327874181326	-0.017363933387930432	0.9819586110648075	1.99367905225928	0.5061066115841236	-1.0187418785379705	0.687382553596434	-0.5001923739377265
0.23835978189366555	-0.13689616810095828	0.8477946741926509	0.45352865835077666	0.17824301569965387	0.022970764684849817	0.9972140152148645	2.0126334003177586	0.5855920764688013	-1.011260810330882	0.5574902864243139	-0.5115089136840341
0.23896545960169135	-0.10355572590252046	0.866352654795356	0.4261511448760795	0.17782746827753118	0.04060535045639086	0.9522619735624456	1.9999203640793934	0.4678444061904406	-0.9991120840051819	0.4809226210640822	-0.535768433983275
