0.22695444126073394	-0.11143633177639149	0.8691021634298254	0.4251294568409101	0.19871399787406616	0.11116727081624111	1.0165757387006327	2.1950225084283472	0.44780483516449626	-0.8827882125476758	1.510621644509408	-0.2037651963960302
0.20146057959081065	-0.11332251710335235	0.8724425512229569	0.4305991602452025	0.22727502509638978	0.1257643489268499	0.8096269732453036	2.051159336894678	0.5186446988527047	-0.8898138219139469	0.7001752790221673	-1.4021920114646893
0.21104401780751011	-0.08762627163641602	0.8716939555395526	0.43351090752433546	0.2521516936547181	0.09821231087615602	0.7031189405271979	2.297491531135261	0.5332391438635004	-0.9501255000269465	-0.03092088104289825	-2.158450408519443
0.2376047221730303	-0.09585521319159816	0.8737676303389051	0.41338348089516697	0.24839383541433038	0.0908921092725938	0.9591845576907599	1.7597813731004723	0.4544594142753708	-1.1038527378067682	-0.306315487543029	-0.9652227466129961
0.2173217218010383	-0.11036288633579848	0.8647976692616014	0.43899463982236236	0.2987141387004412	0.12396642510530693	1.0050546369826656	1.9697509775005748	0.5564950209496853	-1.0986202433851961	0.9229367371159283	-1.268709237482512
0.24201236680071994	-0.11757621166101481	0.8659246677298529	0.4216400343704354	0.20012306943407285	0.12223719652808769	0.8943605661624884	1.8189935076891979	0.5530632408469839	-1.1419386574690011	-0.3059218676589985	-1.4211876718312801
0.2192024952595218	-0.09859379894377193	0.8634576549670994	0.44347537356718253	0.2386216927554928	0.10383770080075923	0.7859012524409128	2.0907957849435173	0.4763656432683191	-0.8511263534582713	-0.14381265586034578	-1.9447758429310298
0.20692191837180882	-0.12756513064263125	0.8599262315573305	0.44881770622499667	0.2794869699843508	0.08576042474543628	0.6385039533354782	1.2269049779853127	0.4287032541000667	-0.7670449228921951	-0.3515979786870076	-1.5757638775214449
0.21051265552852158	-0.0969702600626663	0.8665380739135865	0.44203275555533295	0.2996827822262042	0.15541996342692369	1.0578608721587184	2.538724121214917	0.4678490052213713	-0.8640113977602745	-0.24130222190761322	-1.7293900314891026
0.23516386088100907	-0.11792816774150193	0.8725528844748766	0.41163378090633174	0.17966667881259782	0.12547862923988473	0.972989125165772	1.8850959568671284	0.48131909459421696	-1.036072235036102	-0.8572523867402747	-1.9910615823838846
0.209131912242931	-0.10210430386274456	0.87603796329308	0.42236955534653686	0.25893796596717905	0.13762677515243305	1.5457141994687473	1.5123635196704714	0.5591325175318018	-1.5594415967828812	0.18395326261877284	-0.4360908252157893
0.22078496078711013	-0.08602440755918273	0.8793701234843018	0.41299151119306265	0.2961942124298747	0.09220176420149406	0.8580322754248907	1.8363317810945676	0.43056652156173947	-0.992995238043144	-0.48329717921258464	-2.0574689703011053
0.217659973206581	-0.14131911807186756	0.8619681450302171	0.43550425931816844	0.2861289915938838	0.1424077450398456	0.9879593578623778	2.1830790729305507	0.674872710435474	-1.1211076952583836	-0.7843472597816893	-2.2040355939008016
0.2335542125200657	-0.10442695256067534	0.8605331653641284	0.4404884932678901	0.2299642012554771	0.13535399319228855	1.2083604343741028	1.9914227885450682	0.3353646461580584	-0.823748775911712	-0.15917296191469868	-1.349565652486706
0.23230464845224633	-0.12063397774868145	0.852829029017298	0.4518458155006214	0.278246732613253	0.1020245830651728	1.3008031505620887	2.270442167298386	0.45345887651743416	-0.9184837566929432	0.08548221911457332	-1.776421237460535
0.2227429871276238	-0.13262924689847283	0.870082057090093	0.4192281699534027	0.19517770782801755	0.15798774986520445	1.3197084505109855	1.3739474987151896	0.42260574513891924	-1.1436060141034898	0.13136628675650544	-0.8054354712540523
0.1948251541220196	-0.09151205790259724	0.8627858437900855	0.45745960514038086	0.24088297916577453	0.17033761030778072	1.059084174062612	1.8167965158832253	0.36673366933303214	-0.7792820695360317	0.6370845194852098	-1.1189178104343314
0.21346219570699349	-0.10923445105387769	0.8640184348180594	0.44268936061470693	0.2877734112925363	0.1181460460452914	0.9911150897365508	1.9482160998695108	0.6288509882336555	-1.2245429456100365	0.1484454902022094	-0.8245687751770235
0.20199146426470796	-0.1303715594762222	0.8771089419465594	0.4157915448891717	0.18499474424896256	0.14332616165790563	1.1172381904553599	1.5406612906672805	0.40056143326587523	-0.904660478245847	0.598401759025947	-0.9439852809547528
0.22176898028140776	-0.1302103391474415	0.8653045388947492	0.4302462573134116	0.22339862486841847	0.12105849668518909	0.878071705859808	2.184663996356975	0.5250683991558294	-0.8474386232435727	-0.2592425322538065	-1.124174269122973
0.2412339892271607	-0.07779825067122709	0.8846632457602241	0.39131130348487553	0.239720628660693	0.10919517561913628	1.398658939086442	2.014011348818081	0.42525835340837	-1.4232350201159671	0.6790595684589916	-1.4827326845448654
0.20832603578007156	-0.1008862078203706	0.8702255749716099	0.4348904282151035	0.3152772264236164	0.13260000610455233	0.8877750737318916	2.192205216614445	0.4859021852034017	-0.8890237037224924	0.27009511960832727	-1.9842499783447105
0.201124295412979	-0.10525572445550807	0.8723967091834766	0.4328905543781469	0.2353667458632904	0.1011824849715593	0.8822252946389384	1.562170455433956	0.49067414259926484	-1.0188997209437862	0.44629017646559005	-1.0781148199200061
0.20667632680199344	-0.12376683725510483	0.8589056294721648	0.4519378116472756	0.18789496571644193	0.12470288394778305	1.010792841418036	1.970939947853953	0.5752567430052098	-1.0157618835701339	0.02605028860923707	-1.1637778914749
0.22618487407609297	-0.09764822595150618	0.8687436804352908	0.42963896984730227	0.24901761988218096	0.14065775660522653	1.2427624921096736	2.163477160362127	0.4051467625899146	-0.9817616427743302	0.6683591473933986	-2.041252464270064
0.20212704393759656	-0.11842847293478408	0.8679215542284062	0.43798576530879607	0.299588093278152	0.11763687712658606	1.19356826660432	2.16959647908538	0.497382570871761	-0.9498013736303295	-0.6101595058925391	-1.4593619672930156
0.20406660808256175	-0.11582548603102075	0.8704574098285244	0.4327183540433341	0.2249919805025273	0.11037998745953376	0.8628636919093736	1.9921268420752118	0.4380188957673383	-0.7548082893650914	0.011896164238235252	-1.2244953976534745
0.23094595969756715	-0.11254800374554348	0.8693513849737339	0.4221671233013217	0.2850734991965416	0.1188193444331805	1.1130044824528358	1.5301363846969103	0.44997563194958595	-1.1275559022907387	0.14325726459389135	-1.4198492377188383
0.20557154976907807	-0.09648479813275683	0.8796036750118715	0.4180052590104943	0.23803947538048528	0.15650620926766315	0.42969281326912356	1.6078500796089472	0.5387780322925108	-0.9739367044649988	-1.3292764836198558	-2.0211504249973253
0.23465160942308852	-0.1019952442008168	0.8592617909374659	0.442950072796595	0.24389053168577948	0.1909050530507683	1.4275427244722076	1.9391091385027541	0.12906628964889721	-0.5601015422144257	-0.04526017587515448	-0.9343024186522397
0.2339196244196165	-0.11345960810535446	0.8577782276909374	0.443424219838474	0.2284738877386574	0.12428117365500531	1.47198177292306	1.983967742184146	0.42918495380817695	-1.0991071488145907	-0.37459865494933914	-1.5135842009472198
0.20665416373056092	-0.11519951299522721	0.8775723194927144	0.4170011425387973	0.32647374727348377	0.11283918698317467	0.734636254958044	1.918330824977427	0.3343094954277514	-0.5376618924335069	0.5838661502315228	-1.2827487463943965
0.21581527385919905	-0.10518345979782223	0.8623548425165319	0.44576264193214543	0.24302445902989403	0.14546647677615165	0.8089360141132483	2.0321388230684545	0.5291852817400663	-0.9358766443714889	0.6207065306627741	-0.9442773045467878
0.22665230416383664	-0.11204171292480888	0.8640283390770356	0.4353509123154305	0.29834544683170267	0.14479342738342907	1.0725909309710486	1.7978585570340284	0.352915687646084	-0.7961375507194406	0.9156380554253154	-1.5460078770993755
0.2126447588437866	-0.09614476342567567	0.8673889065502598	0.439516638815453	0.28424849599121654	0.10452242896672455	0.7900406266161941	1.8970588772049959	0.7523901389197389	-1.4520965194560311	-0.6025333221293324	-2.675150501170157
0.2044686983753486	-0.11685786041009673	0.8546007976939383	0.46281126652875415	0.2568647516026578	0.12323536109137317	1.38906065431981	1.5605036394527287	0.4416278912157747	-1.0351473489284528	-0.7165245031554771	-2.600602023938118
0.21801678985035702	-0.12152343837850915	0.8697166668574834	0.4257859235088911	0.18357606644025512	0.09937852621143344	0.6720909747928393	2.057253215657379	0.5117090179885587	-0.8021977127400154	-0.7048881254076549	-1.6434627739429855
0.24243260210453413	-0.10351477734963672	0.8612714905644347	0.4344220802951856	0.20016024105081143	0.10358944559583189	1.247950789763837	2.0859276392350417	0.3596611905420268	-0.9124433811581509	0.22562009695409946	0.17857840630187968
0.20767878284334687	-0.08014327161506964	0.8602422027558164	0.45872642366595806	0.27363435564987737	0.12795686957035635	1.2775562276906534	2.1873440805557443	0.6465722106487163	-1.4087462178042494	0.08066235287082006	-2.3303661991070954
0.2297039959839832	-0.08639356945226954	0.8700797245658699	0.42747338897955506	0.2373926058113026	0.12496440176983308	0.6667057035255164	2.598205390155906	0.6528313931214642	-1.1619251582424461	-0.3702748078161348	-2.3946310019818786
0.2059315828737079	-0.0946008731619829	0.869464375884178	0.43894710050353025	0.2241823993923077	0.12342768830883855	0.7147477447811723	2.0340162924574887	0.5942014464315133	-1.0739481053099769	0.08372326889133919	-0.8518134587721781
0.20201959157890295	-0.09991951884640635	0.8774658271169362	0.42338858819503744	0.2572160787154233	0.10348670402414119	0.9404361149009959	1.9516973335548577	0.5742095569319031	-1.1781685644244344	0.6838789602149312	-0.7219989168651972
0.2059453707270321	-0.10453653086211666	0.8640344339152647	0.4473288667190471	0.23717590325204652	0.11512406256471713	0.8558002465472345	1.6156439778918643	0.4554132395418518	-0.8960901764544279	0.22223155164521713	-0.31920177188198645
0.20516793300457983	-0.13712773821668414	0.8667604527303054	0.43339176302851057	0.2698787091119428	0.12152338168557597	0.8660631571688856	1.7884475019508965	0.5405235227200313	-0.9251376569973536	-0.026671673098489796	-0.9765486686696621
0.2090761238291896	-0.13953702474270913	0.8671484235899883	0.42996535283196025	0.23040555280376762	0.1285985973403292	1.0531011362593743	2.06359821242935	0.5693919750791235	-0.99072471661128	0.7881927384349242	-0.2896522673578688
0.230785583301749	-0.0813237697429744	0.8793271539751852	0.4085440187993996	0.25162666559622926	0.110083602184387	1.2818213955587232	1.9369616876720406	0.19519055463188886	-0.7586483042184962	-0.7731765337942832	-1.3866459588246907
0.21324079445453684	-0.08959573506752053	0.8745102649590996	0.42630126004889324	0.2639495444190559	0.08438747425708255	1.1060976331569103	2.0410920750832777	0.474469461532245	-1.0976284885880556	-0.3946230309369126	-1.1004125220725964
0.19498273740766295	-0.11070033624488075	0.8765974861958747	0.42579809166241905	0.2620252472217042	0.14472799243811815	1.3740576183860769	1.8350232390240553	0.35026550393582845	-0.8732347414034521	0.45027297210521205	-1.5530551630423863
0.227856495604903	-0.11198589467023347	0.8646740445953339	0.43345054320961046	0.18723729868843106	0.12205990927258122	1.2450785811890985	2.4778570863924543	0.5616183564751552	-1.1346877356486524	-0.010844837648248526	-1.3959271676806173
0.2244298821006086	-0.13189637475457291	0.8691119272930562	0.42056988977321896	0.1880962209634719	0.10808959600875695	0.7867526185929022	2.288801724263954	0.5366167521867145	-0.8109619244624606	0.07402946904687958	-0.9521887952846247
0.22218919948142743	-0.11651875321894806	0.865456696890253	0.43363584444775444	0.2521456541434686	0.10249854956862879	0.9744819814731532	1.9613087322609286	0.6181190965294243	-1.2059552767028328	-0.9987397416167069	-1.8799076917674726
0.21247589254280938	-0.1186619971759138	0.8706427532847849	0.42749797855317306	0.22666178892575406	0.08436121727268248	1.2327630664951608	1.3273477707211498	0.38552986253729815	-1.0294445786831716	0.027280853926419324	-0.13217683320474907
0.2376714832274391	-0.11062252404124817	0.8567538008546971	0.4441259370451613	0.2549785583548994	0.13874547852267158	1.2216277238398474	1.9562301189995295	0.5110514242338141	-1.1523492936644724	-0.34618262125562044	-1.494310797470037
0.19566010122953797	-0.10112923957294612	0.8751922515376847	0.4307302224579125	0.23884509187837866	0.12356777488668674	0.6498660768129506	1.7284237951831671	0.6440635592217336	-1.1980541135287344	-0.7092485738120895	-1.4321055080942742
0.2437243494826457	-0.11241539154180408	0.8661996350139656	0.4214966352361984	0.2619025512243355	0.13424090566153285	1.617727012385488	1.681796826356872	0.30488812647644076	-1.1134456592197377	0.15627960891118678	-1.1221736846816233
0.22408947415501743	-0.11727065574435339	0.8650011802427507	0.43336411832645455	0.2692516614911723	0.12274518265660735	0.589227589484337	1.972608138747024	0.5568802095663863	-0.8824281316441237	0.4773327703931029	-1.8920503456185713
0.22452828459740357	-0.1122191107664812	0.8542590204625972	0.45523120120748706	0.2588539077016094	0.14400993945743434	1.175386105077803	2.1561107269737763	0.31773188164189337	-0.6444547795068641	0.172029510763228	-1.0871656569673893
0.2188239364083345	-0.11544426709259148	0.875114899193079	0.4158877483895172	0.27072336287750737	0.11816501973262085	1.0716045266599548	2.4907875367732033	0.58456882041008	-1.1024861041247216	0.27010804320517257	-0.35686387957388027
0.23443403353614828	-0.11391509006129587	0.8568357045286041	0.4448557200051152	0.3179427693935315	0.13612578109681775	0.9122486430386159	1.858012002144757	0.41860503562973994	-0.8112344043480243	0.49338216198627194	-1.3009719301053557
0.25503706593485004	-0.11804067873565574	0.8600393295735186	0.42585777526035773	0.22666826076531463	0.1209868349689963	1.386120454637939	1.9443682890242888	0.2440161475686497	-0.783973064694116	0.09742209090471382	-0.90483302736942
0.2339313553417498	-0.10706569517521056	0.8566444100391857	0.4471838689546349	0.26980792469772213	0.13232725224082412	0.8968867550051297	1.8353632598160534	0.5450327419385481	-1.0738418263335643	-0.12677331725740362	-2.1184674336687013
0.19745121215760347	-0.09310465537040608	0.8737877300372562	0.43455672219192515	0.30507488479332723	0.16668764672285422	0.7475924809719451	2.0938439331565046	0.5222604726554302	-0.9412147960767228	0.7234083678679433	-2.2334771264553073
0.21003399295320815	-0.11271771614709807	0.8724212329029672	0.4266868062768997	0.25775952861797397	0.13036432122670816	0.658886717692142	1.5481407515954815	0.5472242369182764	-1.0342381235637903	0.743831300754105	-0.8431719717944582
0.20986960735773638	-0.11549823932325004	0.8674313672113063	0.43609371446818945	0.2841103042960464	0.11070504529326403	0.8979063788174133	1.900759365628591	0.5259357619713806	-0.9748410995781559	-0.18382538215865188	-1.0156314051223105
0.1979685266425735	-0.09734313961905718	0.8663603691704357	0.448054110972034	0.26517534979637375	0.1289481452756712	0.7785414557914977	2.0439887506618786	0.486882645933057	-0.8413587605594289	0.23739277607580825	-0.45510936991344836
0.19770933181066855	-0.09342699347408127	0.8742432995357798	0.4334525005374475	0.2012755448076259	0.12214455621146064	0.627536675301904	2.3509638280111473	0.42932135245842445	-0.6454171793466796	-0.7774987768808966	-2.3830383367327266
0.22060569975474456	-0.10721234927254096	0.8651429398884184	0.43745437586153674	0.2553056679412162	0.14653393113694846	1.3137961693076472	1.6324479238826368	0.40658666751556105	-1.0665522095090494	1.0275909248204356	-1.0791046795611934
0.2233215982367043	-0.10120662417252477	0.8711249634131639	0.42547148095144893	0.22023147717701472	0.11248264484889559	1.1122725514489895	1.7473801123175448	0.33544872960011457	-0.8549710618370245	-0.9050223734284186	-2.115577047295824
0.2273912446392549	-0.0953009445742477	0.8666970299235495	0.4336441053979227	0.2623787439138891	0.14871986630302125	0.8063504613669688	2.0847995127740875	0.44755660395702523	-0.8591599584657454	0.5484231629213966	-2.0506865389792734
0.207083811821679	-0.09247764699337659	0.8738571593011447	0.4300440033602445	0.30260134275926537	0.13738781651815732	0.8645031800014413	2.2971343809336306	0.5574618929703067	-1.055085279958933	-0.14279088745408097	-1.0076363774307662
0.23253702273974378	-0.1134598048365153	0.8627097078649207	0.43449437936228663	0.2907895122954866	0.11683413939692654	1.2733631924399857	1.7244156165839881	0.3675055257991927	-0.9608934682548746	0.38165152551921944	-1.2777153891973938
0.2135651786497882	-0.10961118166354047	0.8815090315965095	0.40659209354879305	0.21836284552170337	0.176473153669345	0.1368848772732542	1.8229645533952978	0.6560930769232818	-1.002893375908185	0.6704548037785051	-1.3198818184545198
0.1981698161937923	-0.11139360397137303	0.8654743359797271	0.44640157112675816	0.28544370187049095	0.1223981570120332	1.1696768227779857	2.0480934881934663	0.3828522179212551	-0.7504429124074916	0.13835801718192184	-2.19504844950259
0.19754061201550288	-0.1299052943984606	0.8691582021711566	0.43435738820744485	0.25594419386331757	0.13429399238023892	0.8485172498922691	1.9893254086333048	0.5537560447754619	-0.8990161855346094	-0.6174904429748402	-1.5537322938808131
0.20050779662598187	-0.12034166144251617	0.8610115219842827	0.45163443958998295	0.28956524666977995	0.14761775661242946	0.513620638356433	1.2542210474062225	0.4964924410961619	-0.8403602049124086	0.7563860715307061	-1.092101620739579
0.2236572147507724	-0.08919287953593362	0.8647645462941695	0.44068623759161635	0.20486712091999912	0.16833014829244597	0.962261274779945	2.126728814432777	0.6128287442774445	-1.2604890583045176	-0.4579085915998107	-1.653939451949108
0.21132156125307994	-0.125953874799203	0.863800785031024	0.4396896893860647	0.275165888570492	0.12728554686211804	1.0159555458296303	1.5030271731872484	0.5045930092678117	-1.0490331349087503	1.8462485057929305	0.26865752558787576
0.1915832052319401	-0.09928118105274596	0.8839345259250456	0.4148480160727456	0.27786351933389003	0.14493879493169132	0.6679739925793299	2.3500925157921837	0.5711370628099527	-0.9630042601961988	0.11564932344476508	-2.6674940482718092
0.234208366654728	-0.10647898911964514	0.8706771424036983	0.4192015977554394	0.26642205436467664	0.12616220609720857	1.121958969291093	1.683486012925921	0.28605322716005727	-0.7933564589870014	-0.5098742986578239	-1.5606139431276047
0.20858769366294372	-0.09360342948051553	0.8706666275069377	0.4355102705879109	0.28334911033651816	0.13265588091506308	1.1385458758691105	1.7083174202143652	0.37366937788706733	-0.9251762207748837	0.2361597885036333	-2.078551071378325
0.2305276773433051	-0.11149727275348084	0.8680746615680442	0.42529017163668653	0.29334382036733403	0.16314829446790263	0.5153851213122851	2.2107448591129804	0.690787300621691	-1.1097680973789685	0.033832266452604585	-1.6439244216838687
0.2221398796950135	-0.09142605460876585	0.8708803153718524	0.428792055296717	0.21948882375102316	0.1286356710790085	1.6079330704271402	2.0493400715798114	0.5513965718116127	-1.5159408712238867	-0.05616672742623428	-1.0910241597552215
0.22991044946885356	-0.11968240022158479	0.8642761973960783	0.4310962339394827	0.24637153047109292	0.10978816862229014	0.5075663046717215	1.5931089500401103	0.5783825155846725	-0.9879695111340722	-0.5212879230397487	-1.8944879731033983
0.2035386224126652	-0.12827261496091438	0.8651951206628424	0.4399495068967038	0.2595095639849112	0.05397555326364358	1.1425352603079477	1.8992544342756057	0.4006294392747055	-0.7627019714184643	1.447338866867586	0.6932763628401624
0.2274560141967946	-0.1057179299416586	0.8708833723477387	0.42266964956427616	0.28969183941783583	0.09006838913033001	0.9732005252579259	2.3236260934537323	0.6417669632896535	-1.2648543602154305	-0.008538934738503126	-0.9226661711223173
0.21366870525890108	-0.08146011132276937	0.8692705506469476	0.4382677770886419	0.287055967348077	0.14597389838040797	0.7986620813517967	2.3365213771026507	0.5526915934572306	-1.0513077877142691	0.9460818180453909	-1.5369369618173703
0.2094601108246979	-0.11779585650253313	0.8716791979794369	0.42711353756825055	0.1886241144133091	0.11932764094202837	1.100916098340459	1.8862482394701827	0.3717343247029324	-0.7783383803133576	-1.0131354285214489	-1.9875273929827653
0.1960272644991394	-0.10730354725437809	0.8614726888147812	0.45598691510375916	0.2562769142577715	0.1196651762786491	1.043670355919175	1.9346683436405923	0.5351620831575963	-1.0044555500053407	1.3763769590326114	-1.0666193748682002
0.21336374227774632	-0.11906078507584401	0.8747835209602668	0.4183948307456935	0.2663134797946803	0.1167412407525371	0.6822602275744222	1.7782357192447669	0.796861564770102	-1.5079842616658519	-0.12019692213955337	-1.404408529594247
0.22751898327324824	-0.10832313812723067	0.8632265296649296	0.43742561479549696	0.2593462182070116	0.16646217225385246	1.1894203666984131	2.0651098196165067	0.3932559638485895	-0.8833170810108901	-0.2869925784745486	-1.9991511772114468
0.21447785929388372	-0.1124363669531855	0.8704340592679374	0.4286045493522236	0.19535498525718484	0.12835879714232842	0.8353013830274261	1.9980966660600075	0.5220725182783239	-0.9540837223476781	-0.653402245344198	-2.1338075139471595
0.1994691522262902	-0.11310549194888474	0.8718602304546469	0.4327573726150669	0.28254547157116666	0.11245323177544707	0.7064278016342624	2.002003443819294	0.6553437004008822	-1.1226639006221861	-0.47045214376990535	-1.7581343019428246
0.22886166909217195	-0.10405308399828	0.8608272222922247	0.44246105533870983	0.22661905885144773	0.09822149879424025	1.2709352610827105	2.3520401429104587	0.4060071456245254	-0.894165335518146	1.1671739416240088	-0.5210611509020261
0.21926860805213402	-0.13354253677700342	0.8695119163245834	0.4219439486040691	0.2046326641918356	0.14884285151111346	0.6258790912915035	1.9134816449701242	0.5505905466850655	-0.8542591658482019	0.44697370396227676	-1.6441055231108022
0.20476962977496735	-0.08907263839519394	0.8751733027642038	0.4291936089225201	0.17167691382682485	0.16325573878776628	1.2530178507926117	1.8158777593169515	0.4651661929345662	-1.1694862210264667	-1.2479350153773916	-2.2770007164794137
0.20874961458017724	-0.09526699352584977	0.8798741994744226	0.41613602518457493	0.23860039687821588	0.13947425936384683	1.066054180746884	2.0159708622086816	0.45473032825132675	-1.034729929065994	-0.07169523936835115	-1.2570861052692015
0.21836913816728923	-0.12587548726987716	0.8597052132010923	0.4442715696457638	0.2750599004779514	0.153849125947607	1.114562971089219	1.906633358277824	0.4504313784269228	-0.8792504029599396	0.9367074573514227	-1.5777309678122287
0.21714391133825048	-0.12554062410742026	0.871382096238667	0.4216412169394164	0.25148109678536573	0.11597767835267421	0.6179508389359198	2.339413094559271	0.6484440222240736	-0.9618020661451885	-0.2579568291992334	-1.8335202376449116
0.1890439758361469	-0.09364957246789977	0.8718015765345051	0.44210196100966725	0.2905950794118102	0.11658314493239297	0.8707018739027557	1.9272444503083803	0.3240446800405954	-0.6030690013592327	0.024684989001880802	-0.8090249428411004
0.21279211073028506	-0.09462152540483254	0.8602922610675848	0.4535013892903032	0.24425449759628404	0.15627555804693732	1.4475941498750187	2.1724006346399376	0.5256676288791237	-1.2231683494491519	0.7604843238850328	-1.714648777909965
0.2465452950817717	-0.08993688119719137	0.8635390258232601	0.43061250069381335	0.24444234609144677	0.12424626328357824	0.7596474539600829	2.2769783749794104	0.11416537249467433	-0.188311826785694	0.5378102497492513	-1.7482794985012784
0.21386386026548698	-0.112741901902539	0.8618081895061125	0.4459127238910534	0.1983674158425522	0.11747561829580934	1.77760969256989	1.8623397941732411	0.40911968154039074	-1.172394068490043	-0.8158019126176105	-1.1716581200352187
0.20654030482191496	-0.08770446412759002	0.8619277709948058	0.45467521050095566	0.2246609270703157	0.10375913499200783	0.7887245715211059	2.3986435381621463	0.642541075248905	-1.11366455074356	-1.414551361730907	-2.4909605085597932
0.23566107831135702	-0.10942409234461467	0.8644267415278846	0.4304144894345096	0.23751215367849712	0.15467344025967608	1.166835107112152	1.9693373915960957	0.47435644122945325	-1.0908811559515714	-0.5103686155634098	-1.5631139935612275
0.20082504712400168	-0.13521929009113964	0.8640148123555776	0.4414334016191419	0.23027986913673862	0.12801808641612633	1.3424259044492564	2.080274814851889	0.5403909119655221	-1.0311979396974644	0.16636698303750994	-0.8386165172260238
0.2248447958955654	-0.1119007831562313	0.8656054348139043	0.433186176728131	0.2627733943245329	0.11498422540269576	0.7220203788526955	2.061089228648433	0.6861026322973044	-1.2133332536173707	0.5567699707667887	-1.536973811960145
0.1910366530634253	-0.12103131679303074	0.8729118047073955	0.4322978125599843	0.27194600657637275	0.12579630794498142	0.6969379858268631	2.079747143291932	0.5787149595204851	-0.894275366078828	0.5653729727622153	-0.9593611731179271
0.20018635933338733	-0.1211261572480982	0.8713723540677402	0.4312355459996284	0.2126627916248901	0.14047590726780004	0.8925765045278482	1.6397075883617007	0.43718190820418584	-0.8371721522862834	0.03903662619079932	-1.274471778781826
0.2193367884184519	-0.10547379851600824	0.8625891312663027	0.4435162248375238	0.3006365080710459	0.11551005109816771	0.9892471828633965	1.8880670770312644	0.5468260252079803	-1.103731616111771	-0.28590550786478636	-1.9091410008472494
0.2127370836534303	-0.08317720962076813	0.8657317476140648	0.4453459623836658	0.2532534809926343	0.13482040455595384	0.8833719210993743	2.3822252203284098	0.4274730264405778	-0.8080371674934614	-0.34133424742968765	-2.073279332309889
0.21657390440746704	-0.10660992455910404	0.8708825135930662	0.4281281530488624	0.24117533463073937	0.10806004713431538	1.219151024821967	1.9129310599858484	0.3793827236821638	-0.9121022262830231	0.24314708079027988	-1.332694537675639
0.229440950162954	-0.09079442387099503	0.867999937334973	0.4309168501796349	0.2585919030468994	0.16427809259901305	0.8985346325164999	2.257880435055638	0.53513760820976	-1.080619374169239	-0.03178007210856543	-1.7265442224291851
0.22874652714363988	-0.11955274619823193	0.8642873150079985	0.43172862345743285	0.24444845413656902	0.16331248565239087	1.0722419533568064	1.9975431234914849	0.614991423614479	-1.2461280398449877	-0.21972748620737206	-1.161869908591216
0.21484160123084015	-0.09695413086915584	0.8576939318985068	0.4569508749006341	0.22472956204965377	0.10951918397045746	1.0791689468312098	2.1538479200532414	0.23778502875925872	-0.4967113975549312	0.13411607906225928	-1.8448858933992138
0.21163106049250244	-0.15251107161561245	0.865403960417102	0.4278184808582622	0.27779746507842673	0.1077405064907649	1.1624653802367657	2.0707141249178402	0.5914569176009357	-1.033279602661477	0.405691039379124	-0.8203559678726701
0.21360615930107008	-0.09754701369040382	0.8637201245517462	0.4459198753958451	0.24134021772521422	0.11645526907699733	0.9542053834152702	1.9677627646253792	0.5106901189517207	-1.0158060313898	0.2943605735241526	-1.5345703377737454
0.22846559926563426	-0.09297281475373703	0.8678478431042765	0.43127676367759155	0.27480662791820043	0.15402820278677534	1.0220147543870874	2.590377683952616	0.4763871435738988	-0.9416043200134486	0.9526980618434813	-0.340522149901013
0.23421277985297184	-0.09006828803460955	0.8810299893975018	0.40102148948191796	0.23318016453707516	0.13012560502606654	0.9429109007549157	2.082809619324696	0.4638777720059707	-1.102028012583525	-0.3502382076735107	0.03672574591481803
0.22017677037592082	-0.09131375544421688	0.8669626438734916	0.4376754071014135	0.2903548980693344	0.13288655176021016	0.6147090840587599	2.442815696187042	0.5438794985641043	-0.8769174314303525	-0.0076650185339378245	-1.3518605093202505
0.20143957810227855	-0.09485848920445727	0.8734521928306925	0.43301874120998357	0.2838029849119816	0.1119411250234101	1.2862835752710013	1.9884743289501978	0.4727576549904061	-1.1163857692036043	-0.3533731860126806	-1.3660442786792928
0.22455128394605578	-0.08488742983465418	0.8738869580690675	0.4227202735273485	0.29909596087173945	0.12086790418064462	1.167143513820474	1.7468825280271794	0.41568282171151205	-1.1285358971707413	0.07459132912919482	-1.4385977348074606
0.2074710115090048	-0.09525032506588434	0.8727746533037678	0.4314482118502308	0.24269789360861546	0.13673499639962408	1.3679840936972456	2.3416985692479524	0.3626796932706656	-0.874513155720319	0.0024658176972653565	-0.8978724470695206
0.2085716265943135	-0.10065063660085825	0.8662706376631555	0.4426539373532265	0.2641085223358562	0.10279141922270678	0.7730406232615032	2.0068413473248228	0.47539821854186687	-0.8382801273403219	0.3166200993568162	-1.2381631428320468
0.2104538531175064	-0.11122348498773028	0.8657551640082264	0.44023460573683676	0.2862824201361259	0.15397150924855957	1.0772060121223372	1.8372783634702876	0.3788686995940636	-0.7958510802280074	-0.018025383381803112	-1.8739198396248016
0.21723695382984892	-0.10062858430278296	0.8607775511846095	0.44915921596753744	0.23181714986972368	0.1484858037126237	1.3591749890263742	1.8147048167843247	0.40900697315928414	-1.0346350736003254	0.44158408500091945	-0.20842117790856948
0.21683534042497926	-0.10120720581802842	0.87744493646988	0.4157281805418765	0.2763724521999581	0.1229911561275104	0.671076565382271	1.6052696825101733	0.4650558619687652	-0.9407809860399229	0.3742735982881012	-1.9299093753702206
0.22306259033714976	-0.08912962579754359	0.8679022934974523	0.43479259370317347	0.24258444242933916	0.11889531612370252	0.9431416494318018	2.364296931164016	0.6166754863136217	-1.2301607600716722	-0.48203146514187006	-1.3794918383270132
0.21444994725330038	-0.0931047110179636	0.8760712817846698	0.421712985502562	0.2587322061282394	0.13340048522157574	0.8968617531113015	1.793907900219392	0.4864989958587463	-1.0706771985128638	-0.11508679407827926	-1.9242688503681276
0.2033313243362262	-0.07534618721021404	0.868724106028236	0.4453063577156764	0.2572781028769264	0.12875462558485842	0.6798557241468287	1.7341046932776172	0.36294165877687573	-0.725060287942331	0.06751622484302695	-1.4109358225157178
0.20850926397257435	-0.09615726668412367	0.8701483487202524	0.43602696948797987	0.25419350106065935	0.14480085411732913	1.1509545308695726	1.6625443146340795	0.47995947259953037	-1.141569082712251	-0.011717182383287394	-1.1550307934162882
0.21987809557391014	-0.09998735246709407	0.8737101622046187	0.42224010336986034	0.28855566188591025	0.15549863692394006	1.187192259932248	1.9954972235780943	0.41466920834837706	-1.003726995275627	0.600681821444972	-1.7143884361349686
0.21272853181777937	-0.12183660505657148	0.8723057526646307	0.42306629183513694	0.3039487433523982	0.14719310046057432	0.9962773036586047	2.3235238167807992	0.4777478311928738	-0.8168661569787183	0.3389544467688755	-1.7443893784194515
0.20575727141361227	-0.08952278917749858	0.8829764723230475	0.4123131877617454	0.22777895697536402	0.11173912923812816	0.5962428998309535	2.1189746108176593	0.42318506427717284	-0.7437240891375779	0.27807260940766504	-1.134287540599394
0.20019972166962313	-0.11032550125398251	0.8767402399904543	0.4231724315192848	0.24919024334880713	0.14070595162955604	0.5260921463083243	1.7129935231487914	0.6808680759623601	-1.2129359907864699	-0.5797595138116974	-1.7323139457688264
0.21648835551251647	-0.10833297564341139	0.8704957050203285	0.42852536197626817	0.21043594329195794	0.1526439962950419	1.0726032617610068	2.189886228520458	0.36699316318892305	-0.7337609976630686	-0.76682142100359	-1.8487273066961454
0.2133154768135481	-0.11106014732091213	0.8727671721119363	0.42478184320024726	0.26223008493176864	0.10798014868459656	0.9340487153502427	2.0909665573157694	0.5863686506566047	-1.1271369289821078	-0.07243889098714378	-1.4259998281326673
0.2053278283185589	-0.11131076410468047	0.8752498316776933	0.42354235781157257	0.21552314831681155	0.1250061780277868	1.0023327141542706	1.750597967479343	0.2873261550374688	-0.6196040751126248	0.40191060805346357	-1.7427000527505838
0.24847363620585677	-0.11784774266480458	0.8558279259266213	0.43809967229340313	0.2155814927583222	0.11204422073374169	1.3017611403749212	2.2770134812443312	0.39814471115536476	-0.9035747174449027	-0.5338300145057618	-1.6130304610681663
0.21226179010121787	-0.1103998722510043	0.8719118395145796	0.42723125445628457	0.31217356259133644	0.11055420788510356	0.753282579439167	2.0278921359418534	0.5897885119988199	-1.0538968245932778	0.23562071822733022	-1.3928608129932591
0.2325491094942883	-0.10271541600342723	0.8546121382787877	0.45277869660046355	0.24730209272858458	0.07392908342206654	1.2999205095937807	1.869493487759289	0.6307444137475046	-1.4340590505335022	0.45568478854874805	-1.3867177397042172
0.23298423199947788	-0.10460454713119438	0.8722745249819478	0.417029242891441	0.2292833141499304	0.13117592709801074	1.2336596603292675	2.5062628484827516	0.3251141556845691	-0.7405848851907405	-0.7580516729892084	-1.2490578058426456
0.20727763818448686	-0.12840558961655543	0.8631526901583227	0.44217125498649995	0.27982392632111536	0.13469453305434256	1.1517150298558734	1.731929459950544	0.608837798882146	-1.2254422367700222	-0.14245157406140097	-1.5413776932695729
0.2209588298640075	-0.10277146133734152	0.8722987421867908	0.42392231200900327	0.2713246788413746	0.09809532718360665	0.6616076772949097	1.9240714227526494	0.48281487786738625	-0.8718749322054057	-0.6848683071138802	-0.7332707519078504
0.22832212716016353	-0.10594314706808429	0.864541707396739	0.4349858526548878	0.2750188407408243	0.1064552967774961	0.9264126749093223	2.179038447587111	0.5174334795729855	-0.9839610716662627	-0.6955841275569647	-2.6338484131310946
0.23636369914192445	-0.13107818303295427	0.8512522037911885	0.44980039706671016	0.25097052902607003	0.07154139083289052	1.065237522227686	1.9804858897670325	0.34728550367984296	-0.6398672422135739	-0.06581390876542965	-2.2951033032622234
0.2650079676709422	-0.1265689372107594	0.8517998934232299	0.43380643467845165	0.2009509716893555	0.14359470322533527	1.3052725268363592	2.079706333724974	0.3410041079653727	-0.860173183742511	-0.28366803396694656	-0.7211886286930923
0.23014445884757284	-0.10306184640707108	0.8610788546080308	0.4415370766128763	0.27637971806914957	0.18147796471566666	1.2127808108416156	2.7246686366624235	0.35133281674052785	-0.6813259366639816	0.4120800454617542	-1.7836659578643415
0.23178817433921536	-0.10780831223148014	0.8543533386648442	0.45247318457840946	0.254216948546438	0.11705310230415127	1.3464566435137744	1.8407855200629284	0.37671460369997045	-0.962461735560022	0.32048225714548406	-1.3966277833820815
0.21347988904669338	-0.08074731271450412	0.8775642662680163	0.4216481554939804	0.19751610395733452	0.12062914847032025	0.7715702412147778	2.0290210741960752	0.6608031251247859	-1.3773899693007612	1.120830104298201	-0.2470746803490621
0.21138115910288677	-0.10590504716339358	0.8651886579529868	0.4422111630331703	0.2185257461955018	0.11927510183449024	0.7778434371732351	2.531593861640691	0.6230865464479548	-0.984598149802574	-1.074604346397918	-1.4090607274260432
0.20127999620141385	-0.11039358380114955	0.876533869890288	0.4230697279643783	0.27071295346663443	0.11335235626653622	0.7156193690005873	1.759505693019793	0.5719859259396384	-1.0664123005457724	0.09948844444279505	-1.2743812971176554
0.22120301535268105	-0.11817301076617237	0.8728226590503957	0.41867048065696777	0.2467298067599549	0.14521010583382635	1.0386676716944172	2.5267512960995027	0.7053144416092876	-1.3059842154259855	0.7809521719415491	-0.351706180023271
0.20468037250940682	-0.10126381156963325	0.875844636573348	0.425144396836534	0.2181044680489492	0.1261533174682423	1.0967618127410548	2.082584918314799	0.6162060638173509	-1.3014305487156212	0.2141984390501338	-1.0729108013879096
0.25157773966499375	-0.07749737800724306	0.8572346496748209	0.4425511865354586	0.2941591892313236	0.14584089085237387	0.9520179595530958	1.6182087807399017	0.36462320719218155	-0.9641082185997493	0.05363210981458033	-1.1105374103452788
0.20744209607264721	-0.12384950009812157	0.8738204871871673	0.4219796609724377	0.25842892995207956	0.11054994864334976	0.9334506273521217	1.7358969906701922	0.490793543971672	-0.965715819014733	0.43299146467144894	-1.208249704765534
0.22019568916680582	-0.12057134058596511	0.8656876735889997	0.4330834354921973	0.2239882771039898	0.12668124954470486	0.9605461162511937	1.8332912354896709	0.5235298728470799	-1.0244656188986647	-1.0577301663305028	-1.804391706014029
0.2231324561011215	-0.11679376035581539	0.86749800394548	0.42897358628106375	0.23000922076765473	0.12938712842353517	1.6542055342508035	2.3783811283342127	0.19441607804176422	-0.6060569605369313	-0.6559836704434391	-1.5801597221313461
0.22480276949375538	-0.10507741553438131	0.8659877823575116	0.43415160068813713	0.24965604061543947	0.12049521490652439	0.8664886608428701	2.617322907163641	0.7376792341807195	-1.2866213718956696	0.6401037832928264	-1.1892932966137673
0.1979802668601167	-0.11273805440316509	0.8625699739475198	0.45173773925537936	0.26673487716788646	0.14364545576793117	0.9683886518814139	2.233512412351568	0.3637873720607156	-0.5616357498246854	0.04959712947963396	-1.2314837034528086
0.24852350692782596	-0.08975517769717155	0.8606998545876815	0.43517333890484133	0.2819345414277397	0.12061400227863928	1.1551913345383302	2.3782102819563313	0.39669094274317096	-0.9537977509231788	0.40970075732354266	-0.5614990235857075
0.21333941333631076	-0.10407297507612383	0.858967861479355	0.45368416714902743	0.24853481050405915	0.13975658604009447	1.0099169525040548	1.9554775043060588	0.4597559031928238	-0.8967874636728238	-0.33188779930400647	-1.0318155173586046
0.2064300751940533	-0.10327822539925884	0.8810488908984436	0.41288386267857446	0.22730323471169467	0.1346309634953152	0.8082199124032592	1.5820593951353805	0.3659863266559373	-0.7893271864753102	-1.1762549257395192	-2.622482662681525
0.19561641276147554	-0.11196676477596558	0.8803806042666791	0.4172860580884204	0.2332071318682745	0.13832259001104014	1.062231037603083	2.16442999249974	0.7008727527896067	-1.39587788180331	-0.44264359938238074	-2.030641374882122
0.20641629752656823	-0.1210547954038027	0.867798191154182	0.4355047049742365	0.2706144851370806	0.09829096217029883	1.4478690125602611	1.6646428163239821	0.3487211787437699	-0.9184065496612391	-0.3701766479051247	-0.683348365306338
0.2236765281650175	-0.11662249302665315	0.8748008333354851	0.41363209119195915	0.22451499000320843	0.11215418013340513	0.8819472207056297	2.0609946281419833	0.5787816050235581	-1.1199111504204942	-0.0015152030129796563	-1.9651039160611312
0.22367498632303404	-0.1440833312017172	0.8736450892195935	0.4073742164714102	0.225336352628564	0.0691565859066233	1.1803287400462665	1.6301612935080623	0.46465596968119277	-1.0679992344112108	0.028084527406121995	-2.5506036587302017
0.23007513185705145	-0.1001239911106755	0.8705042321681411	0.42339461720997923	0.2890427546439299	0.12222802176947911	0.9156400983978784	1.9026544523384128	0.5693855514570313	-1.2182894401862416	0.9207138977588643	-1.4978013222775857
0.20456977923542202	-0.10365675619846117	0.877094017125046	0.4220338463221085	0.24459649570705486	0.14616168466330073	0.6862393070684607	2.0861693309233518	0.6518137401490296	-1.174882569043073	0.5728957265004259	-1.3581168535890746
0.21665196008900414	-0.11172330433412168	0.8852288853881325	0.39616871649935	0.21193408368738018	0.10995417899164023	0.8906450566011153	1.5660472522257776	0.5606499535112294	-1.298183161654754	-0.33313467505729616	-0.735890312432661
0.23222433697208836	-0.09919066680018121	0.8581006945052696	0.44709760346839633	0.22448087893257104	0.15907315981147493	1.2868522614311209	1.7705432072469796	0.46805404965222774	-1.1739149413181678	1.2149633437988212	-0.403428919969211
0.20440055880152222	-0.11557490030697103	0.8670675866575435	0.4393821277072185	0.21709836628814383	0.12174660697846053	1.0316089231230408	1.8707699745451456	0.2883216695201702	-0.5567858722296525	-0.1800795768870076	-1.4517225149414197
0.21085589656592485	-0.10434408960753835	0.8721764782696619	0.42890592511701686	0.2283186589186105	0.1474465930301011	0.9731203427700202	1.547361091827605	0.4044774936719468	-0.9244589796291456	-0.1264873555230843	-1.486654438231471
0.22995879896807017	-0.12637500444438188	0.8709932270743507	0.41535419513886435	0.2868492003426371	0.09120615342979015	0.9541878362184452	2.2019533695374576	0.5829211539120872	-1.0806978818905155	-0.021739805214212038	-1.4663624016477088
0.2078481316004133	-0.0920027590767794	0.8765627978139552	0.42423143212290243	0.27619938194566346	0.1316735078384302	1.0097946822767039	1.9981534653469388	0.6238926810107702	-1.350511482084069	-0.1803967190079234	-1.8308645763651727
0.21888610012806464	-0.10468103493378351	0.8664624017890035	0.4363183039730862	0.25921685163928826	0.10102299180784712	0.6418010072953901	1.9245059805861795	0.6208063171027143	-1.093072121845148	0.5043196055688601	-2.343945287241611
0.23308122095351363	-0.09866460088309148	0.8584087132371201	0.4461758868540425	0.245824522155305	0.08240135986830116	1.4307315177226667	2.1416700099698036	0.3744160456349472	-0.9941631568817766	0.11402252466069251	-0.02743121657091674
0.21924410121549665	-0.12032014373853976	0.8605310060727162	0.44378088588899933	0.24692125037326437	0.1551038903653863	0.9287411939654808	1.834496140055792	0.4375412539592302	-0.8098861757448729	0.30291962547945	-0.9460615071062364
0.22455750884282452	-0.10635494686150022	0.872108299045556	0.42153251978496187	0.27942518596626414	0.1255888899737896	0.8362435034981502	2.0357713515223206	0.40917391181846197	-0.778384473006774	0.6261914466702353	-1.0340833470860409
0.21024678457365717	-0.13885061646974114	0.876458390397749	0.4102895145915845	0.18852001752183148	0.09400478415046726	0.6611632534711358	1.826968601313146	0.5842702977572838	-0.9686339088693032	0.10217811231957095	-1.0395479811076347
0.21819537016056992	-0.10566724246543759	0.8675290912887674	0.4343023026394493	0.23944017879640764	0.10040534981183558	0.9009691881199771	1.7133513840609058	0.48172075752270166	-0.9980351422762256	-0.9653082440032978	-2.060602341335621
0.21786438604901523	-0.1082312083964036	0.8697391115718207	0.4293890923425977	0.26361870855701336	0.16442932473194458	1.4536105447150929	2.164220051810009	0.26735668275091723	-0.7335640023963588	-0.14087290593670934	-1.1948971928911116
0.21243901591270836	-0.104852150229901	0.8678797370618524	0.4366468288075115	0.2386923491876766	0.10790981589339342	0.7473012454073541	2.300207570300146	0.33814232279334405	-0.48332219019050426	0.5807611307361359	-0.6072805530363962
0.2188005328056807	-0.10620808311565677	0.8621681906733636	0.44442342525553985	0.185263522966991	0.15633453998917313	0.9378350277500623	1.8871899385866613	0.5043694826559809	-0.9891812114599781	0.19322776600603495	-0.8228097961072139
0.2217664975032105	-0.11564858101997023	0.86855017020245	0.4278616927635861	0.2874907814517148	0.14533317796865147	1.1035242013895092	1.8895503382405547	0.4068539077848667	-0.8871416136163973	1.4057265910362353	-1.200575781608378
0.2235401075075787	-0.11102642482259269	0.8719762215247814	0.42114180797206413	0.30038458512569743	0.15289211452180748	0.8718754536019259	1.9385259430515491	0.5077295672439547	-1.002986712205855	0.305044363345841	-1.0845364440632388
0.20861272660215524	-0.11156533124522182	0.8761340846409491	0.42002734779312256	0.2436116715242089	0.11980096097771949	0.7745654579555669	2.0993209366094647	0.6127262772331236	-1.1051736390765374	-0.7735165169530914	-2.1267764024608176
0.21696149294949998	-0.10097452887491322	0.8627446847375523	0.4454250375233917	0.24774456543110376	0.12379493787585805	1.1591323119747825	1.4069240828013239	0.30498704241398467	-0.8363910846510251	0.002959041153055749	-2.2855891408364406
0.2112625134633545	-0.10659787602069101	0.8647694451648127	0.44292081678598644	0.23155389439239235	0.11627595087246946	1.025615005311318	2.0093705416800094	0.42576889545026964	-0.8368793911355823	0.28914652435031435	-0.6716362890726585
0.19237062244661415	-0.11032605847868913	0.8770323136988778	0.4261877815799653	0.2374868587717429	0.13849872737677518	0.8093399148744002	1.6646858370515005	0.7192149786033388	-1.4144229350844462	-0.7111290108636265	-1.3706329784787707
0.22755662635114696	-0.10147119868185885	0.8622417129343815	0.440977103847507	0.2369526139347197	0.13340890817269693	0.8738927389081426	1.7456567318147884	0.4193117787667643	-0.8691478660179011	0.019137636979439893	-0.9626917541847718
0.21274548302933857	-0.08932885828743156	0.8646225412018815	0.44630435329859613	0.2007782631172368	0.09489928363695083	0.9640522889358804	2.0011138071996855	0.4791054035166254	-0.9871870762868565	-0.01892143470701461	-1.7177709071138978
0.22872267725324064	-0.09556114005463803	0.8629760442457709	0.4402571435871189	0.30234692193370577	0.1381361718984312	0.9783498288194398	1.8933012869642887	0.45606992454721734	-0.9912892690802546	0.7109631445491438	-1.6108001671363992
0.2284741588798552	-0.11655882889298405	0.8554460196335931	0.4499174431207142	0.2197398090287284	0.11822590896964509	1.0237845788676114	2.1540282535362176	0.5549827218526584	-1.0170645243195484	-0.955499299302213	-1.7591358808497024
0.22391236343181822	-0.08978606306771883	0.873789727683797	0.42224782791087623	0.22687053615052688	0.14433917360682588	0.965126996846288	1.8521257525876762	0.4779336517766001	-1.106985688935215	0.7664299913763877	-1.1097743385462717
0.21264286265341145	-0.1258574666221454	0.8733392834672784	0.4197873354579421	0.28290606202662016	0.11018683039462701	1.0330937007197343	2.653140453466439	0.7470306400101396	-1.2820150210861025	-0.8569597704187902	-1.4817480987893366
0.21952048795124993	-0.11592775188484455	0.8505282466575985	0.46365203908763547	0.2238981344568982	0.06773374478553558	0.8540378076724735	2.4661224306526233	0.5083151433674525	-0.7202020621016619	0.1463933667208843	-0.6780419490103001
0.21835367054216087	-0.09455426976769095	0.8627614111404958	0.44612096126087214	0.27966634988472144	0.15024707816218094	0.3322221979115342	2.0070005255064656	0.47128570484025833	-0.6486549884977063	0.16078281466990377	-1.7947962002094708
0.21925393798333137	-0.10887265278470555	0.8640258669152359	0.439924717941374	0.23870125211381224	0.1237385028922708	0.971830736617623	2.3283794380615506	0.4864517588023465	-0.8635290472762113	-0.6287228103004807	-1.6927430310297025
0.21787346143164352	-0.08318639565445583	0.8773845203562339	0.4192941471342951	0.2817914456020923	0.09605605846164689	0.8266510917913986	2.29893763153304	0.48956817973309175	-0.9978783266583418	-0.4223646797551261	-2.3524611437263108
0.22507970764291046	-0.09367071320490651	0.8524700870429243	0.46244964416906537	0.2675869574927668	0.14138138867428462	1.0341422906569027	2.257587000527818	0.4316351421469297	-0.8417147944331267	0.8545234622530411	-1.0034187066242388
