0.2116934400123455	-0.12480084401029756	0.8651601287505551	0.4371596829653665	0.12746755597684264	0.27925532614791254	0.8446747045562032	1.94284977660552	0.4220214605006991	-0.6895854188811185	0.5364766434065871	-1.5407693665741995
0.21416932310778264	-0.14161720530146255	0.8721317453499109	0.4164880393901795	0.092951913740981	0.2501862551671814	1.1078615257183282	1.8861845047991292	0.6422921279620084	-1.2733069842009799	1.9550879285538925	-3.168564497579997
0.23496154649934597	-0.10808654768997328	0.8588277391077215	0.4421824107924445	0.09581250069089144	0.20351657869975406	1.4703276811091737	2.0116945070572196	0.44432534257785444	-1.1525385643915373	1.1851177917061995	-2.521393777697769
0.21533279465042518	-0.1369754518160861	0.8763291175893692	0.40855451388138475	0.11732273324536067	0.23744070195817144	1.2309252858670343	1.7527217800520658	0.6143403092658231	-1.3788686847384803	1.16586566566488	-0.355414052323074
0.23462702498042584	-0.09867180448157319	0.8628564207150979	0.43668390327548684	0.12730899202387483	0.2540928532955446	1.2068148999179902	2.0829183265009865	0.599334669401158	-1.3620054300031126	0.8479008174751806	-1.8867534308211926
0.1940863873121687	-0.0814002467867922	0.85720550301029	0.47000340391537143	0.12734599414535172	0.24531827466945766	1.3227518791309816	2.6014056068841525	0.29346651307927213	-0.6309192287300672	1.4243000271728672	-2.39229310400175
0.201161470872989	-0.10181043075873214	0.8731373605322549	0.43220348039749074	0.10583103812087291	0.21110414952722212	1.127873305219997	1.8320122660615297	0.35574355480701725	-0.8120704701896404	1.5570154748059502	-2.912573571379637
0.2141243447756114	-0.120448732723677	0.8609241954910486	0.44547996293634345	0.0911028592484685	0.26914952824664135	1.293036494120081	1.6989608521857642	0.5281531682110207	-1.182842766813553	1.7106997424314476	-1.91158216872517
0.20303305522255477	-0.08690989544975045	0.8665352283339869	0.44759462308664266	0.11313235178922164	0.2509794550573061	0.8842007511182332	1.7634639163042063	0.4547054898055622	-0.9389698157438147	0.4739088135250717	-2.2640525645465477
0.2089663167327953	-0.09928274951707729	0.8689898210328997	0.43741594056534716	0.09009632846454198	0.22100119949417005	1.1254497895620887	1.741616337800687	0.2807800726558861	-0.7001657581632268	0.765862161048754	-2.4624748103222194
0.20367498322380945	-0.10324207954909408	0.8706073271414277	0.4357756947637379	0.08442318479969098	0.2447939943089892	1.0119199034422879	1.9408776481855115	0.48858161593725424	-0.9892365837055489	1.1387310586186539	-2.994330348202683
0.2062062975509209	-0.11671032175315314	0.8703554978917402	0.4316699791927134	0.1287398353517453	0.2870661618401078	1.4519075551683918	1.9843844995778606	0.4170295920391362	-0.9978880785969299	0.9479261375932926	-4.072553970262402
0.23647683043381848	-0.1011982525921818	0.8672896761254998	0.4261997653992664	0.07614339704871831	0.2511528889072406	0.3998438391843626	2.1221668058121055	0.8371586630715143	-1.4215242387448848	1.1798473070694468	-3.574357755054384
0.2026259844629291	-0.1476074229823683	0.8649361000408411	0.43478765155771537	0.12436226471913481	0.20126445811058546	0.9205483093339809	1.2755616705682546	0.785235633465891	-1.5580554792043833	1.146028987221787	-2.827773863082818
0.21247535611375637	-0.10823275895537943	0.8698121982143336	0.4319335976406418	0.14164402663817957	0.21697625963689662	1.217093624520773	1.6028633866832163	0.4063690113673118	-1.0153986635534293	1.4874636019432763	-1.7815191690997858
0.21704236470447014	-0.11401841371380428	0.8763336535462225	0.41464652527183754	0.1843648545827882	0.27291533222844666	1.0663120085271545	1.7819896487116882	0.4779251245245011	-1.0782126222955113	1.5278628048355103	-3.255747150958864
0.2272130840926428	-0.12488136096644946	0.8612817749089302	0.4370040781388658	0.12531402359484112	0.24988210031038224	1.1378200725985081	1.947736631207357	0.46162589196171216	-0.9448002770576898	1.3803668015208623	-1.4231309132564969
0.22814257237405905	-0.12089210352950233	0.8659193913228455	0.42839196269985286	0.11704411344020982	0.2441492442200115	0.9789886497312112	1.8763206254920686	0.532877884978785	-1.0689881586182917	0.4676372941627552	-2.036007523568207
0.21451763842019228	-0.10858091893865837	0.8690761115691564	0.43231826141038154	0.1529290037107451	0.2589191672249466	0.7862826779059665	1.9643858888028582	0.58835556210447	-1.07953441719077	2.698533588543158	-1.7702120831869437
0.19098975304560545	-0.09661965253901547	0.8815901147419352	0.42069754760887346	0.10335115302451686	0.30400290946176045	1.097115975815188	2.0431368068661686	0.568826201887753	-1.2208350165668003	0.9840280790855106	-3.229730845146532
0.23661479710863162	-0.10087734402142565	0.864498933572088	0.43183190376018626	0.11840576799212628	0.2709203121793644	1.0422184539434414	1.8621437055350376	0.4706855972405416	-1.0783441186941567	1.0670242971534307	-3.1353994923812487
0.19236653374600612	-0.1201281670666334	0.8663028951979683	0.44506587595925123	0.17127276379568124	0.2442626248058318	1.1279980982860816	1.8587409011924918	0.5138261511883593	-0.9859911820568928	1.3026790684074936	-1.0778994705272673
0.2209622923794779	-0.11974068347339432	0.8692339370268367	0.4257583784126343	0.17228418221514766	0.2271780726291542	1.027178215989994	1.7443660650893327	0.650946365994991	-1.3714838522027533	0.7325054477927279	-2.51037820265378
0.21773285541686893	-0.10238120201863729	0.8651619266357123	0.44000606114600077	0.10217086787468198	0.309751839205742	0.34787124413159776	1.9213271332119417	0.6194311445762475	-0.9430403283808323	0.7368298255050533	-0.6998526063777765
0.22768397214190195	-0.11255104225085238	0.8631126983046649	0.43649598135970624	0.1502911442095253	0.2749827032203271	0.9877734148754709	1.9251679739397412	0.46038294762611903	-0.9291789574230734	1.7340704984643518	-2.7104913719292907
0.22601309516361762	-0.0971849039950936	0.8656554903906345	0.436020351826123	0.16138249878640656	0.2713519813172501	1.0437277660266053	2.0354587479015116	0.6558585817601359	-1.3894485878704324	2.7362168808807805	-3.0996351854589093
0.18852697028644497	-0.11876237028520079	0.8761964304588044	0.4273557021148825	0.15569039866061138	0.24307298680172554	0.7369594721548373	2.01153896719321	0.8030187335888516	-1.4125089376815367	1.3232963199604846	-3.151309547596629
0.2340189061819777	-0.12652262968921504	0.8540676700703489	0.4469850004938892	0.09168186451286349	0.2495325322872671	0.5954179017403668	1.6964587454134898	0.6363742177426349	-1.0474742315299712	0.683616403609197	-1.2938049299524694
0.19724508556571002	-0.14167708979049767	0.8717825046978063	0.4254612120411099	0.12158830641151303	0.2618908435307345	0.8889374088298974	1.9110801097548795	0.500486019435211	-0.8012416006495136	1.0223376129211525	-4.220544806970184
0.20360485083583393	-0.0929504269094485	0.8675078750787806	0.4442244585001683	0.1533638495144236	0.24607674986086933	1.075697884171165	1.8319691086535448	0.37675050325946513	-0.8454487767340277	1.3668305128758946	-1.3756169639042028
0.2029163745918118	-0.1260910629750771	0.8766936901713788	0.4175334266547064	0.18513448583820805	0.2592344742673699	0.9283834021469679	2.0412882482105146	0.5995589122869385	-1.0936262231408718	1.9635233199715707	-2.505078403266353
0.22631584439169197	-0.09983902901800833	0.8727214323808103	0.42091639113392054	0.09416893030295082	0.26501859940976197	0.9923264202576121	2.103174067819794	0.29396048778954403	-0.644180076148631	1.3210358711665984	-2.2191328766045335
0.22452293190314668	-0.11906486045410844	0.8646459215493405	0.43335948403461805	0.18310464514725722	0.26280180706618506	0.9154528466397127	1.897094479420868	0.4906014916588155	-0.9319270984794713	0.10663769621357334	-1.1547931697900096
0.20306131717362008	-0.07510373354902246	0.8714159381851024	0.44018154590088127	0.12357919261834521	0.21840616923164954	0.7490962264277367	2.3161780970915467	0.37616084132953265	-0.6950572986917644	0.09600668228858966	-1.8255026012571742
0.2274441503152809	-0.10384466994828749	0.8564861965223303	0.4515715205561611	0.12905702582073272	0.2563328343084749	0.8882546645670794	3.188112474329846	0.8328563828337491	-1.2939031997727575	0.8287688163909186	-2.28150623259647
0.2326568826311687	-0.1270110145834803	0.8561829518998809	0.443497158970413	0.14753052157120852	0.24265068123699254	1.0459689074951746	2.3576325544985144	0.3513175107409565	-0.5517478997011855	0.9641781209450736	-3.3192139027907146
0.2187988818935575	-0.10447950847086512	0.8703485215001142	0.4286076675870145	0.09009815627274824	0.2714998388834247	0.7912459916355835	2.313542872159272	0.734540477556908	-1.3315490551062714	1.3151865542914247	-1.9075267058478753
0.21132156916909353	-0.12249195578966444	0.8625946378666863	0.4430230308848234	0.0969726777717148	0.2560750878032706	1.3437540216776507	1.888505425092104	0.49201145857294143	-1.0767926226780868	1.339067526234843	-2.4627162032323393
0.22387656277495316	-0.09536486605416934	0.869428191533136	0.42997610018460725	0.22518350293106093	0.24448044980435082	1.2620111394047504	2.325043312998152	0.2530710383408309	-0.6531394815500996	0.5679882817632952	-1.9527852897854892
0.24247751424929184	-0.11120873864213797	0.8603072955386964	0.4344060643867706	0.1285387633462495	0.21771715234772634	1.2199438373876526	2.2322693243399643	0.5267584711383857	-1.15268936164172	2.025857718048012	-2.347440079070419
0.23533242986842506	-0.1081321373940873	0.8686921392806392	0.42225591229352344	0.12340451343059267	0.2756228148046558	0.6685856106457355	1.2304975684592931	0.31495987546610005	-0.7054648698245684	0.48881803313606503	-1.6149494990615707
0.1755438474538513	-0.09510050874397792	0.8650980951143259	0.4601581648599756	0.10729062267139966	0.26379604249162153	0.4266321026747374	2.3387994975066637	0.6100089998878238	-0.8262142704977256	1.9372782229773797	-2.8913249931830247
0.20280815161400068	-0.11474326853634141	0.8789599564564219	0.41609161360286323	0.14360125673759064	0.28270642704687166	1.7637658952449482	2.0158316236509277	0.19591529017887704	-0.7176416850054296	3.160076639019909	-4.075455675739128
0.20190315731009442	-0.10965931204379527	0.8604330683268587	0.45482401572468	0.05836599900337273	0.23894079112401115	0.787833838484648	1.9455629691112821	0.57332537001008	-0.965263782878862	0.9366659638334118	-2.6691650328348486
0.23227249803806654	-0.1408507895335873	0.8608114210620713	0.43036523920040154	0.16565998337670348	0.23210088322165867	0.7293649491614809	1.788664490192418	0.32658789140262123	-0.4614852266828278	2.4154811366678106	-4.311731910474364
0.22979850849970768	-0.09126828555264213	0.8700698816990037	0.42642836034189013	0.09787318567510343	0.27346985799707796	1.2135730186592353	1.7830402385188877	0.46517013334486024	-1.2214777799348253	0.342826043895899	-1.6981299674899695
0.22873055825317726	-0.1154009392924806	0.8694282480185472	0.4224446430942197	0.14742232048046733	0.2573998078299839	1.2649981963093604	2.446411731741111	0.4165181778367583	-0.8738617178634442	2.100355317237524	-3.2505121158019943
0.2098442864367028	-0.11843398629594354	0.8684719828931676	0.4332380191875282	0.10752779209739234	0.29469534626215893	0.9974962081118542	2.2034323937945715	0.5247231408561204	-0.9326627091750899	0.6947954279121319	-1.1584665020982012
0.2201215553602177	-0.09744321537585397	0.8735878366053249	0.4229605328848566	0.1386105605908967	0.27070970298182917	0.7590352336145996	2.1460151597513604	0.6122087394046443	-1.1650815352232398	2.0295168629775304	-3.295583447061875
0.2228300194130402	-0.09820565295366404	0.8610002870965623	0.44652092649277464	0.1521301101480865	0.2400521054800118	1.1542522810209197	1.6415757801944009	0.3453361957748825	-0.8808648759576073	1.2325479024463972	-3.609657113359368
0.2390771353678386	-0.11330774686323597	0.8690886383428996	0.41795743389533047	0.1047579469397349	0.28613294350634516	1.095954057488365	1.3378316200999043	0.44406558871058166	-1.1875927727963012	1.1035418646476314	-3.3472115274187506
0.2022753311377452	-0.1026070998104151	0.8462633048229887	0.4820735342161859	0.12276631158617796	0.24514082754788866	1.2138007179557868	1.452011027608424	0.3651185253605002	-0.8412030175170654	1.64694094739816	-2.9879918335532927
0.20815519064427887	-0.08812372702763137	0.8723722217866382	0.4334424206254479	0.14387029397052067	0.26809597882844866	1.0219477492616102	2.105497198784132	0.41290291195627066	-0.8937392383039576	1.0108360059852193	-1.134595844179235
0.21566029932470926	-0.09680900712190675	0.867413606588367	0.4378496163531597	0.13040361826529534	0.2845881139292211	0.8146736754096044	2.0194699226369166	0.6904728413751668	-1.3226354586758657	1.843883526048435	-3.636057224715504
0.20957726638550245	-0.09264370116628247	0.8748347779034912	0.4268004515217176	0.07324703265173656	0.28092441971584287	1.0012320339671992	2.043401178075072	0.440663654319825	-0.9513464976463116	1.2293277667322862	-2.215407330424379
0.1997238455407887	-0.10025658010962732	0.869317167951271	0.4408476666290779	0.13635104703033354	0.2535745094257824	0.5364998731375975	1.9301146709459969	0.7596249434938649	-1.3020373469117328	2.6384191379726265	-3.8863938600289814
0.23732289465114959	-0.1087968351235837	0.869024925302455	0.4202817763650401	0.13012290940818302	0.26541622563168493	0.9487962159672194	1.7203867756591429	0.4239043558254544	-0.966927195127418	2.912527384512195	-3.2728704767675727
0.2166736353595968	-0.10142629698588308	0.8716717842418439	0.4277306893086211	0.14968877041332662	0.24763776372636215	0.928344767725968	2.001806345137508	0.5950236285644115	-1.2081839150522795	0.7748179874458225	-1.7194063477998356
0.21980739267453242	-0.10814407435397469	0.8626341503061831	0.4425515699139204	0.13100910009862	0.2551633473638306	1.3278389164906477	2.1350194104231717	0.49906360907477965	-1.1105788749459422	1.3813721638876075	-2.8339247521026016
0.21028722522512588	-0.11159650822382224	0.8712555982722237	0.4292309223933862	0.12024479949614138	0.24965661727882124	0.6112897492335286	2.2850996749716823	0.620128084101335	-0.9641135431629001	1.008731615390708	-2.2858643491266215
0.17987998394481217	-0.11604693368099042	0.8717757901598671	0.44066231090302427	0.11484549241144905	0.26275123751012597	1.007846961125146	1.9054396415219086	0.6238059798912949	-1.1437102879676286	1.0228213002560762	-2.3405877092024165
0.22101253825307204	-0.09966435081755443	0.8621612552483363	0.4448577807116144	0.13233842750178912	0.2651098466907865	1.3972062181250475	2.020047457923497	0.48304030449738683	-1.1777517044640566	1.9099932995165687	-2.4843444619348003
0.22306816020420148	-0.09766592349817205	0.869089112048165	0.4305648367083569	0.15405917191305232	0.19465421878460418	1.4841738557707869	2.1682211567294476	0.32336893101154285	-0.92981821271594	0.6928835173090707	-1.008587299827284
0.21028261819845245	-0.10928031647280426	0.8765368724346245	0.4189536301044958	0.07433671311558164	0.2584815502978492	1.2758505826329292	1.6657564131548102	0.3133996598793228	-0.8615778566057019	1.0057789413473535	-1.8006191413047874
0.23216792854651558	-0.11088451591639471	0.8563510524746037	0.4477337959212431	0.12671088744708547	0.2697422044325861	1.097055975383035	1.8774665789429807	0.3301290116836478	-0.7353154266124633	1.0743453494062212	-1.6352843948573381
0.2256598734044765	-0.11738455258234559	0.8660255206231348	0.4304628741012942	0.11488262862952948	0.2112077761285912	0.9621647655149317	2.1090379430451973	0.7137948526926927	-1.365316495656256	1.0282779051537705	-3.1773144379234064
0.21777004130311653	-0.11780827837913353	0.861156950340589	0.44396635631124115	0.1395791109321024	0.21505267254965443	0.7838682045139075	2.122054900050559	0.4542055425605315	-0.7024172717106314	0.9911767648195805	-1.5839889009044763
0.2525134371573346	-0.1122217996996642	0.8657749301659787	0.4172253611937462	0.0617922665942578	0.28977354960653995	0.9445196295424829	1.7314863230655586	0.31587879494739385	-0.7613950588146278	2.4408421026963807	-1.1666009724213124
0.2063697853489536	-0.12203224168488437	0.8615445738092156	0.4475048502801794	0.12765170975550577	0.22852598876921512	1.4573362960728011	1.9249461954941707	0.541462832635319	-1.1895715639414246	1.0429569039024715	-1.9786059635336242
0.2134925859706641	-0.08414425400866757	0.8696909129114117	0.43701072784566647	0.043397369471564105	0.2551749785800911	0.6843246740734843	2.052413669432187	0.6206037126878853	-1.174188192480418	1.4931455729301666	-2.641573906812252
0.2095142509796322	-0.07778318867589236	0.8651161389463213	0.44902964304204157	0.16144055769697022	0.23195892430197526	0.8381045141503288	2.4281841015127834	0.35309132728989834	-0.6507096974668899	1.4915275202046094	-2.8549926246448565
0.23512173875996448	-0.10478569178768693	0.868882026766121	0.4228259101827424	0.06751338676977783	0.28449962618881214	0.6423925206483416	1.6608355854089556	0.6349562949415182	-1.2504218411940218	0.7550036507662284	-2.9837563280015047
0.1963180575576118	-0.11885313135167645	0.8726534333963075	0.43105584165667427	0.0986153454118534	0.2692694153770809	0.47697885283511277	2.0214121565956527	0.8071778574968951	-1.2939737085648955	0.6062775356415346	-1.2715175836495887
0.20879307045794732	-0.09095752663476245	0.8787936556511933	0.41934936850368704	0.09652308790973389	0.16345070868784187	0.9705999676038897	2.14744235171447	0.4766474960784066	-1.0163441990534388	1.4615299406638975	-2.5759807450074956
0.22062242472572716	-0.10812472623466683	0.8675250190512297	0.43247558382524076	0.04383963187862344	0.264653648529713	1.3292259854609527	2.0031529375343813	0.5497405869822687	-1.2800269676322091	0.5578351647796832	-2.842627660796983
0.2120303704671258	-0.11558058329333895	0.8726287054212875	0.4245037022687937	0.11004172287553926	0.26179352854794186	0.8897528993563912	1.6960191859184317	0.3884288095853416	-0.7811047997325149	1.479345358134071	-1.9129513865369923
0.24121083919218056	-0.12351352786099605	0.8590493364922063	0.4342763831522907	0.14167562391406383	0.25946054242697364	1.3987489158537414	1.7802005107967898	0.2886139268535297	-0.841510547124446	1.2652412950820082	-2.5557034548099042
0.21012956142225284	-0.1062814908094199	0.8623869010995173	0.44815024817553123	0.11908607793446135	0.27004134463511315	0.528385102131157	2.123046988791287	0.5593467422657632	-0.8206221818364845	2.062394120805116	-3.3711711264423214
0.20341568779034416	-0.10182851128210688	0.8700211221984113	0.4373971412566254	0.13469874755015943	0.21337948259558792	0.5903955564801809	2.368330667537437	0.6819408829581348	-1.079648355721259	1.825050078910042	-2.6996579457506997
0.19706992329885348	-0.1334708626057149	0.8799857862669405	0.41106445982889983	0.1400888672384827	0.2718932613042586	0.5377101100689708	2.2315919052983424	0.5587413193201484	-0.7293221430302306	2.1679217805950906	-2.891545248444482
0.23961278230221736	-0.09678604914033473	0.8552544680210513	0.44917476574182513	0.13137818489237613	0.2728340382170599	1.1076316025299067	2.4366509050834058	0.6083750548198293	-1.2242102665092327	1.5943968032306648	-2.7527702272759327
0.19852070065320823	-0.10879605316973098	0.880348132714094	0.4168214431308166	0.07871625694698088	0.24648753336496668	1.0677591531174684	2.3012535693360587	0.622873555728695	-1.2234268884816875	0.8241597456476611	-3.4377079174751954
0.23461230471962424	-0.12394773998201875	0.8605298292098678	0.4348361039144883	0.13729148190898097	0.2495603125314559	0.6281513036245187	2.1446295030323776	0.5613873418465817	-0.8385701996076425	1.8265589968188969	-4.295016035510877
0.22095792318420496	-0.10516108057011123	0.8645612839340113	0.43892200860497216	0.1072564153977633	0.2265339764646648	1.2014414890969276	2.137677342533027	0.46505101107827496	-1.008681833127852	1.6639544044960732	-4.265999900956701
0.20040150700832585	-0.09333505296582852	0.8785979051667284	0.4233125617239519	0.16860640361732973	0.25437990657789705	1.578458628770819	1.7496546597105456	0.5301960500856363	-1.461923345795843	2.6427234984223733	-4.7175072161820815
0.21698766818228854	-0.11949667870143985	0.8440226860055293	0.47567068560523	0.11396252925588786	0.25354435679094983	1.2220280950003137	1.7711145922132485	0.5352609835147504	-1.0622793115690565	0.6963973169979635	-2.1745382862610607
0.227068025558358	-0.09464119368513982	0.8640827449438029	0.4391402579100029	0.07388806358732398	0.22974914210786382	1.0951117949910711	1.907613687903889	0.4511639208164899	-1.0428763644656147	1.5523474801917614	-2.021869477539262
0.22216227300657596	-0.11394909467153104	0.8694878562433018	0.4262046411308976	0.18309729539158293	0.23387456633950807	1.2317498916397032	1.9868020288638877	0.3026967643860187	-0.7283947522385535	1.1263053357709347	-2.498992552399776
0.220384615713925	-0.09838777153662542	0.8641396456950258	0.44160292153331354	0.11867020811577934	0.2704134965662129	1.4030615045810022	1.9664598301148208	0.30033897934639403	-0.8497959839273516	1.0220845422842013	-0.25662664473452274
0.21964977232948826	-0.1139724805916898	0.8682146386490348	0.4300785886543373	0.18496453359083165	0.2665939660593187	1.1015591626735044	1.2808535290146033	0.3805662633993664	-0.9914196554301712	2.0384215013979117	-2.624056212700606
0.2218260450849556	-0.11560866744320607	0.8686195704660794	0.4277006938704885	0.09402068700741147	0.2609429568595995	1.0371214341206283	1.8999693936785296	0.5935540942710946	-1.2297859839132672	1.3531036182871776	-2.836755733397387
0.7214973024875868	0.21343261635752067	0.4492297958449376	0.48174760124263677	0.36851208737363583	0.9950592414851217	0.5759933316335966	2.400824725633127	-0.5239313068653177	-1.437737067762704	5.045223352663261	-6.105879488422329
0.20841084853311298	-0.12804001692958242	0.8729019242778145	0.42215270089206913	0.09286399948414568	0.2817981296719528	1.4708395449488858	1.852052341218192	0.6018105698534074	-1.4087881179341863	0.7565051826042187	-1.4267294285491738
0.20936366103500437	-0.10510547977918855	0.8772513013273461	0.41898669415374523	0.12671354486598227	0.2429849667167796	0.5965600720203079	1.7954772739811633	0.6927398654178837	-1.2981091199298298	0.5327366083661683	-1.07157171391723
0.21195061839698984	-0.1204272705304379	0.8619904940392539	0.44446214243699717	0.15018409662472815	0.29448915408616777	1.1094051679154135	1.7951324461665623	0.5018962173862423	-1.0160279941170312	2.3640874663384834	-2.795264720501715
0.20652486680010282	-0.1188686777098135	0.8659037051102607	0.4398050594627612	0.1233864249249967	0.2623320631205773	1.628697460507266	1.7004054378972602	0.42462484281272855	-1.1412460907158055	1.6953183215000422	-3.273166582804095
0.22462001169134013	-0.11281215338430563	0.8656466855340849	0.4329839306722956	0.11377322299611725	0.23461133691638256	0.8801822568925194	1.833616841673207	0.4634263873962399	-0.9053818696521362	1.125944333962362	-0.8167091481015173
0.21545095393734037	-0.10566055296181523	0.8659925034942658	0.43871826709977274	0.1778465316296078	0.20990855849095172	1.1714252703980745	1.8372207630162758	0.3883656967348136	-0.899403425427198	1.7358542114907938	-2.046011929152788
0.2412372757113091	-0.11197189830612439	0.8617072819859257	0.4321196951881933	0.1313171178851541	0.23790250071899297	0.7938080787646347	2.203182604273324	0.5382459680414308	-0.945599181324524	1.0237070392151943	-1.2637730462375598
0.209832644983508	-0.13465744284295572	0.8657831440934053	0.4338861389696137	0.12130846929814425	0.24226373453388983	0.3056569845586501	2.0167644250098524	0.8235937110439807	-1.1653242185682657	2.6027713044917196	-1.666496268042314
0.21779926163832625	-0.12167124418620202	0.8546812918712343	0.4552795616907261	0.14666028425910171	0.280059054593948	0.8567158617324905	1.9715113014309027	0.36926837835121096	-0.5761792223423543	1.6357560915032836	-3.2564837851512554
0.19711358307249716	-0.10870659435683647	0.8808782647991525	0.4163923562171791	0.14147894239602268	0.23521519683182732	1.4060439977336598	1.1619649459043557	0.7852138557283334	-2.023367923234317	-0.0335860097604375	-1.4156974399837117
0.21022455110957147	-0.11639945334233305	0.8767022865801161	0.41671321802599576	0.12601434368996647	0.2266269686881406	0.7349142018956152	2.2577007893797303	0.7583410362406342	-1.3355496463953782	0.9099359405780408	-3.442775961707561
0.22260001531514684	-0.10195055313372231	0.8661875551895817	0.43563107916231086	0.12708194114584878	0.24822302676922237	1.0451404660669268	1.551190804900677	0.4629863085568746	-1.0916037092370978	1.8128105992007404	-4.18894861289701
0.22572411161774492	-0.11207367576336057	0.8544275132228145	0.45435860427986396	0.10869921551723571	0.24046708756371507	1.089299390727882	2.089947796096034	0.3458798166146456	-0.676078837918496	1.62448651246796	-0.7913036888734548
0.20477293744983988	-0.10775216582664773	0.8769735751078799	0.42115895266553977	0.12829499598242627	0.2334692054010126	0.6369145529882824	2.432601988583617	0.6581812461262863	-1.0578245783937932	1.0158148184460563	-2.143292426585944
0.20703503056579167	-0.10494197716738664	0.8689996218512489	0.43699351799449854	0.15374369677502664	0.28081710872349835	1.1897472109333622	2.3213791237715147	0.33289262945408615	-0.6681856646986266	1.0931987911924776	-2.2258458213806604
0.21003723016600964	-0.13686046589370268	0.8646606830870349	0.435333754656139	0.12664964331894482	0.2501096600199762	1.325154299478424	2.395102242702985	0.47463969608075207	-0.8291091829627315	0.26559917230318003	-1.740034611548958
0.21808184831883057	-0.11854975696418261	0.8668595380344565	0.432366515674219	0.1700020138105511	0.2520221687868885	0.8724110548562878	2.083181862968499	0.415192439957472	-0.7012796492666591	2.369661021382676	-3.3147921392056614
0.2236172344720108	-0.10734494806500622	0.8675296759348519	0.4311202337450445	0.1022937147650394	0.22012914434374262	0.8722756823837624	2.000352819039008	0.5310759097706854	-1.0230376208262362	1.2939106745373068	-2.744369556575437
0.2219817477144137	-0.11138260383843497	0.8745204630334084	0.4165716972859027	0.13398531354526663	0.25635586085056045	1.0272644442271086	2.0983218441096994	0.5093903777508535	-1.0557359462661855	2.1099046038336216	-3.1168565493956994
0.17787838976870154	-0.08495548828085189	0.8850302104745077	0.421738509045243	0.21067142039839779	0.24214633498243834	0.8773090712623438	2.198680058675511	0.5806194619643781	-1.1455680267119517	-0.4067550409802286	-0.23488467342284455
0.218869586872231	-0.08215242684988847	0.8597870617628005	0.4539970166535712	0.1762457469971724	0.27890875442739943	0.9791328074887437	2.1422660851898234	0.38350303458141954	-0.8106682841316339	0.899627817464677	-2.761363610858016
0.18394505438265704	-0.092492472681703	0.8725413914600071	0.4430359800901282	0.16512466372155163	0.2463552201046538	1.2872734191493653	2.2790563133558477	0.564173880636488	-1.1697855510926511	1.1317678771435429	-1.9282574500169034
0.21171895998558837	-0.1128459704128617	0.8745391372261975	0.4214524485678765	0.089821802168475	0.29729695147862195	0.9778434585977068	2.3210013435511927	0.5435847596927885	-0.997736516469058	1.7491476322391089	-2.135491523694086
0.21094963473131195	-0.11175672519258287	0.8660247583337415	0.439331086919581	0.1727126723553477	0.27214586986567313	1.043827582134891	1.785445003528416	0.6210454553661825	-1.271251494816318	-0.10127443644084104	-1.3865030213735343
0.21169735865576703	-0.09556787672805284	0.8575934362636999	0.4588948761462504	0.10649547251293474	0.2723328090355484	0.756219500481502	2.269326042992019	0.4921341599027347	-0.7959688450755776	1.5842040918352318	-1.8172484310244468
0.2024595591375958	-0.11746055741082104	0.865674237958323	0.44251695798220714	0.14410615313938696	0.21254102192231827	0.7933034449238009	1.92182444261932	0.5845838493417631	-0.9964193818877454	0.78569490641376	-3.657325216179484
0.22164376173422498	-0.08766077578599643	0.8686990548619108	0.43422526798301614	0.13086888294292573	0.2475194604235491	0.9523628831909539	2.0679704476729692	0.620570082373981	-1.3101357387545551	2.491911759375786	-3.7064492555557464
0.2159241798406534	-0.10163846116399279	0.8666513380169891	0.43813448858280835	0.10143177646674123	0.2844235698163283	0.7422162894308885	2.037610265674611	0.5336739409458708	-0.9487317650675909	0.862603019845518	-1.2582155768797685
0.20736520048038404	-0.10334023496434737	0.8764635011310722	0.4220571059137696	0.1273602012734523	0.25785111824359713	1.1460399875600733	2.200305735681596	0.5526735476445206	-1.1720378254034318	0.734186606534282	-2.2181550073652496
0.1993123368086137	-0.10987021631938848	0.8614922719026941	0.453909895699306	0.15378080087896742	0.25961087005520733	0.9229444835635279	1.7455075553833543	0.5877198392971175	-1.0982158207785713	1.257521465398458	-2.8441745029203536
0.212088349760361	-0.11489972090920905	0.8704589934945219	0.42908941571124376	0.08202059150471351	0.24761119905808204	0.833775922512925	2.289452359935704	0.687201789669289	-1.1931259119936717	1.6446260727005393	-2.8864137123437015
0.22025720319291947	-0.11827132864099887	0.8721551771046431	0.4205282443697385	0.087155773303714	0.2499827324908305	1.1744196561644842	1.8223308623477934	0.48241803525915816	-1.1031085063106292	0.9245573582960072	-3.3900220878452383
0.21834959205467772	-0.1206584433115459	0.8633561457941497	0.4386127691103636	0.14609436314348143	0.2568920589629375	1.2281955879750808	1.4455470315324668	0.14934253145214865	-0.5077242594845981	1.5292644211169029	-2.235118010254465
0.2026891182622979	-0.10159031369509633	0.8670324528033794	0.44367922566550233	0.11434772208917428	0.2516444156600803	0.7308793499490732	2.4922989232094763	0.720804508306429	-1.1718122740935426	1.481997084264328	-3.3167199464363524
0.20781943847311343	-0.11916929421265013	0.8601463848969146	0.45028652751148096	0.09595908159609289	0.2478641835575749	0.8350686721999484	1.9532612951214643	0.6008862990471091	-1.0162971407985517	0.618578330664258	-1.797550751941986
0.19824852326199432	-0.10701472426796912	0.8675286440162103	0.44344043977256337	0.16039560450934298	0.2417336945162085	0.9397983009715474	2.1920291629936184	0.4709922418895356	-0.8125859923827136	0.47509511329278764	-1.0944763318696105
0.22834236807767996	-0.12312271430588614	0.858207679534464	0.44292227190636857	0.1686415956971966	0.25945678263165567	1.512196777344633	1.9292038662293174	0.2699651775564734	-0.7664007587686987	2.504355941039018	-1.2593143744895852
0.21729548708069824	-0.09154509416170116	0.867256041025794	0.438485035472767	0.18995036192137096	0.24856286140652795	1.2149272766766475	2.14730177169814	0.2934593472314661	-0.7341816415793124	1.6387160545558057	-0.5834138511749997
0.23468593276609676	-0.12085450051754391	0.8449245294387663	0.4652088157150955	0.11380311998016783	0.2846292387183002	1.5000557170174342	2.0912549584000675	0.17935849765113987	-0.5392176318503688	1.7189064131803713	-1.3628933008001105
0.238516985538359	-0.12317079939568792	0.8505899998334451	0.4521451691318411	0.1720362948517303	0.2562131117651157	1.1798423251500911	2.450118985193994	0.38734538545574854	-0.6836331630574864	2.116235553716535	-2.0048049276980504
0.20631118650205738	-0.10420696000235165	0.8768556773377495	0.421545638017686	0.0860975402942357	0.2869238345572698	1.1534910852161733	1.8764729490675707	0.6065196069549458	-1.3622884021220174	1.7446566544878548	-2.8400451409152443
0.208231283805034	-0.10646527910449659	0.8614801931028628	0.4507291356031505	0.10541884605748354	0.26647567318575477	1.1123867116909596	1.8163147706183451	0.5106366474892601	-1.0608646612386219	1.3978323524306926	-2.4383413996283356
0.2158827864077086	-0.1100214657262347	0.8694738153614887	0.43047088637099545	0.11636906748170167	0.2482121282038439	0.8595422001407418	1.7443425436810074	0.5423510104731695	-1.0806892147342972	1.2484793438883537	-1.2426240030933948
0.2272538697501396	-0.12731821153641854	0.8522923724194297	0.4535895320776422	0.10963982437493934	0.2709419853308815	0.5072366177077322	1.7689707444538822	0.8119067642419696	-1.2831672556951383	1.7542040551325186	-1.9677807862973282
0.19386988340723163	-0.09150054206303722	0.8739879489842853	0.436104556431229	0.09092252995421644	0.2785702567789023	1.0874520974370459	2.1273433123130236	0.5709172500470944	-1.1812441166270966	0.44104993904628037	-1.0191766229103378
0.21710870690378342	-0.0910169236705554	0.8664476782115277	0.4402818982356287	0.1645838591779706	0.22584517699848408	1.1072894083164024	2.3800474032631325	0.41245702081105184	-0.8656953836710356	1.506619592986966	-2.5732705876765265
0.2322050390603796	-0.10891651772017966	0.857984442701591	0.44506258895206824	0.12101830002848424	0.23031404392751254	1.1353058925724784	1.554063486359024	0.3576766787976229	-0.901539697484462	1.5932861107782428	-1.8309868212021752
0.21508988755539754	-0.11733327456004536	0.8685103979672828	0.43088157488471873	0.056865561829818105	0.2932708507382635	1.1885245749732645	2.1049482902539283	0.460682747345505	-0.9486757419502897	1.2157394551380556	-0.675354286336447
0.20257712059715557	-0.10176741991155622	0.876790943678756	0.4240796429186703	0.057566858791077924	0.21225742063211664	0.8944412842804256	1.9402943755123094	0.4266959191340279	-0.8438455158716173	0.5267807159949706	-2.771934540621411
0.23486900752185574	-0.09239086884734532	0.8796294219613356	0.4031780706825431	0.10187044507588978	0.25000904233493265	1.130251198372852	1.7917398930624202	0.2361421533327645	-0.7630329622336229	0.00031518924124477693	-0.43123872022143467
0.20645390659800808	-0.11483494817202404	0.8682850814739757	0.4362003397734587	0.10460460508506463	0.22541383615627597	1.1443331304019415	1.8357281381336075	0.7790850689337673	-1.6091556520551176	1.1483398536406442	-1.7359445190029794
0.22152835824543335	-0.10367028658730044	0.8617600395469247	0.4444629258015483	0.15708176302323223	0.2832731839482084	1.264586945340744	1.898268914264724	0.2120106993915356	-0.598587915315047	2.482060903600661	-3.337316521227507
0.3141257650179363	-0.7365616494064529	-0.19565801402530933	0.5661447535067456	0.5437425749515313	-0.28180835070569243	1.4421349780839405	0.5817249099710331	-1.7878230106577482	-0.6612043853378963	2.9895353909522218	-0.6613512988729809
0.2344156704948174	-0.0762795392837635	0.8586879643039029	0.4493169318785361	0.12371952253684172	0.24497667982180468	0.9441282649366223	2.3993110229256382	0.503077778051719	-1.0466708921619206	0.5327348475390818	-2.9107682784775477
0.20484245030137313	-0.12566908926314693	0.8755756477361417	0.4190634028995337	0.15974196704183463	0.26453094911710673	1.1744332170841882	2.1430655714289752	0.42810567888892465	-0.8258788145378249	0.8336200185396031	-1.6205573111166005
0.22694214691673517	-0.11196347466465646	0.8606798194737157	0.4418050369162081	0.1604247078527948	0.284767960669471	1.1964307578279767	2.4406180407284603	0.5887204981769878	-1.1429483562830192	1.6121884816828291	-2.386305325846523
0.2212909773272091	-0.11663100322474974	0.8578592708733543	0.44889306501325427	0.14758210324876622	0.2865620983868676	1.1638266365782564	1.982450256623813	0.5911475837788335	-1.1883690089040406	1.3661440386877028	-3.669336247107952
0.22068408176226514	-0.12042705430552866	0.8724440777514991	0.4190909111927572	0.15663523036549162	0.23345202208709626	1.2909650370248948	2.0300122926678767	0.480168338257671	-1.0960558769990432	1.0969329297195147	-3.3897531419983937
0.20068854319117738	-0.12927285071244057	0.8707919344906222	0.4298069863631373	0.0818839770629559	0.2577036663263426	0.9887639198368123	2.036561383817176	0.35507957369392523	-0.5685387430247811	1.1019856640046937	-2.665979778194491
0.24928629053581486	-0.11586497326929908	0.8650595680802784	0.4196469909256591	0.10183389947021347	0.21343460531286573	1.520147877272121	1.8656888581064275	0.5348718495936183	-1.4904909612858146	1.3012527558704376	-2.433496717806383
0.2082385228581449	-0.11978787501785505	0.8725857341516376	0.4253019152926684	0.13266449321656695	0.28778822592155745	1.2190022472233788	1.8109030035169262	0.47821575292608176	-1.0679548626183308	1.1477133523176695	-3.0677072136557886
0.2161835527472164	-0.11318829438405281	0.8714455209606814	0.4254830026376933	0.12278239664684636	0.2574995673561932	0.9403109179935351	1.6073473741618611	0.36529267904308427	-0.7983386270681134	1.4421187169329734	-2.638333211221438
0.22160717921315937	-0.10179060666504486	0.8715376823079538	0.42538335514360337	0.14812263150050428	0.2477377848655664	1.0129127228476298	1.6939721291226504	0.5495694307274795	-1.2483063620262707	1.1753513443402486	-1.9244652310867556
0.21754002866848282	-0.1047778132339569	0.8556412802806671	0.4577946540322272	0.09851390120597707	0.30912167505008226	0.9247688244370049	1.7573088609984324	0.4645164676110808	-0.9054424693580897	2.627634432527215	-2.121577024286968
0.18648526843773575	-0.1174365210731868	0.8725527625688642	0.4359857620466247	0.13683498269207792	0.2459461904976116	1.0334922316431863	1.8291540961382007	0.4653264692516283	-0.8806330673016761	1.0566933559325404	-2.9713024782908968
0.20285036727088246	-0.0954534040679109	0.868835699801834	0.44143504946908496	0.1218491612936557	0.2818602943270551	1.1754634538958078	2.158420052932641	0.42802187169066974	-0.915865957591053	1.0141883698234266	-3.1089395288998714
0.20001951398482762	-0.10832008762626213	0.8675062667306823	0.4423706927735001	0.1611046602058702	0.2506595474082215	0.6718644894592792	2.193260594420535	0.6222455484517412	-0.9869861379382946	2.301689899882945	-2.762110177558306
0.22941808871599884	-0.11573417189654008	0.858546454080275	0.4437013953229204	0.16913842016567307	0.2230779845634643	1.2140975160265701	2.0790408892594603	0.5986784444934399	-1.2438841019118938	0.9281231762357098	-1.882917407108726
0.2263135875967024	-0.11484124467315769	0.8643713600737328	0.43411496227994145	0.0750620122635139	0.2639557836592897	1.1060959306267595	1.7784440965720216	0.48077229669424104	-1.063431691478925	1.214620582860477	-2.123963422372335
0.2319052970263359	-0.11340237860519277	0.8634694738220893	0.4333362453282851	0.08603256353918239	0.2612537524219946	0.4002288747881196	2.507425457063662	0.7579143135592031	-1.068230649066832	0.5309862490814562	-2.545514415518801
0.21273773352153497	-0.09631799003895392	0.8483815295632223	0.47509397157503863	0.08283984935637435	0.17311370308710616	0.7590902882050394	1.8619166305008872	0.21454924585623086	-0.3455541580603223	1.0672511561658986	-3.779402317663114
0.2422570634645324	-0.10142324644696175	0.8622367395494543	0.4330965772813575	0.1327264631024054	0.3077078717998965	1.2210357525620985	1.789940477145311	0.3834792714407313	-1.0272832935939378	2.2986968112537696	-2.953999972488886
0.1959331770435246	-0.10361202544373141	0.8743654624996755	0.43169407721766007	0.14161752441096395	0.23657679934956014	0.8456928349768232	1.791198678349084	0.5829515088148607	-1.1346512551222505	1.000454873177672	-2.020944581255328
0.20717060207573473	-0.09656857700087447	0.862435218855367	0.45161969050241696	0.0857270350907549	0.2916765745430093	0.7654611830214321	1.607481912462476	0.27982171891903806	-0.5417764633673001	1.7612995240765745	-1.206573421579017
0.2355786129612086	-0.09804627170379497	0.8700763664970644	0.42173067493783833	0.1464129621593154	0.24126416497313827	0.8307638484903851	1.8620758549426177	0.29422574022092274	-0.6381785316894489	1.7329632554519587	-5.443806148539579
0.19381096693606376	-0.0868969791771094	0.8768869170953363	0.431225647117884	0.10273815471331714	0.2641098592401222	1.2369079643603713	2.1742828084315278	0.6582465966260493	-1.4563038020937082	0.6694448121696875	-1.173326982495275
0.21681948128597175	-0.11430038310835954	0.8787239298365865	0.40959613046110466	0.112962039488281	0.2482603888798256	0.8149651185928608	1.9060519059997207	0.4312538414062858	-0.8246926578546115	1.2215750986075584	-2.2622897844296035
0.21400443885739867	-0.1132493348168005	0.8627042734245722	0.44397975734020023	0.181253124419014	0.27745784711561033	1.3630411457786555	1.2130935360859314	0.3224498231988533	-0.9741292317903228	3.089157495931906	-3.245067081317652
0.22697541163071547	-0.12369182666611674	0.8636998238742957	0.4326720568404865	0.09363846971361156	0.22681698149671545	0.8175261247382919	1.9261447234371984	0.6231579074925448	-1.1221694044879695	0.5886488115682936	-0.5883536534530058
0.20426812587470572	-0.12482657029668447	0.8565235193427406	0.4572311460435829	0.10704226948463148	0.2567123411571449	0.7644046913813671	1.9668301566239994	0.5036956702823893	-0.7481074770575842	0.23247139228679337	-1.0318861875611773
0.21113316499947082	-0.07448878454615296	0.866741237138592	0.44568355977936425	0.10420299735312753	0.3033926765272827	0.8570763686082963	2.236682665931791	0.2774773936403545	-0.5718195499915034	0.6138651692541055	-1.9939881506248973
0.20866694842527242	-0.10306184813883028	0.8636241958250861	0.4472019772748849	0.18321451248307033	0.3042675384939267	1.0560968181772858	1.9256659042027868	0.41027256044889554	-0.8413002234136794	2.521725392423639	-2.769011489031912
0.2197739113245183	-0.11616574755166348	0.868015550880456	0.42983014136584763	0.12035611335166141	0.25274907182019657	0.9296059834310205	2.2140932201532015	0.6316973711590873	-1.1526052801770759	2.236015835570865	-2.631628143580315
0.23061052473515634	-0.12229418801203036	0.8598498028532502	0.4387724170832538	0.10143359812728044	0.25735629321434605	1.2237606657739881	1.950824024905027	0.5114060426136787	-1.1016417972141561	0.975579248231139	-2.6972862810031693
0.20332708328191795	-0.11117639150726706	0.8709599461965001	0.4332743695360716	0.09640669641204065	0.22374730318727445	0.9447647647787117	2.163680013334399	0.7725240181805222	-1.4410813308196349	1.043174979248595	-0.9483231226408787
0.21328740266200744	-0.10298815988723682	0.8716694035159824	0.4290622026732572	0.1431800447307409	0.2943765723578889	0.8524509878825718	1.984017378010608	0.6195722151577951	-1.206232798306687	2.0204121049461214	-3.21947195456528
0.5279478095728293	0.3293066856655831	0.7630748267684759	-0.17477135318884712	-0.04476363495934523	0.07223300019021413	0.4822023643516797	3.166797876708583	-2.528352718807094	-3.615563457064511	-1.018902696168474	4.190357852082619
0.21653511182809135	-0.10256680801975608	0.8671709204147439	0.4365858335141905	0.13537829028218684	0.23273189677488595	1.1355586474708472	2.140809969642111	0.43275360800089857	-0.9198274137410404	2.912570483119298	-4.234420345429709
0.22469763263231501	-0.10079783836741309	0.862174084949262	0.4427263454006245	0.15314852498874218	0.21224445065203168	0.7327040506072805	1.9277744260616863	0.46447229520114425	-0.8374865208176785	0.6572750233688268	-2.0715116269370504
0.20050186894899766	-0.11647574453386798	0.8735508734102579	0.4279500824248264	0.09964256385237968	0.22746388060599973	0.932471608828717	1.6288366629885798	0.5725532116581917	-1.1622773678787977	0.4256159329519669	-2.6791888681453417
0.21792704280951725	-0.10477569507013819	0.8717789240904602	0.4260649777282193	0.12411536218357748	0.26846419183876996	1.341900089908376	2.4620000274361042	0.5791679251681844	-1.265968744366335	2.2012741156487348	-4.4054731915252505
0.21031178427821695	-0.08405526791315752	0.8761275501953061	0.4255633690985767	0.09919266608924211	0.21692555368035601	0.7121802516496049	2.2459580984499166	0.6130663562509633	-1.1704945743559527	1.881793198569081	-2.6491444566247795
0.2311789701487062	-0.10310215368699242	0.8623558765291245	0.438484403236618	0.14150216060393037	0.2612912439793065	0.926323023705492	1.959440118468676	0.3752382435523597	-0.7656208712516935	2.5821341356169767	-2.742659772327976
0.21035306742960935	-0.10837987486042373	0.8654388033121568	0.44161189688437424	0.11482093300735707	0.2365871486283774	1.4108805651046057	2.1981417780819132	0.6445105484501477	-1.3956443789980526	0.6551927073325728	-3.919331536598943
0.2347749493077808	-0.12482978224043441	0.864347300086889	0.42685125450892153	0.19458739775625544	0.23090466313687183	1.0715371710387023	1.7108230437486203	0.3371522747609886	-0.7717561373827124	1.8144834363278737	-4.214041502933458
0.23673197702962906	-0.10795187436719926	0.8607434461344454	0.43752152382351506	0.12505578063823372	0.23269057535443718	1.430662214333621	1.8466148275427547	0.6556052263251626	-1.6082542825664234	1.0035454737422416	-2.880915711862396
0.20199524538400396	-0.11395158343625544	0.8698780218958393	0.4353449029186027	0.15673130306375416	0.23321752887076408	0.8439479351831528	1.8250701903653221	0.35827126228750567	-0.6297446628799703	1.5414305680159321	-3.7335924475532507
0.20606526337099376	-0.1195638957995899	0.8684984557224696	0.43468611026895404	0.04956042242092673	0.245430015965684	0.726812929498336	2.165239053192861	0.6568110342615124	-1.0612850037318398	-0.12271661626044571	0.7185784470307978
0.21719903490038364	-0.11073086659875395	0.8631286479700103	0.4422354480071593	0.15836518972610888	0.25982132528682017	0.809846200693213	2.0937242006468577	0.3775306519385067	-0.6103432921153993	2.518229275101223	-3.106870519474396
0.21910358402860214	-0.09443188186384732	0.8485409573488075	0.47228644153208843	0.05647994464906822	0.2791955338259193	1.0141813494167893	1.81101719591913	0.37122279819553744	-0.7753573318691493	1.4243389072576396	-3.2286962077567494
0.22130263060472222	-0.1086373327528769	0.8567353645524934	0.45302051912123875	0.0915243884439051	0.24760140028343913	0.95108064584506	1.9324084915064097	0.5398814175990562	-1.0222063419039003	0.9837423380909259	-1.870778340372538
0.19243013691884975	-0.10216044203050899	0.8811664790879034	0.4196183058701697	0.1757429061448199	0.26407442263884195	0.8985465754070081	1.9918177654339717	0.48059117789786127	-0.9363349686729593	0.9862835088754016	-1.9112667488423967
0.20463437973655713	-0.11929730308408917	0.8715639461840095	0.429265898737431	0.11858874891128973	0.2714999388986498	0.7830270976775714	2.0132509764938114	0.5126326550237563	-0.8546008274995276	1.9957206598459134	-2.7608425020459335
0.2184092042816627	-0.11133768037798747	0.8736363558709106	0.4203104306506034	0.19280483124221828	0.2416096600899236	0.8984049890608545	2.088448754505514	0.6019894799358178	-1.1648932281656323	2.291529290551932	-3.6668538625621783
0.22477895576139845	-0.09675274026142337	0.8660785810120086	0.4359142344669953	0.07650271048201976	0.24515122260891262	1.4125181255586288	2.089190389063835	0.40235807405015217	-1.0640697810352424	1.85073566293964	-1.750660620344054
0.19334594606916633	-0.09270233562502005	0.8690725912885096	0.4457986688846887	0.12363738972559556	0.26149410960514413	0.7036243388487765	2.112357038971983	0.6668786295096045	-1.1659712268962514	1.2916564082576585	-1.6098181910660727
0.2258480859623489	-0.11020395192780687	0.8695974553970138	0.4250270539785386	0.1677899631302513	0.2123284900307889	1.4960055421191625	1.957505039994121	0.2915078941607048	-0.8838019049017667	1.9310767636393609	-2.994137896184933
0.37952632128173064	0.008861392136644148	0.9218034649255881	-0.07848324174584954	0.44006566611161757	0.3221509717450695	1.36571296972639	2.8281102864901246	-0.8412189830665436	-2.9567275077920745	4.315719126050818	-2.151420685219797
