0.21444700043102183	-0.10053697856878584	0.8586719776427794	0.4545186847176198	0.00560406550339267	0.05030101689156478	1.0245583842764021	2.0037672464763316	0.49457055353104573	-0.9745136068900515	0.47751216601991286	-0.28337622133373
0.20292409433299657	-0.12629619221933477	0.8752004122438969	0.4205892558995568	-0.06272042029952199	0.17541837783543332	1.0334355369501769	2.0219939049265094	0.536032801705007	-1.0068611182826612	0.41726107876563706	-0.3447383229132768
0.2211209319503276	-0.08910131613862812	0.8698874629032578	0.4318127960117854	-0.013911613204449946	0.14595866985838515	0.9406718534329099	1.946974240477015	0.4571716569868935	-1.00092485997527	0.44672614273615663	-0.32207054807195035
0.2516163150513744	-0.10141482205818987	0.8715153017065879	0.40849154551611977	0.010677036828065435	0.097646390744132	0.9642209064060538	2.0170687103429974	0.4170767344617944	-0.9829868145465291	0.4898722710285139	-0.31850348650037813
0.2050022726964354	-0.11784394408993339	0.855180628084234	0.46125152181871437	-0.04916423371644921	0.17590623586612708	1.0325590552694375	2.0134089192715514	0.5712630686752477	-1.0036650133019716	0.48601758310522664	-0.30708332785534737
0.7712291542850166	0.16719011575564616	0.3849109809863653	-0.4786403592370219	-0.20971079160694997	0.23603299207402875	-0.374717390981111	1.4003402727985679	1.2598207409813083	0.8984802571346912	-0.27680226300805616	-0.5767063120075965
0.49140118702584273	0.45590465341691805	-0.45339815389067806	-0.5874571766783664	0.4167705762753031	-0.044779647751419016	0.713982638808566	1.1871389380059256	1.4158802100716523	0.42576143226827623	-1.273366781578288	0.3916114986499233
0.20562354245642359	-0.06945620833433318	0.8858377526525079	0.41010519368455134	-0.05186277187208297	0.12679242972812615	1.0340678155338905	1.904598863411037	0.3666795509131938	-0.9879442335374652	0.3701663805698259	-0.3133789658586258
0.18688993627661885	-0.12193883669116232	0.8738404211362724	0.4319791548365609	-0.06567399735878135	0.055905378883027594	1.0532619231713172	2.0041433372018536	0.5338627708384944	-0.9698894273274449	0.587370221706682	-0.30501910152668793
0.23891785466727525	-0.11137378133758717	0.8562572629594782	0.44422701311480034	0.08236997845589174	0.16811384654145164	0.9535414914800271	1.9575464426591846	0.5179680985290529	-1.0204527662243057	0.20093811545351778	-0.34353782308429476
0.22381940425256877	-0.12222866927272633	0.8620338761639357	0.4380212586549014	-0.0033925559091817557	0.17755909906438516	1.0162396821959239	2.0394085982595347	0.538012655863015	-1.009003758617449	0.4041652315667646	-0.3880952201438079
0.21935490187526194	-0.12730022615034012	0.8665063040983071	0.42993593057949775	-0.08609150335813638	0.13213826072732532	1.0377328606491427	2.0510856362978194	0.5298140967377569	-0.9899507089713198	0.39004449140712216	-0.3864320001220696
0.2177231926860774	-0.09277700749370323	0.8595672443483239	0.45291631753616846	0.002784352570423363	0.19396269714978157	0.9675056181365908	1.985833714632674	0.5149529306080012	-1.0356115601709321	0.40624402299986245	-0.4103945662321024
0.19034375289276684	-0.1047838128399332	0.8811547527565593	0.4199475086197679	0.01098372836396948	0.06519924041071766	1.0560406588380078	1.942543029186518	0.4654602632118295	-0.9706122593627766	0.41529556772500137	-0.2902357175151088
0.23024999483569653	-0.11126397170741086	0.8513536175044644	0.4580417955166498	-0.0243341973138671	0.12183158055764563	0.964621235208841	1.9912592030979788	0.5366725113776442	-0.9987008068776962	0.4617508173716683	-0.3566116672564113
0.20567664177921616	-0.10904063577780884	0.8746904802889289	0.4251162458287356	-0.017130416323842507	0.13708970218085506	1.0675586198915257	2.001256577870724	0.4814965888616515	-0.9938788953628771	0.46295343379817977	-0.35062363281091735
0.17964268725296106	-0.10288200240680472	0.8763790995485699	0.4348602906356695	-0.01519348113362616	0.1509170032235788	1.0738613897559937	2.009022710439205	0.495876133118006	-0.9676545652782204	0.35770152682340456	-0.2585067975359519
0.21223222507747863	-0.11856663835296932	0.8710343687724517	0.42684723652088385	-0.11670748692115696	0.10322212918928532	1.0406472507292859	1.9870438987736725	0.48112459569616456	-0.9472658837255751	0.44312936139058284	-0.35219225575725766
0.2276661677382384	-0.11541416099776938	0.8769314408897685	0.40723326913153823	0.0004131767477630749	0.09910627658797005	0.950745492804206	2.0346646885314796	0.45853398494921016	-0.9422764840388843	0.5092972392756449	-0.3117312903258371
0.2012936621609603	-0.0969712846526376	0.870800054419141	0.43793229699380154	0.03582518268887507	0.08961569903899604	0.994169290354619	1.9829072367475138	0.48456236087726573	-0.981411620793293	0.39390012438749933	-0.2772251199688612
0.6199363751926888	-0.6611036516902169	-0.2409459444042947	0.34722601329671793	-0.3326284879037621	0.35821531829521747	1.9741826532485782	1.215969574423901	1.9596863709109702	0.15031354031473235	0.5406663815987408	-0.08933594070091495
0.23641467190411758	-0.13965948238248635	0.86314119022935	0.4237813323148927	-0.031538000736914255	0.13104578940333608	0.9898939091039098	2.0295724852923294	0.5442422850083612	-0.9918660936436643	0.4462229516285004	-0.34865570747650776
0.22057637283276652	-0.09280330548548286	0.8664438422108452	0.4381879488687662	0.08706646334497437	0.11914849411583872	1.0109472738673382	1.9696377536520404	0.48711645665725595	-1.0549382842466295	0.224260318708012	-0.2616676501506584
0.21879825551055415	-0.09987647096232692	0.8722011071481995	0.42593103035949914	0.08651060028946571	0.12215949446611536	0.9557283740771723	1.9754003580235873	0.461555667866703	-0.9728923686706318	0.35238887797972646	-0.3255991684872702
0.21217838408270306	-0.08974655439221013	0.8674294848587418	0.44101244665029204	0.06460690271343601	0.05781255544731669	0.9982632368855184	2.030645136335323	0.4842151215276501	-1.0194473039356065	0.375914599275899	-0.2584401405124656
0.23196533642174122	-0.15539091300649768	0.8607499827290455	0.4256233241796121	0.03387795513940899	0.10683325465618015	1.0160626119907548	2.0512969958991394	0.587906449875734	-0.9937868418462703	0.32123912959792184	-0.3370247608941406
0.22658289440498	-0.12430999896010464	0.8706663263027585	0.41850611030671814	-0.04576198039019261	0.06619339752128418	0.9989295892461919	2.0281405120780116	0.4853197386826628	-0.9480716216092385	0.5276835552011329	-0.37571520243024953
0.2224098136818082	-0.09726638023736534	0.8721893349758667	0.42468681402640573	0.05531565635878327	0.12633327180392334	1.0142794732504075	1.943944008415638	0.4464581002911825	-1.0028597335854097	0.2645160532658644	-0.3051171113109635
0.19678228909780923	-0.06234319032317206	0.8816164508032589	0.42443196273468864	-0.010282154223204028	0.12723602443680151	1.0097245642253148	1.9468530543378493	0.40175121861842106	-1.0166844204961696	0.4770131109816635	-0.37558532887401735
0.20796674032394596	-0.09392497401842022	0.8850173814600817	0.40579818714258903	0.01606461883344093	0.13524920428588486	1.0487605532673117	1.981027401000826	0.41045777713664977	-0.9741335622503967	0.25989073237198373	-0.3797525317615104
0.24077344780301208	-0.09829981166361816	0.8913553609866294	0.3712827955889459	0.07971073478907459	0.17613564738713572	0.9756030361301901	1.9634347482749523	0.32886809331378214	-0.9023644045455104	0.16807084591932964	-0.4484277598353936
0.24693685632618229	-0.08637156547467971	0.8562372285973506	0.44544354303224976	-0.05125821483553026	0.09924117302572626	0.9429363389997154	1.9841572317143974	0.47932731491978386	-1.0593685061026705	0.5006579971472424	-0.38162517929412054
0.20632640447205175	-0.12246025821213614	0.8786313242933104	0.41284367010629597	-0.026446747803144228	0.16723861201363333	0.994090887190776	2.0332160745596743	0.5008038347746038	-0.9595423115922895	0.4322174816782609	-0.35170975328147386
0.22085378101354827	-0.13411659979735355	0.8678440661442687	0.4243618997141454	-0.00974989694811136	0.037806202166323626	0.9696318143497331	2.0426807533522027	0.5377253381277785	-0.9587363980195764	0.3744521225104931	-0.33727837302422103
0.21177673123544538	-0.09987523214264234	0.8663946558497463	0.4410621888426652	0.09483022468026787	0.12385171439574227	1.0466940492018426	2.002663570257337	0.502179186566254	-1.035532699093811	0.25597090352209756	-0.3973486901853007
0.2002164567444042	-0.10022640056630565	0.8782470690110175	0.42255191971140743	0.050733772257326344	0.22935025959680586	1.0231459441586894	1.983286892432055	0.48423382596899095	-1.0208210338292178	0.33043353450285334	-0.38327076111175096
0.25721216672561303	-0.12638078057008045	0.8565617263159143	0.42915243049703583	0.022643924646844036	0.1333636977350603	0.941897255121461	1.9820881122417595	0.5059133423741978	-0.9905934738779052	0.4871118731046134	-0.2715918206269848
-0.530195049922672	-0.4269659779789456	0.5643940764584269	0.4669610145875319	0.01497710068454076	0.2884224613097592	1.228738711310949	1.6582276554848518	2.361356507631989	0.057268912975146226	0.40890521226757265	-0.33825488724354713
0.22440263629865387	-0.06825337571355376	0.873591308362951	0.4264072694955211	-0.04641679581430467	0.17830947782915138	0.9830258139063801	1.9426637138526195	0.411106174139299	-1.0486195718825222	0.42139778251870874	-0.391890833183737
0.22242285879691004	-0.0835193483071187	0.8741625828882548	0.4235473633740377	-0.019809629528477757	0.16824229291304107	0.9587616038203384	1.9991198162536978	0.4340392790171702	-1.0050970602542404	0.41191605738144155	-0.37576693085712737
0.22535697325433243	-0.10903040720572432	0.8546732103396335	0.4548189842541144	0.027870343370895546	0.13415304198912004	0.9704229545272658	2.061611413220874	0.559943390035836	-1.0388349630360938	0.4378350566398426	-0.39323494236950873
0.24611722069135478	-0.10351239066027744	0.8565277530415184	0.44166922796206315	-0.049623178987607784	0.05056225549118045	0.9240592549237252	2.007628418313113	0.5078835247591278	-1.0293422858670198	0.43032630650970655	-0.2553138287330841
0.2270609583792771	-0.10683407724596115	0.8437771455177554	0.47441535580206157	-0.05144221126623042	0.13543374828764196	1.000757854568125	1.9876509768091581	0.5625482720282367	-1.0319007358639807	0.4523622314994083	-0.3589420529714397
0.22564244465028443	-0.10536829414807523	0.8665751182789468	0.4324703159066497	-0.13126025717499287	0.14100834734680995	0.9655169610681305	2.023250672656553	0.5102959263804832	-1.0333307784570667	0.5340519180943797	-0.2973671834894273
0.6892833896667538	-0.44830097788533557	-0.2823236955140398	0.4941740309929869	-0.31480325952636007	0.13948171589971167	1.7576179091945432	1.5688813755466149	1.9611828779390916	0.0921186049420329	0.407442775889747	-0.5699666588022798
0.1800045756379315	-0.11481878224310593	0.875347179846812	0.43379985561068496	-0.013523636930837515	0.11295229677305042	1.0457888564237068	2.008570355055383	0.531368497860372	-0.9745441075740767	0.4157529838327283	-0.2624073737848362
0.2145990019131834	-0.09150664774304076	0.8680496063331988	0.4382507076337415	-0.0323026487330078	0.07259439997575884	0.9765430535352719	1.9329243586194067	0.4804678220414866	-1.0262610696582182	0.5839321229183155	-0.2855981857687655
0.2099206763384166	-0.15058071272241033	0.8627865157335387	0.4345781711844403	-0.06280809647078149	0.10979536380521676	1.0667486057411737	2.097271264306362	0.5990728017861623	-0.9779504599005862	0.3887098302268344	-0.27261209700667877
0.21976326037555285	-0.1047315485793852	0.8729083859302674	0.42280771267076744	0.036213077414059235	0.14467979645622325	1.0034598145069165	2.0341293880166704	0.4641563601376995	-0.9759804432481022	0.3402589192512377	-0.3766763443990148
0.36643234726171797	-0.29895376673100077	-0.8596362773478485	-0.19333766033845307	-0.3399332779501787	-0.632654893706491	2.022559480714314	1.2836019019181537	0.5464346186726866	-0.5810633416171379	-0.5651671705284961	-0.4044724485546773
0.2337548711653909	-0.12033773264696801	0.8756607518003967	0.40508732152981836	0.006552979893491078	0.04036394113733795	1.014994610174681	1.9710321212404935	0.46767392493370175	-1.0111254458633103	0.4935726322347948	-0.2602232331512973
0.22014939016135873	-0.10935065671908736	0.8660841240151046	0.4352872270302393	-0.015190018585127524	0.1516592790567127	1.0136920074519111	1.9911096849245271	0.5158672754143954	-1.0388978928381682	0.3150363417807703	-0.34824917827433294
0.24029545213487988	-0.09713745992667118	0.876270515156191	0.40616793796432504	0.14772790359078014	0.09588333220065082	0.9160733002163772	1.977235462355761	0.42841769660297413	-0.9933684453295418	0.2735863030871143	-0.419793274552499
0.21640957528855326	-0.1187557978716315	0.857745731257143	0.4509281724459552	-0.019660654854470067	0.05365602108101877	1.0038662636822284	1.9598824283129435	0.5445098139699288	-1.001378637249662	0.3798858266640339	-0.24407189968780915
0.2188776204900363	-0.1321454741300071	0.8621134405583569	0.4374820870895263	-0.07020422001086156	0.12228724825881754	1.0316366068533251	2.0289741632872538	0.5647044332134828	-1.0160911905830983	0.5873328748419119	-0.2886084020899839
0.2303270407975469	-0.11131216155651356	0.873672168145454	0.41383088281939917	-0.06767570990967565	0.1336421707472186	0.9482076694289246	2.0164330542108457	0.4522332803661055	-0.9401134409721246	0.4787891969642623	-0.38456140995000027
0.23088043566980582	-0.07763251402055038	0.8688752166628005	0.43095623334735655	0.004519269747082448	0.12497329949325768	0.9543515917417492	2.015124229471258	0.44474080381943043	-1.044946513629741	0.3598208311355233	-0.40175457208489845
0.23643276296282714	-0.13437869308036335	0.8457167604507521	0.45913513973171577	0.006166303557988999	0.14604811350278368	0.9621415814624286	2.054932051738044	0.6199008378975251	-1.0358676482274627	0.19469316198718886	-0.39667870185092274
0.20034567393577848	-0.09734907396091512	0.8771599426936071	0.4254118048055543	-0.03642464797970814	0.09649935219725725	1.0396265210730504	2.017026013131676	0.47694485521209823	-1.0114575535461983	0.3733482057155153	-0.41354870169736474
0.20054756248595654	-0.08167778629383071	0.874233727308247	0.4345397616373099	0.10775568721782285	0.09710708146675391	1.0268723306552068	1.9863173561522551	0.45196446297983595	-1.0098530771912195	0.2835306152944095	-0.33012697210505093
0.21490975688191843	-0.12219829625299071	0.8619016189038688	0.44272674656125205	0.06341883408471381	0.12200889963117895	1.0363492966867913	2.0336367078282325	0.5401396273959237	-0.9933031089807711	0.33558259440003263	-0.27300000590525336
0.19456671949602408	-0.13571484118372618	0.862252343572016	0.4474887367874163	-0.016634255508004986	0.1280500457272877	1.0819365423935987	2.0864317507915997	0.5977620733791617	-0.9894569456773167	0.3888867372609121	-0.342170891068178
0.2026231535576057	-0.12787504036032074	0.8596299312369257	0.4512518288237906	0.09127723653429903	0.13765609949114446	1.0405481436552064	2.039323306726845	0.5661786788570267	-0.9678957668772666	0.3049187921573773	-0.4052343578785515
0.19274842264535164	-0.10955524012941811	0.8736686599337093	0.4330690101791524	0.0047887783372165425	0.218892840608657	1.0412814064055924	1.98954063397256	0.5314347325768096	-1.032257231197845	0.16719611447327742	-0.3086922650148776
0.19262737763173945	-0.11387547871909523	0.8779240878940591	0.4232922921913422	0.06665313018690273	0.08795092241038427	1.0950283104427667	2.004050312489314	0.49374672510159023	-0.9832269429999239	0.41585521305456136	-0.2515093787202371
0.2344755065877564	-0.11771894154209661	0.8606975137660303	0.43630640312697383	0.05279930211700257	0.07762986054966037	0.9490468472934122	1.9870854454004105	0.5230778845804205	-1.0057667651167852	0.4809861167336114	-0.31069877478751406
0.18208125615404525	-0.10496893302516463	0.8816612642044167	0.4224942064199146	-0.03847132231443607	0.1508828699073159	0.9900659729407341	2.025932410554423	0.5142167629789003	-0.9964100984999108	0.40802603944524485	-0.4248057635861035
0.22483275133522876	-0.13843979303988754	0.8628630612771839	0.4309895533693029	-0.05804438763434019	0.09043009688359338	1.0256071706556271	2.0477241538473594	0.5510888776693208	-0.9805755304831378	0.5000767138942918	-0.3555451524631485
0.1797971341892941	-0.12285714948410727	0.8753370882278475	0.431699077287351	-0.04712601128915079	0.15662341596124038	1.0888305220198136	1.972869663170159	0.5498975492958634	-1.0070282908924055	0.3874454535111074	-0.3443774346361393
0.40727468442837944	0.8991389624358403	0.15985068401867114	0.011145244381675617	0.08862633219404244	0.7198278915380074	0.39378570074978697	-0.4982685335017391	1.811058450704389	-0.16735630526456022	-0.2815626358063779	-1.0447191735512045
0.20463247722980155	-0.13768719385400552	0.8745601718713862	0.4175072354914288	-0.10589956238574809	0.14826759323019992	1.0073184889473583	1.9984845241398719	0.5410147758966408	-0.9679217333339455	0.5039133673114601	-0.2462758792057086
0.2121479403792088	-0.11723291059406535	0.8776836743744612	0.4134260076519718	-0.07076254245363929	0.15810783556593905	1.0138346831090592	2.006433814797975	0.46595345124224713	-0.9404889722964599	0.42353083234663874	-0.3749788102380969
0.21828118326431536	-0.10325983246860881	0.8801593941019221	0.4086687815400418	0.03444439786370244	0.1532255783938772	0.9829296751946385	2.001807988676844	0.4500565843945087	-0.9885027775596588	0.3177566053363165	-0.40251702957012503
0.20775328331757503	-0.11209619350818545	0.8591120758602202	0.45409190455554915	-0.07125326546359549	0.10247922099556521	1.0154007059217747	2.0054862059655454	0.5424242264753987	-0.9957206005753935	0.4409818775423196	-0.3535729285850063
0.015323797364783115	-0.36822534822485603	-0.7454675295278933	0.5553858447769319	-0.27835582885936266	-1.3209826939545783	1.4905049160224848	0.9477734727791953	0.43003725173211854	1.164474815993057	-1.7396821567994707	-0.6103576981810824
0.20623801499784786	-0.12450287978906606	0.8763376494835424	0.41712976181475797	-0.10080463966680242	0.0932893922297753	0.9984583636648677	1.9957133916646128	0.5072213450071241	-0.9635974330556545	0.5760581583117346	-0.2989069864741793
0.22218196990757288	-0.12161913502780528	0.8506118535646428	0.4607639664930425	-0.023428737792086873	0.09618837408215969	1.022955297446696	1.977574696163689	0.5690975645266592	-1.0218950863685794	0.5507224732359909	-0.3523423536137085
0.1876749000233327	-0.08716381037362582	0.878441027084355	0.4307226067869742	0.04900707989605049	0.22135173286665163	1.009735812056887	1.9885055491626316	0.4667975895206125	-0.989570768347047	0.34321210082728276	-0.4254112208643672
0.24758940406746222	-0.11466287771370917	0.863801683887086	0.4235546746073816	0.19330404530862066	0.09366254950594988	0.9388338249889333	2.0018654984179145	0.4690550065438764	-0.9634556702025274	0.3539683922721923	-0.2931826739622257
0.19470978011424878	-0.10642019638613524	0.8828154969138094	0.41400439821072044	0.013484783038335143	-0.03487352819526914	1.0174227230494428	2.018036572818242	0.4861918246694035	-0.9965111128491987	0.5324548575842837	-0.29584830806967854
0.20102732356898564	-0.09224874857810593	0.8598957111746712	0.4600625495167698	-0.05992294967956743	0.17296851963811966	1.0723105985310029	1.998847401157256	0.5502453256205174	-1.0962121442545258	0.41579986981971667	-0.36067576518562144
0.21979606739360724	-0.07793519051301258	0.8520348922319949	0.46867081972021507	0.024235392016124967	0.1192533954402411	0.9632072289972328	1.9581183687737918	0.5128618241472364	-1.0584806672295335	0.3876473396440607	-0.35113501745674675
0.2479519161497888	-0.12536229965868667	0.8732205280968864	0.4003623988490034	0.09956486604153902	0.11154101399739619	0.933425809494819	2.0740523842116207	0.47917467480454484	-0.9737725252292542	0.25621430724447813	-0.33987417205753157
-0.08924648840115082	0.7064069728763084	0.6652763707489676	-0.22456981877108087	0.11633706001662247	0.48142861285244604	1.643930496015589	-0.09594812487531637	0.4608181379667369	0.4100193450500381	-0.21505753932687977	-0.5304978625625735
0.20544865254537295	-0.10218264380917179	0.865435720407759	0.4453881142484178	0.027712325963307596	0.1406629137767963	1.02996722154507	1.9286259719081027	0.5046813821556471	-1.0132793359507397	0.33069677203478753	-0.3340719845447296
0.2240676013182778	-0.11110947155439968	0.8696865779365305	0.4255509975636556	-0.0028282935416478415	0.12977920985563252	0.9668713818779412	1.998247738326924	0.5039607834638887	-1.017288721548741	0.42058225100672164	-0.3348771831271904
0.1885355762616277	-0.11154629935027546	0.8672861971993049	0.44701947578659607	-0.06049208934466882	0.08348781628218209	0.9908017019142046	1.9681077907209863	0.540731514080348	-0.9758751715212663	0.4800198281014214	-0.37995277398372096
0.25004169408381677	-0.11104506080172956	0.8625017786595253	0.4257215375106014	-0.005400754367227594	0.12348200965825173	0.9506538324554011	1.9780608057415219	0.4691017407865436	-0.992785802154734	0.39848060614086656	-0.36328011755813444
0.20455108162555052	-0.10538552546865558	0.8649896043866985	0.4459212153850226	0.03987487823649032	0.17245794968115916	1.0125630050651822	1.9749985772201133	0.5218491538407384	-1.0099960993810861	0.2810649950303044	-0.4401866428670116
0.20758726890320817	-0.08769124742511872	0.8682058380476315	0.44208188573424206	-0.04102200069853842	0.18113178580899983	0.9791635422198381	1.9948775672109231	0.47724885743251366	-1.0013502966744097	0.3558634748087954	-0.3021071613269214
0.22055679400133218	-0.11531097089598012	0.8723302669867423	0.4208301152599695	0.05775433864413518	0.12922657196082224	0.9794163507583281	2.0130770312979784	0.4944423838422178	-0.9866311962928864	0.4234939052124404	-0.3392287140273615
0.2188332983936809	-0.10243902465481956	0.870617235785907	0.42853688580379884	0.011814790610485681	0.14801505060850936	0.985879859121266	2.0486983909959737	0.48217534199648193	-0.9933026862333324	0.29537992825320275	-0.2872208983208998
0.22713108496464277	-0.08364890507204704	0.8613890109698551	0.4465683628554608	-0.04517931555005386	0.10088434353419638	0.972671012193792	1.999509564252552	0.466904945766899	-1.0207929265715783	0.46256412733030805	-0.2071084636355437
0.22519190015584561	-0.10038846337644493	0.8534232582814545	0.45921618737734154	-0.10434880646045548	0.08948551876173667	1.0304415758076984	1.978916005043983	0.5311682681571205	-1.0598452908297513	0.466231273166173	-0.25827096137928646
0.20791927571360136	-0.1445034130538754	0.8658270894819008	0.43154581393151414	0.09124283458313642	0.15361465206962932	1.0678087990027565	2.009913613704227	0.528505861260727	-0.9018123546363868	0.30028254661968784	-0.3397651153332238
0.21998713911935178	-0.11774551543398729	0.8645449151301996	0.43623817111731944	-0.0052554403641295626	0.12736100827028138	1.0276090868484573	2.0219373651205164	0.5132853157282219	-0.9897000405432441	0.3371813555707375	-0.3823840983624908
0.21285318303377984	-0.10159475573614467	0.879175381018823	0.4140322179368521	0.08000619339724395	0.045406574936863786	1.0126443786339203	1.9841936011955947	0.44447957758915607	-0.977548121799953	0.3295496139045517	-0.31070155817754597
0.24614340548788016	-0.10344857899975424	0.8699673974080856	0.41457031114729226	0.06165924172581686	0.10690020794785414	0.95725143676952	1.9581711317051862	0.42581011599435054	-0.9732776686935928	0.44805442463635875	-0.3352927517867566
0.22635380671019867	-0.09438380162446783	0.866070930377107	0.4356337862637003	-0.026347575433385353	0.13292235245243292	1.0111967829866728	1.9370956105070096	0.4409176837152495	-0.9823016381662619	0.4649591447608326	-0.3636730983590448
0.21488894888088528	-0.12130656426918406	0.878022841632035	0.41010162970473657	-0.11119838370729174	0.10518308828284949	0.9958149477251731	2.044305081930778	0.4759809247937944	-0.9361682517964829	0.48522654717018776	-0.2428583993254615
0.19416019841623258	-0.11234471126458813	0.8730673776208565	0.4329362970877891	-0.008838244203480746	0.12396520352346879	1.0851770524185063	1.973790145092645	0.5155426871529014	-1.0141372131294417	0.4693700743901095	-0.28629715091772623
0.23893394677361984	-0.08398090523145134	0.8711037318513051	0.4207565388563991	-0.04517817928775041	0.19564551203380728	0.9800126335494896	1.9579913289014994	0.43564245049254013	-1.0676344276986292	0.44985967509095587	-0.3912809392754419
0.23289201847106789	-0.09496223013204154	0.8694542916663288	0.4251972686692887	-0.006543750651989447	0.14793186111484966	0.9939545558793739	1.935931068238512	0.44618111135908756	-1.0244135261269112	0.2650022378387915	-0.33895504031262996
0.21402511412248937	-0.11026269182623846	0.879802171705047	0.4098579363379098	-0.0546366122328783	0.13587956527654008	0.9640684656496696	2.0422083628651326	0.48559888510847804	-0.9964097056846809	0.3070789480835648	-0.36237589427918265
0.1935772533498109	-0.11432814728274042	0.8652876482643362	0.44803371244317514	0.015692473841930708	0.07990942903516238	1.0197196492572729	2.0090906689054404	0.5512809329317802	-0.9925938263785643	0.4993839799441065	-0.3960071133202436
0.21579371450004023	-0.0867113801424126	0.8753040121907856	0.42397770646436866	0.0925938291939671	0.14218991020090108	0.9943296142481189	1.9615616806514613	0.4498222821040723	-1.0335722891778334	0.2780406345579497	-0.3290829632169569
0.22023299076335567	-0.11747859858872106	0.8610685068994851	0.44300929457399574	0.08581675727029663	0.1172288515279134	1.0543711514451442	2.0184621539630063	0.5165364507381609	-0.9928786657279054	0.31460091162723186	-0.3791858246646993
0.20028938687203549	-0.10024336535141976	0.8726592783234949	0.43393687693645383	-0.13715907462267926	0.17238989803553698	1.0320551385494683	1.951776243418893	0.48340268584451157	-0.9976172430651714	0.4534690666376728	-0.427878712336286
0.2103327825696837	-0.08962636809693701	0.8634565857855871	0.44963313843815317	0.1635112648697726	0.2726238800440998	1.0198234736836749	1.9357707192275952	0.4833980943718229	-1.0194966493147148	0.047083949972207606	-0.40304568155610365
0.2114396534545944	-0.1357098365529769	0.8623219619840379	0.4396327411485235	0.015259692021822256	0.1309054388780492	1.0392675653896797	1.996697333163543	0.562123141173786	-0.9860549375469783	0.409053546196265	-0.4118199002371838
0.22306746107287956	-0.07693696055184092	0.8653958208003889	0.4420539393023945	-0.09656161288362815	0.11412151841515779	0.9610442422545294	1.9384473377660525	0.4475947470875921	-1.0238254566782845	0.5498593582241111	-0.32480242196755676
0.21003883767360942	-0.12792729145726944	0.8686850368923763	0.43000535048812705	-0.09431288836745196	0.12316147195610962	0.9889624217893392	1.9680352454542935	0.5520256372617737	-1.012758352211263	0.44688762217958306	-0.3666261108239375
0.2041305491350144	-0.11245021765934182	0.8689531777051711	0.43658451921052954	0.13782190716145334	0.04235144231244286	1.041948127814722	2.0350578449352366	0.49734838560638156	-0.9529041632996805	0.4397613142371273	-0.30613395382834585
0.21685458067729632	-0.126441427207104	0.8625610760236609	0.43928925146651265	0.010915928232923403	0.10480392082102748	1.0448046728335112	2.047353069066777	0.5502753734772866	-1.0069596557314222	0.33788674729057827	-0.2811290531797921
0.22327959271987205	-0.1338816406827835	0.8617751831356921	0.43539116147939694	0.035070573538026846	0.10981780490803487	1.0405486472955132	1.9976810184847145	0.5525129732014569	-1.0129338248961433	0.34516034068391765	-0.3133121819165988
0.2179260172149793	-0.09320127346075066	0.8575096827046282	0.4566168171606458	0.024620689376538562	0.1281530263686784	0.9514782220407638	1.9892702779933331	0.531438913100346	-1.0460923295583595	0.32039622866720935	-0.3507678604625162
0.23301207145405686	-0.08485832481913971	0.8628565970251924	0.4404349353033698	0.061416527958745186	0.18950298435749333	0.9376287576430965	1.981867593070478	0.48079648668603353	-1.0561361921828245	0.33540237563474956	-0.3204375956033971
0.23172080863191125	-0.13709197687936112	0.8712182011867778	0.4104754592459299	-0.010039143943809482	0.07667004043899946	0.9867387919416917	2.0243728561612135	0.499622918981104	-0.9413552163176754	0.43929823837663456	-0.24558719646396923
0.2207599532613514	-0.11974216768779684	0.8557222841864357	0.45240051797077147	0.07154799247623223	0.10659658403151763	1.002360222718204	2.00612605007913	0.5598195785080275	-1.0170483547275242	0.3691909999015395	-0.34956252737043547
0.2096246836980134	-0.11909584637488867	0.8533178899492738	0.4623010383432809	0.07746600574838759	0.07988124831192667	1.0138755461183384	1.9691754505136074	0.5904061030989725	-1.0422144314468373	0.3207958810311154	-0.30826925607459404
0.21639020820143148	-0.0998232576375703	0.8653090733695552	0.4409657612258419	-0.02978011957623986	0.13253606542787677	1.0176932007492485	1.9848925800757926	0.48441720139025346	-1.0006468498237648	0.37676128423837046	-0.3343043121168228
0.20676198884886685	-0.108349444487089	0.8778842865011537	0.4181256478152957	0.07466597478313423	0.14544863904009267	1.0477523746792798	1.9594254708019372	0.4519592191141729	-0.9592824602604059	0.36288901122723133	-0.29213209219373054
0.6420019510109465	-0.495953487239441	-0.0085505496072359	0.5846285329117886	0.04694078449416902	-0.05019250585173755	1.5123150288000358	1.7737255241178331	2.1094446278991175	-0.1251853525551898	0.32774528936255537	0.0849984279320683
0.236225281605132	-0.10653444056985416	0.849235949481318	0.4600503574736233	0.0005618981467796028	0.14450806295624943	0.9421786693377342	2.0304076869285055	0.5410643303823797	-1.0123877684421807	0.4038692114686624	-0.30121604413609
0.2359312941253313	-0.107240568287792	0.8611708889927062	0.4372877598529028	0.042346465757185904	0.14951055405681304	0.9524886812362405	1.9778076749871008	0.5047931861641675	-1.0229736711842947	0.3153049494751488	-0.35664297440602005
0.25942409629624363	-0.10340398420052459	0.8675630491283689	0.41151076547208654	0.04234788222363128	0.19072920221731673	0.911132652562594	1.993921350783351	0.44421129460907843	-1.0098682542973758	0.2490574940378623	-0.4476059536020815
0.23761734216879504	-0.09213011343940604	0.8715741040594641	0.41881812524199846	-0.024044724742617585	0.15035986925024278	1.007069493127297	1.96230833250059	0.41902648673919346	-1.0117091316711235	0.2886420561374719	-0.4033267489666407
0.21259378564816786	-0.12127027179984382	0.8784998765557946	0.4102869366343832	-0.02364292741651429	0.20107526970254574	1.0033812866206508	2.050308016829602	0.4848094608963094	-0.9519588180196683	0.4363529271834206	-0.3807422078593819
0.20516134679886874	-0.11960595244663634	0.8630644169075166	0.44578363606922095	0.13135206842128486	0.07151530713635605	1.0523988445594699	1.9944588555316058	0.5505978091352516	-1.0152095181652347	0.2900081523174302	-0.2898582887417069
0.23277390975802575	-0.10880667907731754	0.864163703959285	0.4326644268754914	0.030203621650126865	0.21888691184690512	1.0293254592348722	2.0295609226313833	0.4833952980627834	-1.0088719379719424	0.3152975660664202	-0.4215990884159823
0.24091259588710262	-0.12279630901994282	0.8657178529280062	0.4212063470031515	0.09407954765554553	0.10908508895156623	0.9763998438935959	2.0692022346073893	0.48881995749662827	-0.9599019362827361	0.41701074743044214	-0.3536925178604884
0.2229546082153856	-0.10466511243113014	0.8590574197130375	0.4487279872609697	0.021085817867588137	0.18402423633455314	0.9444217261944531	2.0119043664302803	0.5230183141310439	-1.001251883982571	0.33655074741197694	-0.3457933316451946
0.23245740791149144	-0.11925792084508104	0.8591352422837437	0.44003151851751715	-0.13734507217535954	0.13295146779112102	0.9523319962678487	2.040972166576881	0.5407092011670943	-1.005648100562338	0.423686516690757	-0.37336060342866134
0.21243229041863154	-0.1151381889404793	0.8511050785293971	0.46608568389993443	-0.06476209495312969	0.09353006068783537	1.0163376164049525	1.9762042212006998	0.5711947959569756	-1.018081354449749	0.5886529037256288	-0.3809525038095185
0.18232781158285855	-0.10581611297064848	0.878156924365147	0.429418136026803	-0.02432652628144565	0.11064134549640792	1.0919331767178935	2.005142203001152	0.4959341288257303	-0.9837065238941214	0.4272137507216887	-0.2930509104821421
0.23361307254378536	-0.08600295318196444	0.8603952673212105	0.44468911427186497	0.14407470072799142	0.12283308432783129	0.9527892538911178	1.9729136043005517	0.48872761985053237	-1.0645787015704196	0.28498558434613436	-0.3552143443023994
0.19972700699768353	-0.12368401108473179	0.865722660450859	0.4419679437013796	-0.02340711543236881	0.11444240747272065	1.020803009099251	2.0164250058387516	0.5508433170759202	-0.9759982484384134	0.5009977363551962	-0.30026902243089837
0.21631951833144802	-0.1415448132084137	0.8787288201881345	0.4012562677559255	-0.05626053722810053	0.11856366902500837	0.9841585855314445	2.03690314283252	0.49233092671972606	-0.8902166505319156	0.4290908649678206	-0.37419525647114993
0.19639782490220836	-0.09706373715502722	0.8790351441461526	0.4234427241778209	-0.014410139877956247	0.1606221567234901	1.0561105275353886	1.9161515111730094	0.4545229743154909	-0.9941619681790588	0.4640293059308649	-0.35517176244225784
0.20834224199548018	-0.10704177887018661	0.85505667574444	0.4626160925016234	-0.06589779861814422	0.17408535678987905	1.0245128570702797	1.9656483643556688	0.5462318115440103	-1.0161816085209983	0.4178996992257455	-0.3586147089496787
0.21843640447434814	-0.09460366700476958	0.87253866862282	0.4266285915729118	-0.045696576333561396	0.14654276202917002	0.9807506969253189	1.9520020479091367	0.45426116833198665	-0.9983520739718176	0.47692152789920045	-0.3207485770363811
0.23272013058850322	-0.11288183857562624	0.8676563542477519	0.4245838930908186	0.055184325443723654	0.1884367441775431	0.9591200390013013	2.034025879516245	0.48384854543446554	-0.9736973809026488	0.30268185314462687	-0.3235588548167236
0.22695091202703555	-0.08441673434891023	0.8710300947253281	0.4274034073036249	-0.04675641481349965	0.06552503478942244	1.0105803704338274	1.9542312263498056	0.441666291596516	-1.0507332009703163	0.43042649309974174	-0.306017561186865
0.18928857387951373	-0.08738793461010937	0.8776763463531325	0.4315291597742326	-0.05040632971187003	0.14581278329545058	1.0136378767675662	1.9711892861068951	0.4586971682671342	-0.9783801461603335	0.45827878351719487	-0.36447476624546327
0.23070017359232586	-0.10775340756441112	0.8560606419252144	0.449807525958958	-0.040888510328433325	0.186206081979145	0.9337559729336614	2.0320766007060014	0.5465642926613294	-1.032323025564755	0.2993302449624878	-0.4252543178561526
0.21707767251360666	-0.05335665696277163	0.8663938175176026	0.4465334301271377	-0.06264677076553847	0.1505059470137259	1.0176487762435409	1.8828464362567208	0.38382877959173395	-1.0144667508208036	0.32953638001236973	-0.357771038156704
0.20410621364254736	-0.12070372387371368	0.8616281317967937	0.44874071254109354	0.07786254471967953	0.17609936712039978	1.0126959160966174	1.9664498342933736	0.5610113873547212	-1.0088741496959934	0.3379225845250435	-0.36763507328879624
0.21176312793659693	-0.1242432214797269	0.8692894519258172	0.4290173054007968	-0.06883627047339137	0.18395671163251512	1.0050452757003743	2.0010335783153854	0.5320676166714059	-0.9946858430950645	0.3545623593662364	-0.3840998001097953
0.22866430478621833	-0.09513019102423177	0.8615117035640588	0.4432386119174206	0.01860498606999925	0.21652804998007857	0.9458542757918923	1.9532740799940942	0.48229720303016616	-1.0061678903107258	0.29164299739491334	-0.33667341371738607
0.23857563845266108	-0.1028863481179121	0.861764476903942	0.4357270366345659	-0.02346566965858936	0.11653113153104404	0.968048658734575	1.9990547237052922	0.479527219322089	-1.006402800496909	0.3214915352964111	-0.2814851765028088
0.24960874896778312	-0.11730602539244103	0.8450638809800376	0.4580412709661901	-0.010548471481681858	0.14753191699219712	0.9243837275111135	2.041106252636285	0.5884406249145715	-1.0666508742232805	0.409334593111727	-0.3240145639660221
0.19419743756410623	-0.13042829007246418	0.8696824948144195	0.4346586874844161	0.1418109340308239	0.16238368560890395	1.0206691077702152	2.0178234871922487	0.5805398627016457	-1.0120939188098859	0.36635600083980435	-0.3749214807420766
0.23144750932202257	-0.10659054248639217	0.8839219848063394	0.39211277900255964	0.18585980653699297	0.1537036810243825	0.9726387714335487	2.024696462491387	0.42828586052968354	-0.9891863654676959	0.2788748314876563	-0.3390079275876343
0.21877929808346439	-0.1139870838773239	0.8682132808564816	0.4305209197979523	0.10585882831363796	0.0884252221838872	0.993599095485052	2.0369782253129487	0.5194370102125635	-1.013125717331429	0.3538538003285647	-0.30024178289994796
0.2245097308100785	-0.11895976731923642	0.8577913846716735	0.4468085662943273	-0.020012069752294845	0.11554176347443874	1.019922801645918	1.9748591388352321	0.5203322187761924	-0.9856353204824052	0.4417104771661169	-0.29941991759643155
0.1886635070860829	-0.11711118883047042	0.8715817613266521	0.4370769770502953	0.04848078693798147	0.17738939385628394	1.0374615353849965	1.982806328257811	0.5246004640451163	-0.9626554221514121	0.27895367496098994	-0.41154930252158534
0.2045758087095728	-0.10655017205987304	0.876207774451846	0.4231497788194845	0.07868524764742564	0.09485978368794905	1.0360953118948677	2.013880822768073	0.47831345029683475	-0.9842440496931407	0.2940234635541918	-0.35040937363403724
0.20030799370574823	-0.0767368508013478	0.8617595581400456	0.45973756355223244	0.01681038200852918	0.057966803610033674	1.0430520622603794	1.9572528125520217	0.5222911581113795	-1.1067784902492568	0.3843143058631026	-0.2867303404722017
0.19093624208779258	-0.1045657119531258	0.8702486078055048	0.44190126041199324	0.00037306764185805866	0.07858910591298073	1.0817015492241093	1.9964986854081694	0.5263795563057007	-1.031569355659963	0.4561992974112377	-0.24378246566191866
0.2685685563233436	-0.11612641670816856	0.8591252415204023	0.41986831897563587	0.07917804336062852	0.12499050435587589	0.9159045035615923	2.049388500669413	0.4794237336023063	-1.0000279115414283	0.4099185220990498	-0.3948861199802293
0.22619707559633234	-0.11091226155830332	0.8811066535012514	0.40023045659159334	-0.03546606125184459	0.0872158583813213	0.9653905162233705	1.9695705774627983	0.44272441592772943	-0.9744546089665008	0.4683866762645234	-0.37293956177366244
0.20431185582472497	-0.14036210691776435	0.8670673348827561	0.4321450928685608	-0.07550486650659172	0.14190331137387613	1.0279681388192932	2.009309315950242	0.5647368202517116	-0.966481039985887	0.45369557418554285	-0.29750156133436095
0.21985556445260684	-0.10254892893108704	0.8718001673020441	0.42557222212738494	0.02245857560100381	0.1369554522110998	1.048498188356668	1.970580799158869	0.466345633639592	-1.022147098689518	0.3798434444511131	-0.3954049982017447
0.21221396788298663	-0.09263181168446659	0.878135126046209	0.4186445744342339	0.08157574922610984	0.09086357656739459	0.9692221798708204	1.9967440102701088	0.4676178190886311	-1.03035397627915	0.3435773092169023	-0.3436521145768318
0.22793389777594592	-0.10312844876417099	0.8563729562152413	0.451703465963378	-0.04197985747752086	0.18725268053393554	0.9659886890820664	2.034200979035033	0.5440812611566798	-1.054528223930415	0.44520561891093563	-0.3568002871348039
0.20894700713096379	-0.13417090409725105	0.8643907744423689	0.43722752173629376	-0.011624203194136333	0.120020646133613	1.0552711816736358	2.0469134706748755	0.5397318329630929	-0.9432131344372932	0.27955447165534364	-0.27793439121137126
0.2334281808941856	-0.11644163131535856	0.8579706576803731	0.4425369831105168	-0.03278939239442501	0.1493661114317611	0.9863560203972528	2.068291040139512	0.505980994605589	-0.9570385565184107	0.44763830988130066	-0.3370882094617121
0.2313131416665511	-0.09681946072579309	0.8615213779369765	0.44147608981086367	-0.07921785220960781	0.13632904876024685	0.9723206314608621	1.9930206681239537	0.48171708367136856	-1.0124147823251748	0.4401436968775256	-0.35390404625021543
0.9502642604177671	0.1878973854085487	0.19408235207782423	0.1549982210905822	-0.7792665684274839	0.20902416560382678	-0.5816055799486441	1.3448468220237442	1.8656306077601397	-0.40065093246902334	0.3764463267919356	-0.5303766262870891
0.20274019609523883	-0.12363135766372302	0.8685246487827738	0.4350593462347959	0.008411804449577958	0.05778907699265052	1.1023017558501522	2.01764589370219	0.5191462970660434	-0.9767125612122433	0.39300279996918475	-0.3125204081633026
0.20765140598655546	-0.1089103831541243	0.8538114380208324	0.46478538094245914	-0.08013408973812068	0.06894997218342616	0.9851826310212618	2.033549528156445	0.5730173769139096	-1.016272693101249	6.053104080063803	-4.663507710900685
0.2515167591990853	-0.08207394724392206	0.861719722842521	0.432946077808773	0.023950978204651776	0.10241536572397524	0.9335318771054832	1.9634511507933055	0.4341814817154864	-1.034293865245249	0.37231932490381303	-0.3377717247244145
0.22002687386599443	-0.08789815874955567	0.8667299366697644	0.43890922221527967	-0.09312400302775485	0.16333228096992092	0.9790874270533347	1.9507286675458808	0.4690935839345109	-1.0264936738867525	0.4421955362209374	-0.29416369392930797
0.19020336403046692	-0.11806300069859245	0.8715674098475324	0.43618122182093216	-0.09991772090772966	0.1621231779243697	1.0688140650432383	2.0010057167721245	0.5453001065000221	-1.0140580810022595	0.5144434621137862	-0.27298319189370596
0.2188576801539845	-0.09637722875879977	0.8704181709271526	0.43033121352537324	-0.0852441537214309	0.11471845727966191	1.0221949259997172	1.995770263871569	0.46636221364758457	-1.016190632114573	0.4894542324823203	-0.3336677639199304
0.23934819743422978	-0.0978643610236624	0.8513484619553504	0.45644364772956864	0.15462792377399395	0.038029620059656044	0.9710124255273817	1.9617033498040457	0.5024289306541581	-1.025693595633816	0.27689559424380367	-0.34286956869002694
0.21817266799187202	-0.162870755942919	0.8621117294069068	0.4273607022398323	-0.0619510138929416	0.06659881080955905	1.0205473694712195	2.0628202009060823	0.5941143605925406	-0.9333460322839711	0.46896560811199345	-0.2971010057419147
0.2044767630978119	-0.1185713933031179	0.8725306311868022	0.42757499422201867	0.04052057504671027	0.08648602615133538	1.0234736131574316	2.001020542513047	0.49266344881874746	-0.9398976394123146	0.46279547367555923	-0.30663988410674997
0.22291873426179312	-0.08019843796263532	0.866684953120403	0.4390132577703757	-0.04352873094625818	0.16239656397258492	0.9646283826166588	1.9836719936822256	0.4616452078629799	-1.0388007424046508	0.45739501810024524	-0.34395813247321505
0.2250795632816273	-0.11194046072864429	0.8982357412861492	0.3605288844474636	0.038484405189821595	0.07265623917830438	0.9791000490273465	2.051018855734564	0.37783004247154756	-0.9157764559021084	0.3647018366238777	-0.3852069004652358
0.20443835836095067	-0.08758531705749616	0.8799027493404752	0.41988679613639945	-0.028034242836077316	0.17283004498543564	1.002042661533741	1.9901586420132058	0.4344914481167331	-0.9832590703920955	0.4045720573175433	-0.37863871074606575
0.18934707977959617	-0.07153194762981138	0.8737578885885755	0.44224203325380496	0.028953505099125986	0.06180856134402698	1.0588389153271154	1.9409674677494222	0.43143137504744866	-0.9917950074197661	0.4113735344489163	-0.38651630630476835
0.24415629967323335	-0.12452471296408744	0.8605153759704941	0.42941190587761424	-0.1168712755205672	0.08040953842223535	0.9385702435141369	2.0178493815035914	0.5295259190497321	-1.0096387919996057	0.5473914333139276	-0.3330259161103312
0.18647322683173398	-0.09350088681366689	0.8812366238619098	0.42415484507957885	0.0028805213246468043	0.18252912069019633	1.031453250944915	1.9068685477966392	0.4702495482289674	-1.0101161049974698	0.2790005737893429	-0.28192566963260907
0.19112392363873631	-0.1311054359856216	0.8713576782330091	0.432456711188917	0.09322502701990515	0.08638905548098612	1.0403854936347263	2.0208461118669225	0.565862378145092	-0.9873061604945907	0.42027158834286676	-0.3305655744596479
0.21662749998267425	-0.1049816911850068	0.8743931397797043	0.4212932563825141	-0.12008006743956996	0.1404687024047774	0.9507125828811683	1.9550603059351384	0.45857457458548695	-0.9534437324961875	0.39966889486139984	-0.3256206209022943
0.23422307014890936	-0.0962457565983471	0.8648520240263665	0.4334827381618882	0.003822150223504931	0.11783457638991635	1.0022531272682729	1.9270647430888528	0.4457776682428373	-1.0030635148514784	0.3683620298286929	-0.31191003174785764
0.2046369894444698	-0.09430069050124854	0.8800891177623978	0.41794045881954994	-0.047030759264790695	0.15763922184943038	0.9952107118495531	1.9971745676673722	0.46010141726509307	-1.0055313494708282	0.43337542735385437	-0.3087497970961654
0.21245209548157346	-0.11504968186274112	0.8756094744014971	0.41825318428806296	0.08828414673984808	0.1420661424326938	1.0528147690361607	2.040846342251964	0.46139371578536664	-0.9393226523034633	0.3291282044537604	-0.39449295036441406
0.20847529307506138	-0.08234296588593427	0.8808319784824346	0.4170044530087119	0.12706216658332412	0.14378205214078654	1.022490621248418	1.9921012585607518	0.4110819073990301	-0.9861347829786858	0.19631116654001915	-0.3815745219705584
0.18561775371068134	-0.10414939344683272	0.8850259559097214	0.41403865848268506	-0.04178881312664249	0.08256134668977723	1.012106633625927	1.9972785538326205	0.48323901944803055	-0.9842768946663515	0.40797594036801005	-0.28198333688678373
0.2126975648979007	-0.11297879396651975	0.8786912886242408	0.41218582859706043	-0.022559983632297765	0.0286893840142331	1.020149552529546	1.9822229328254515	0.4674498999177891	-0.9796026361014849	0.5925323463215016	-0.34615191242073845
0.21884354759500615	-0.09414312939227112	0.8857061141117344	0.3984585954517155	-0.09483241212386034	0.20176726053373614	0.994256859508121	1.9648985470500782	0.4088293061147143	-0.9905862761078181	0.38848810651900795	-0.3643236751548497
0.24540121670477769	-0.11822291520016323	0.8485115070299386	0.4536847006448113	0.07118059240276639	0.18058922817091064	0.966775725140754	2.001546354457118	0.5723487362384686	-1.0718099648043542	0.36388074658384095	-0.2529415801271632
0.1690272084581379	-0.10026107960591267	0.8783882216209971	0.435673789473969	0.01677053158232437	0.15392487973523605	1.0983258576138197	1.9912261966532063	0.5036296417347222	-0.9832742321957076	0.3341799678880906	-0.3551325637515479
0.19170896661311138	-0.13889501256875908	0.8653438435511891	0.44174187036289914	-0.007009625410837886	0.14438096888087903	1.0716446765168182	2.0612673414770497	0.5903726890927437	-0.9734633299835276	0.6115304460856502	-0.3448214302083725
0.20784047785822304	-0.11768147953817266	0.8757000021105394	0.4196461741050113	-0.07605052144118386	0.10009408788080716	1.0468811094963657	1.995295678441481	0.482014289539899	-0.9648004958802285	0.40132843980759175	-0.2867085126666439
0.20844382959655422	-0.1118674570447762	0.8687888628938708	0.4350204060375017	-0.010944652331792063	0.1196122757951975	1.0024143321289407	2.0348313603382326	0.5320183439679137	-1.019555125172121	0.358161743332843	-0.37491446725342864
0.24230619880221477	-0.10235436059333244	0.8581746295696213	0.4408487224123428	0.01412426104898197	0.12821443367393595	0.9447252482979711	2.0232937532192015	0.5109689710846099	-1.0441687352240412	0.31152540874723494	-0.355827269450444
0.21277462158319954	-0.1257570073744204	0.8429825556610678	0.4777996927138935	0.08534647155588042	0.053808881619264066	1.0349540849094432	2.010917593482896	0.6043995653705849	-0.9979564295820291	-0.21776283334502936	-0.6910424142909846
