0.21648184112201094	-0.12091949480716149	0.8657120147299608	0.4348066188458925	0.020744650502895805	0.1490251681973828	1.0992221910105857	2.254702309643577	0.6407048828195353	-1.1959111750017364	0.7869443291146571	-1.0051130275172369
0.21292031398108655	-0.1117344992784846	0.8761611281746107	0.4177583261180741	0.001890289264358347	0.11852099729938721	0.9418922709889852	1.7914359911695474	0.5008509310647131	-1.0513468768001875	1.0971572813715849	-0.7760525681894146
0.22683249219588758	-0.09063524162378091	0.8661689871541559	0.43598573273943864	-0.021174782046572097	0.0999328627659672	1.1939596613051966	2.1905313030483407	0.502676605095305	-1.164470209450361	0.3070439969640811	-0.39071043095552804
0.2163952819752756	-0.10968963941638994	0.8668473740467179	0.43556502964752897	0.006531759756870349	0.15113922880010147	0.7845702167688194	1.9742131601316386	0.5066418608286839	-0.9009165188954552	0.914177498304987	-0.8354306429373223
0.21158448038765423	-0.12552692619459627	0.8654791467759336	0.43637236960562104	3.713081611177981e-5	0.14363459529894568	0.6912707062292374	1.9929823601234786	0.6775694027272285	-1.105733143801671	1.5455174298808387	-0.9116530213177283
0.22871149345897696	-0.11367915775114777	0.8513201971462532	0.45828159878356284	0.056869899293351685	0.14410878369513255	0.9435219366774976	2.008147778313402	0.4994656559700185	-0.9005706643556644	3.513446079499449	-1.6784058573567648
0.23254582523594466	-0.09146236562316008	0.8701758936377265	0.4246775117330007	0.00856889589996269	0.1050275252057829	0.9798199766729343	2.154229656520513	0.5009098942850237	-1.0989558113498783	2.4098379062622572	-1.4364540767373157
0.23224187502127716	-0.09294731508567539	0.8735963860134559	0.41743725570341056	0.04147927976807131	0.08788318767652352	1.40571858480911	2.1379349500091296	0.32388428753271514	-0.9838497736389641	2.0321675923047127	-1.7455089035050328
0.20200814216994561	-0.114782103788103	0.8731635594729961	0.4284894135862306	0.023553907609549837	0.15264511766266425	1.250535390820012	2.1674291909729724	0.5968668189806067	-1.22523121508222	1.4579371492668765	-0.7425095510216835
0.22997647018644557	-0.09814277787975476	0.8694275583971341	0.42611564041962346	-0.04105944183861245	0.10670006996466397	1.1700835257557896	2.0914531462848607	0.416868203825959	-1.0003560575737342	0.9726663213610439	-0.9913665726807928
0.20387213338175206	-0.0952648062211132	0.8734939507733612	0.43170486201613706	0.002259749690962633	0.16341775052319152	0.32963362523537104	1.6084523440702803	0.3468003183219268	-0.5024316582974181	0.7960208705885554	-1.2238100383857937
0.2150579570853045	-0.11185323133194612	0.8585123867003794	0.4518798641419149	0.04168694052728703	0.09951168175826193	1.0622717432225317	1.8607525389885984	0.6451888169391792	-1.2707390690336158	1.6986623582262872	-2.5036641727543034
0.22259185522296937	-0.10697395010081773	0.8583299380395261	0.44975455245421125	0.006450255379828597	0.13171061094800565	1.1504677718696887	2.2121362357526406	0.4913379011419411	-0.9809213319828347	1.383942809162269	-1.5899586459271255
0.2056403209674296	-0.10420910171992834	0.8673339506354858	0.44111714950359704	0.0005613826762361143	0.16633081614515008	0.5407036643092165	2.270614296717285	0.7733155928065535	-1.2361674618047478	1.3947059861918545	-1.3821465198561846
0.21209667452393435	-0.07999846247985651	0.8740508988129964	0.42970952158515235	-0.05280558848912368	0.12861553444320853	0.9373839533513502	2.695990315186898	0.4110561129843428	-0.7968753006350822	-0.07315009916017941	-1.1199709299654885
0.23698943205231213	-0.1109730878627709	0.8672496038138017	0.4235553181705178	0.022598758604257207	0.11794901160276801	1.054925632076976	1.7485464620061848	0.32119658066577056	-0.7897958524441435	1.769407199945566	-1.1434908684503111
0.22947527786160687	-0.11348291720840309	0.8600226800872952	0.4413883936938929	0.009692976417209714	0.13790952155363223	0.9446829111201549	2.168947834660856	0.27742274204180895	-0.47403307175157317	2.983252689262876	-2.750367664935522
0.22673659435783108	-0.11634848310596314	0.8720163383841726	0.41790076914144825	0.001009455096355035	0.09951141249752508	0.742840179583426	1.6583605944733075	0.4423400491671824	-0.8643417038900316	1.4853817670313605	-1.3244825125116082
0.2133472719681148	-0.10242646971588734	0.8765975323515746	0.41900898095438716	-0.05190360007879959	0.07490386730740038	1.3333590598721667	2.621879934699294	0.504150388379837	-1.0927107041775344	0.9259512708095858	-0.955449313468476
0.2221280305329722	-0.11831380028380174	0.867064280563825	0.42995408601882623	0.026572099168134942	0.11108461394775997	0.9750389912656362	1.9297777730440189	0.45934298283289454	-0.8990356279943839	0.6407626965647122	-0.34651170872521897
0.2182273266590408	-0.11891699871822689	0.8691085613743158	0.42765159868865765	-0.038214711355076605	0.1138802797318994	0.8559505404053606	2.437636156755737	0.8243068367259663	-1.4341757480510076	0.5184318033799493	-0.21652509447827306
0.21674865253307318	-0.11747791716503672	0.8550853115720146	0.4561228678080639	0.008370092196364452	0.12285177255308637	0.8689671678782822	1.6000002081621734	0.48703085557778125	-0.9138671422124298	0.693881568407081	-1.3108158478629837
0.20857547737231985	-0.1437743305242528	0.8624328488040829	0.43821774658825235	0.05285780174557301	0.11996341107200299	0.7220698364554372	1.728138878754797	0.8169195786291233	-1.3844312209015208	2.010624553609596	-1.5346106522167515
0.2220883946298774	-0.11163168314872311	0.8659973727483764	0.4338936075595218	0.028724743897038312	0.11542728766207182	1.0868997102610012	2.0212074144190018	0.34059452455282935	-0.7160994864481425	1.931232513415683	-1.4282742129939179
0.1985112065424569	-0.13905693534148042	0.8650804338527105	0.4391950734875101	0.020983461521739813	0.11087626334216562	1.134646190058737	1.9179086618074184	0.45810090754136545	-0.8079225762668707	1.396058810846893	-0.716509467030341
0.21896006705150628	-0.10103444347475798	0.8687525796638539	0.43257078680366895	0.0019712273347250032	0.15576511274451443	0.9406983550396194	1.6800854993190935	0.3380042515466174	-0.7625825576131486	1.5205316411524181	-0.9733127770218698
0.23666747770655033	-0.10790611845442484	0.8555717893137054	0.4475954511907642	0.0012312965662246139	0.10845599644890548	0.9561345409252876	1.974696625037071	0.12282557724522718	-0.26427927450689725	0.40813582433873447	-1.3592307990807908
0.19625512961952155	-0.09400142717166281	0.8660833969154214	0.45005244736048267	0.052104589155828634	0.12296011082749696	0.6860563389619658	2.1132081056326415	0.5020985300120132	-0.8240299558932855	1.0596464755614141	-1.1213947494721213
0.20839530717096272	-0.11262663302203946	0.8648646133457003	0.44260121787635337	-0.038670634561411704	0.11992345041853347	0.9520749901754887	2.105438607585902	0.4148341432779383	-0.7231224330667835	1.2831083866572324	-1.8892764772456345
0.21585755862891232	-0.11235660991141372	0.8593329631266258	0.44980925410221756	0.03149258767697676	0.09091199538055311	1.1450469585862992	1.755888598896521	0.31344629087179077	-0.7097143459061553	0.754390622986996	-1.2737343170586728
0.23133316192378925	-0.09934581215200255	0.876346839349475	0.4106477748197186	0.029377371835770657	0.12041208748095443	1.1361375850482847	2.2772891027339623	0.37339813840991226	-0.8859501140311569	0.6391741233767774	-1.174303841754803
0.18962938816805902	-0.10596342761644567	0.8705056767987261	0.4416246299879271	0.01196893182533742	0.14072978642270215	0.8404290301495638	2.13902229027208	0.5607622724152579	-0.9529782128416787	1.7425811708532033	-1.485659443869291
0.2060408683709578	-0.1006568984036913	0.8736988489169477	0.42902875284284997	-0.006936001875443745	0.12829464720892145	0.8608744018046612	1.920487151065969	0.6638975563997069	-1.314857235891477	0.8181197979232544	-1.1111316364901758
0.20594735116236737	-0.11686244093404859	0.8744665365589718	0.4233640689603892	-0.032578473142713976	0.12611574023172947	1.0412342898663767	2.0136400797057723	0.41575039654279505	-0.80942239439365	2.122235177807431	-1.868132223330982
0.20022928582314892	-0.09363136706390293	0.8761286018855255	0.42841577137006837	0.07437587921979855	0.11992981293840255	0.8863974180951208	2.0327630832315458	0.6571249120497407	-1.3138598148216527	0.8319748111558019	-0.9162698828684058
0.2215023823433506	-0.08281557103462298	0.8749158281880285	0.4226116058468885	-0.03376174985313832	0.14358787634841966	1.115853603337459	2.1339554819727624	0.5361510048606052	-1.2766485412862734	1.638730024607094	-1.8091581445118656
0.23174604642977026	-0.11533635104092205	0.8722108117814062	0.4150175850543639	-0.030312773460968948	0.14644433331806622	1.1253174537287218	1.8053964025474696	0.19145475409399063	-0.5290111841568927	0.7347111239025171	-0.32837086828366036
0.21140138446657084	-0.1087616902062781	0.8674901115984334	0.4369682547600322	0.022125656383097006	0.13339955701757314	0.787430561709459	2.068482432006013	0.5111438153863616	-0.8808522511857113	1.0835068815962832	-1.729971047220463
0.215557104563535	-0.10618339682492668	0.8678133465122515	0.4349255298624262	0.0009722939410293265	0.14914433267654117	0.7353966143984876	2.207454503693105	0.46987119650379644	-0.7630856780001001	1.2739013562924695	-1.5157386691035113
0.20842459599424992	-0.1361275461970739	0.8665256354627071	0.4326220082669728	0.07041066208836134	0.13751971880951866	0.8981866692018265	1.6335983884405374	0.5036180330086324	-0.9274248234768335	1.0021580543920379	0.19184992751793084
0.21518238041753454	-0.11281384368051549	0.8658988967010481	0.43725127847014844	-0.04766239989553381	0.14118841880148467	1.083189615815647	2.1145935067318495	0.32314904862119576	-0.6274248168911908	0.8905155820749093	-1.188287585996748
0.21190015490867245	-0.12115758589115633	0.8646391667471381	0.4391107776604013	-0.016209111477851434	0.1175869741787179	0.8784450793927233	1.9723919401815346	0.42844984940646547	-0.723341214657908	1.135311348415099	-0.38004879187194485
0.20796614221831602	-0.12079308390611765	0.8712667715256992	0.4278473178675612	0.040864633230254195	0.07883670052168389	0.9135742223807732	2.0896165341244974	0.6169831963315839	-1.1105322366915444	2.741978666874118	-2.098526093604509
0.22160826357321292	-0.14273447948982962	0.8586295204833613	0.4396271061198863	0.0013788275825576842	0.09769171857808918	0.6559571713124198	1.8030816725145427	0.6949252031972778	-1.1024954852757274	0.38604429981356053	-1.0558539305391867
0.211366222780815	-0.07863803689226742	0.8678590500433365	0.442674878752995	-0.006439859281665773	0.09164161990882375	0.8883602233439194	2.244418893525504	0.6923137311562642	-1.3827380218721226	0.598909407509453	-1.6569964727926072
0.22680712134731867	-0.10108320910771147	0.8771646249240327	0.4110023544026366	0.03869216054774085	0.13468652380475452	0.9018863457408157	2.043301560931381	0.5356910287609254	-1.1384362697982418	1.3351674184449107	-0.8479223715338216
0.2177115148804482	-0.09708174914126344	0.8589964603336728	0.4531025396158733	0.0584737997753667	0.13498447817223028	0.907058887235153	1.9276517163476123	0.12716831094427852	-0.2639016173616517	1.6492876834952936	-1.072812127044174
0.2313181339460683	-0.10481997747291437	0.8675042537101315	0.42771610096548174	-0.01104795847864503	0.1393118747965704	0.9655843738494309	2.4472096060616852	0.5641898217132444	-1.0667772126270059	0.46539523011056955	-1.1501620680137432
0.2308892667001444	-0.09414253047472329	0.8742754648744878	0.41649698918117495	0.018279323485647214	0.12021518996109055	1.240445778001902	2.6247313567381285	0.5761867245248117	-1.3038573984185005	0.8267502226179023	-1.3736056010164865
0.209500846256495	-0.11347773067235258	0.88176617052631	0.4070879764554976	0.0242992926117987	0.15816666049599032	0.7232394011085072	1.7210968763277996	0.635503655773724	-1.268960896831741	1.4203786619762502	-1.445322102069971
0.23357634835735158	-0.0946025507963515	0.8728037855679266	0.4179784668725959	0.007281525350088261	0.1616302256872569	1.2556821612563878	2.0327560531944004	0.5412613819745754	-1.3718618894516814	0.913685713882792	-1.3328716300983936
0.22630063244435664	-0.12666274421222873	0.8529714107976075	0.4529727865400426	-0.0006576635257281408	0.1275538761072625	1.1980006056475683	1.6124117524739994	0.580124179218462	-1.2400416838164308	0.919401254650608	-2.0042045883273505
0.18494871858388606	-0.11168452616596342	0.8875469486359102	0.40691639445511124	0.023502938746226863	0.11932583007563678	0.2402369753640776	1.6040488619929925	0.5840647071859192	-0.9428691926602328	0.5684476357481542	-1.0030428357998873
0.20973666195919338	-0.1335315108839672	0.8645389904766065	0.43675187713042507	-0.048723195804148654	0.11704356931536668	0.8353779662032977	2.0215063917442033	0.6241821699408184	-1.018666271915786	1.391077918767542	-1.7136956617235455
0.21947149254484052	-0.1291775660306463	0.8734175788692788	0.41507487675919985	-0.03390578539568855	0.134975600157849	1.4155608609825838	1.8008643327068585	0.7001565575123181	-1.6613220110388347	1.2387341879041178	-1.359250034806065
0.22081745769961383	-0.09804825845239266	0.867405724250799	0.43500976877132197	-0.009591446983406195	0.14552292900835648	0.762943846031186	1.8794457305761556	0.5495180515249722	-1.0594015956997125	0.767764168185333	-1.5922960246004003
0.21062990952947608	-0.11221889556883247	0.870042232662422	0.4313565509792383	0.054544303651845503	0.12168888317906668	0.9125704084229194	2.0944602326243364	0.6337786250732164	-1.1790496220940745	1.3664485471938412	-1.4157011812287712
0.21547177615486565	-0.14250679545666622	0.8647445753673323	0.43067452478886153	0.026184415778479422	0.15427818302199742	1.3800105113105061	2.376711762114848	0.5975795668265521	-1.103871718528036	1.5964524503459119	0.13337413597940082
0.18379793532693475	-0.11862187860995889	0.8764247414346295	0.4289834979178603	0.0030683842132201993	0.11563433587283684	1.112129534216202	2.1790577082396454	0.4879965871772439	-0.870932047049233	-0.06377654705752049	0.013601801985313822
0.18199479961018242	-0.10853707097443702	0.8680359784609286	0.44901128854018546	-0.012738952011075997	0.10834865202132309	0.7278696314283175	2.0765617310276587	0.5434899113913271	-0.8437501827197209	0.6393386274216803	-1.2827433629038465
0.22212988795038663	-0.10793465850113414	0.8786618433250686	0.40860957827489214	-0.020624098112146418	0.09663926581115367	0.6538315682939665	2.217133077395653	0.7345303281069318	-1.3492924121935064	0.44210115917293713	-2.225792650220121
0.2306832627460154	-0.11630043383210452	0.8727496633576904	0.41420703336418024	-0.019510948937460363	0.11728703850532451	0.6414380641154388	1.7301509876589771	0.5427675723529489	-1.015076754388886	0.407953732005163	-1.699513254524602
0.22025823643162204	-0.1255684369511293	0.8546680587535084	0.453057817802752	0.020339461245275216	0.16696446300377832	0.7981404697978589	2.239116074707997	0.5062240588469692	-0.7223983947689057	1.3206863921036474	-1.5397831856518212
0.22146974600497196	-0.13713515802865256	0.8608696246030904	0.43709105398381665	0.032214959990438885	0.1014949718730363	0.7630730508523983	1.7181333104231313	0.5354607617908697	-0.902198782415582	0.8255318243120625	-1.681168177818669
0.22522912005532253	-0.11938274562216535	0.8697557295394377	0.422545351956614	0.002916214301651119	0.11127511342224612	0.9120894630006958	2.0187935799719847	0.6853217483243755	-1.3264434251369572	1.5327780732723253	-1.4989614207331197
0.20930272621678528	-0.1402886716964527	0.8679707218858923	0.4279465893552013	-0.003187114888752038	0.16414036832389925	0.9566739269020199	2.4527575794008567	0.5151981849540991	-0.7087737260845679	1.120905278128929	-1.2179023636454602
0.217562811752807	-0.08819906300684127	0.8730287759811418	0.42744368580644304	0.016975351222214777	0.09844454189547193	0.7101563323169211	1.991730137941562	0.38709997026936205	-0.7411135086553672	1.3951601060502787	-0.8733104386408854
0.21144663810264738	-0.09611493162537377	0.8804542245133351	0.41334319601314307	-0.04504981962128005	0.09769043371560228	0.6846513773673811	1.9646748941137318	0.4775819842522559	-0.9106759664122787	0.9247974151227231	-1.5553550434339456
0.23485298862585544	-0.09052874272204557	0.8661770152785307	0.4317244476258504	-0.024277161560059334	0.1474325421159182	1.2680978923334123	2.0113967267747856	0.5752573592002295	-1.422208236943933	1.320173491743908	-1.6265306832397677
0.226317437221794	-0.12225645969301749	0.8749537169205961	0.4102313602341028	0.04233211661874209	0.11804323602723439	1.1456751461028727	1.644264188320497	0.6568244357831713	-1.5429228169737814	1.8507530757319042	-2.448632908961077
0.219550904019457	-0.11320418093806718	0.8784905502348564	0.40894567745660243	-0.03686483670925108	0.16010269364238666	1.3034359739169517	1.987569054334721	0.625191496806514	-1.4926047033413634	1.5821427883597903	-1.7718981433185845
0.22746776977702507	-0.0774415566758639	0.8711032017045512	0.42829946415138676	-0.005754348805450557	0.1275897439554128	0.7701470230975503	2.169206066586988	0.4277729018584107	-0.886835747882803	1.820011571562835	-1.8447841181231361
0.2379751598727541	-0.09158304340049875	0.8534032384225323	0.45462433073360015	0.00017783070524557756	0.12687758397867863	1.408679675967753	2.5599456078089644	0.5189737909730514	-1.1958820470311424	1.4232165170189315	-1.1157392265623112
0.22574498548315747	-0.10626486259399079	0.8701128684138253	0.425030089202817	0.028792951275838866	0.1242593286733311	1.2620014316281098	2.0187288301131567	0.43946675436230237	-1.0652333630684618	0.3886793081199384	-2.199355147551912
0.21348446163310092	-0.11595552706852816	0.8736057930425171	0.4216534344056027	0.043005461681822926	0.15836075493207755	1.190290039212131	1.8129043853108655	0.4710052917955484	-1.0799511138645588	0.21444023896071637	-1.2054046676266112
0.22424759573110256	-0.1147423582730793	0.8792055446663768	0.40440674729120435	0.01930830629595644	0.07982126591602812	0.9550798457243552	1.939663208577509	0.5153574821396677	-1.0996799313772916	2.144882647933233	-1.7064629648994352
0.21619452393375804	-0.10689222291235578	0.8605561624131978	0.448639133195691	0.0008368443353641581	0.12311232528176996	1.1775596233714345	1.9077810085908542	0.4007020204233442	-0.8815137892448935	0.19988729639780323	-1.5374922051526319
0.2031401643851755	-0.09674046578350129	0.876806352635702	0.4249540867802453	0.004659028054297609	0.16149956360354623	1.0681328529193823	2.107573135578529	0.5144812858547292	-1.0923380918283667	1.141389583358264	-1.936553457932442
0.2291787015099238	-0.09467364396424474	0.8648055489039469	0.4366066725299786	-0.0023710856226626816	0.1270052281656112	0.7713868655156815	2.095232189373993	0.6563676104500134	-1.2506737983533156	0.958095372735518	-1.3281973293685032
0.2060342584896066	-0.11206921238260364	0.8736357370719484	0.42632261830136825	0.004418837119399363	0.13168149525397999	1.4649385894433908	1.8594742908349915	0.599525069864537	-1.4477398491137856	1.1227808603475136	-1.2829244789653418
0.20500552200931071	-0.09439250068191482	0.8714346168205622	0.43550487984350367	-0.005248258249955242	0.1292398041676805	0.8708762068490851	1.9667867988584904	0.5365181393757361	-1.0572211877574853	0.4219149925613233	-1.7270532638375737
0.2131354305569693	-0.08704832420407033	0.8691372085897364	0.4377172490768435	-0.017952805527879458	0.1369457788530925	0.8210344498616025	1.906231219500096	0.5383711715236171	-1.0896890994804709	1.3150113878366854	-1.4775729430529878
0.21486857644623236	-0.10079862951593067	0.8717918236652864	0.4285442186449772	-0.010137441629532088	0.14050582781922558	0.5825383866522792	2.0522758289089396	0.5375015519650256	-0.9028054616076745	0.7502382788035798	-0.5074788021305254
0.2087909740942797	-0.10926746408740398	0.8677093375748811	0.4376613484351008	0.0021246863837469277	0.11471171164488737	0.9009094366650202	2.014933380445394	0.5194260569655629	-0.9565522278156818	0.76505978482508	-1.5431430476230001
0.23650426219773352	-0.08567172400733758	0.8718969150698299	0.42014504538269903	0.05750994753581307	0.16722605835206827	1.2544749721664017	1.895554097004464	0.38695992846087696	-1.122665763556082	1.7247136191323993	-0.8440024970736436
0.20575537401984978	-0.1122014217403512	0.8590821908251213	0.45503115984348325	-0.001204957081182906	0.1623685939389071	0.685764179070585	2.0738729778171203	0.5588112673235525	-0.8537282951299614	2.160337341586312	-1.9853895018189351
0.22888841475175797	-0.1429791752389771	0.8572197515354039	0.438567379792421	0.00811434286957641	0.06349948532695461	1.5062684859071946	2.0228775424423358	0.4926264408632104	-1.0895182372311112	0.8282920590895709	-0.9436595474917576
0.20433771011266536	-0.09139018272858913	0.8744806648620056	0.4303225551946494	-0.006734097311231253	0.12260516071470835	1.2456495542903807	1.9367218164509634	0.384366302402196	-0.9612712871040938	1.4934231478729083	-1.6310791586366686
0.2317974125976386	-0.10812435648949129	0.8577812703436589	0.445859142885275	0.0685155772245969	0.15936336863479358	1.2849279805163514	2.407635663010091	0.3242227261721847	-0.707916640268067	3.0609178959061243	-2.4541599603308857
0.23406729012485827	-0.10480403903387481	0.867433599978607	0.4263655318197587	0.007108025916065001	0.12546933446628786	0.9729365089364755	1.7043910236815818	0.6401230162520787	-1.4174920720551696	1.0147993587484552	-0.7633598703713953
0.18470820181294334	-0.11559136193930485	0.8712196329946378	0.43988392595403425	0.016023382859201834	0.1374562947133556	0.8298010964297874	1.7945153520360162	0.49409161699566095	-0.8554595652243254	2.103488728369888	-2.232034254350765
0.2132186997750649	-0.10736030404236743	0.8567286239738116	0.45719538060450776	-0.06652324668526279	0.13188758933989123	1.31203390063847	2.0871132897272986	0.288802700620834	-0.6629607344260439	0.4891182601398769	-1.8525434782017924
0.22484111851274408	-0.10498942057524342	0.8590055427850074	0.44780930144186076	0.026240100533193093	0.13776132693921903	1.0861876299900834	1.8185250677873968	0.4640142462655851	-1.0091004284446188	1.5559119095706306	-1.4553782182718151
0.1944057630227156	-0.10547327765278164	0.8719181260737038	0.4368530284075594	0.008236803179406232	0.14587950791022694	0.8579783004393162	2.0591037447363143	0.5913568616435577	-1.0649583305175698	0.5115197531312049	-1.4189060983041826
0.2100688324043313	-0.1071044063945031	0.8772562669333535	0.41811622057667036	-0.0051105536722087916	0.18417194078085486	1.0675660616921343	1.8762472024816967	0.5330452317785886	-1.1741359440268226	2.241333260507924	-2.088840393283448
0.21833002606003787	-0.10770244959154514	0.8655816130619461	0.4376078760736412	0.009749004133796415	0.10443929496280234	1.2501521904665611	2.271711156300794	0.5912043907554114	-1.2340101349867845	1.8279487514056598	-2.40745378168781
0.20262451308774315	-0.0920942054884126	0.8719487575008725	0.43608179084215115	0.02812242545382679	0.11240459208109461	0.8105074042646282	2.045414692087924	0.4637413791941018	-0.8718927379121694	1.7121049946119538	-1.921316217858583
0.23268196598539698	-0.08471346288280651	0.8709972779914629	0.4243188348907414	0.06637281247397814	0.11562483977000976	1.151174605513792	2.2275028003326915	0.4792484716981307	-1.1703044222974177	1.5610787633111203	-2.214572460750944
0.23477594560049495	-0.11147927827908238	0.8634639754552004	0.4322991891883091	0.005209225864325764	0.10961299945292603	1.2559784673035592	2.3375835183337847	0.4023007119413268	-0.8828459325867306	0.9329446057391606	-0.9314137347824155
0.20023023486468233	-0.12192071498354644	0.8660380765219573	0.441612094850315	0.0006532613233714962	0.12066348581815041	1.0917446602337595	1.703895434722869	0.47306983557797744	-0.9523213594938178	1.0397907419049237	0.03245921762228913
0.20155278746356714	-0.08086310527047597	0.872692228249949	0.4373167122622014	0.03269688543939909	0.14611219012037105	0.9886312550891411	2.0933242121591356	0.2697438850593319	-0.6068647133107189	1.676330093666265	-2.065169906433337
0.2560377272188867	-0.1178494586820672	0.8532580533677081	0.4387560617154822	-0.03752648343682873	0.1247052689402051	1.5257681838071184	1.3477511850679418	0.3210716545549902	-1.1527577383799488	-0.6440270393390831	0.07396094365293543
0.20281787716469124	-0.10846568305926935	0.8601164878121736	0.4553018028676639	-0.005356823870984714	0.10489566766755955	0.6700107166696128	2.2576253611355193	0.5778480545035778	-0.8522520908763651	1.9652322830935418	-1.3989186030812555
0.21557076107315365	-0.10814643271305623	0.8711272167673647	0.4277510587583935	-0.020771898617807382	0.13262470369219168	1.1732607690937122	1.8451565259391496	0.4238869202885656	-0.988035085582461	0.8763263133206189	-1.0958137244456931
0.20435267735058948	-0.09974268700352515	0.8579572052776757	0.46065259530483793	0.07046835769520395	0.14432298111823494	0.9584032593789371	1.9039622332790156	0.30143340614807973	-0.5743220126138588	1.1151224144971248	-0.14291443064735257
0.2134122321386829	-0.0984129157433956	0.8746264493374251	0.4240267577734654	-0.028014420173348722	0.1256397217816737	0.9142738305912171	2.1535430452372655	0.4985555689794685	-0.9886891525596314	1.443913015152923	-2.0047907974683574
0.23368550723410364	-0.11261637669743481	0.8666616573764414	0.42615279776366677	0.047170233985134924	0.12137858707546882	0.6266448014531655	1.8330465736403592	0.6430383603408935	-1.166960392097746	1.974573605122622	-1.714321443164928
0.21672539967917454	-0.12014010697073013	0.8651513463666671	0.4360156003068086	-0.005384548393955346	0.15876632463903312	0.3692131725730479	2.215297948114753	0.7705350102471555	-1.1020274071249605	0.5664971814361811	-1.5922173819698922
0.21632905702332142	-0.11631773998568512	0.8626375370285958	0.4421859361866467	-0.03402856060579415	0.11052320090782687	0.9764579851934813	2.1046319546036067	0.38909585526979507	-0.6831490290299841	-0.060300035224627714	-1.3813612712749743
0.21147678781394086	-0.09250216246447854	0.8776316993195681	0.42009941502546755	-0.008134407947548184	0.13295428115514898	0.9936229519107607	2.1294062576179593	0.49917222203094547	-1.0741335405573629	1.1439453217935396	-0.9327390403579919
0.2350052253445892	-0.10671806985467733	0.8584829329172058	0.44316007437166943	0.006226468103948918	0.10271608621067792	1.4173266379958136	2.0565882479260464	0.5520899189617662	-1.3258500584512387	1.0437416390716456	-1.0016770916287092
0.2061798249022032	-0.11460277754204992	0.8658490444418037	0.44120461854128384	0.025248467709143047	0.14731281432862417	1.035657744474697	1.9395994324982593	0.4129820931290691	-0.7906272649452322	1.030152053431381	-1.1972549408296873
0.21737978872232047	-0.10753405631119753	0.8719021443841318	0.4254046365598896	0.04362713761400749	0.15029229405992484	0.935430910783508	1.8512628145009107	0.5349120678786353	-1.1063841636882359	0.7203609190771197	-0.8648528993825312
0.21716855994986267	-0.11523627817111741	0.8763101170146643	0.41429336897941904	0.015271233883337633	0.16121680326480184	0.9790578160223982	2.152273817290262	0.6381491677830063	-1.2643627989670425	2.2660667760484237	-1.455036187572554
0.19955704840419466	-0.1074002681848076	0.8723682147054047	0.4331464703743324	0.05173824494403798	0.16600753160497217	1.4223578586301844	1.3510469031019061	0.4634627369940928	-1.2537303981816033	1.7816517340520293	-1.6601452912116266
0.20828081610325752	-0.09071263220278489	0.8737976016984661	0.42996287196479205	-0.007936881296241162	0.1595131785013251	0.6870925412217598	2.2110843836095584	0.7452333597747856	-1.3808588414349143	1.2249621313840902	-1.542252731780015
0.21599107840457737	-0.09064149020043022	0.8620747782759893	0.4493985435716018	-0.022145942334347368	0.13891500540957338	0.735181187983487	2.053564749541256	0.5832212993155838	-1.057935740086316	0.441728058867166	-0.3290153181294006
0.2070440173202476	-0.11168053232173163	0.8610947351226411	0.45075058595224954	0.014994613810010105	0.12203373584064418	0.8402057261124326	2.1284292242782854	0.5190260457571929	-0.8501066165378176	0.08944298092003176	-1.1682110644789194
0.22731640929675478	-0.11046959467745868	0.8627728091848373	0.43788902526500045	0.0033491613177591695	0.12261004362346352	1.1776139751069141	1.6850258836338479	0.16913037655249236	-0.5194648208685934	0.2762855701864726	-0.450819910781137
0.22256096139720724	-0.13673986398194782	0.8680574293016312	0.4221908661901542	0.04181110784417613	0.1272500123683773	0.9295216621844686	1.5314308235175549	0.3509580022324034	-0.7155988385224175	0.39594967648262	-0.36989574990036783
0.21094450537811277	-0.09418159898756412	0.8703597168867029	0.4348634329117905	-0.012788941043918978	0.10471207464841788	0.8816864978269296	1.9228778780139282	0.6746824464387725	-1.3615852408645215	1.6441265124540039	-2.484217442873453
0.20524443758824507	-0.10673514816674497	0.8695298778542854	0.4363486226672656	-0.018502509344905212	0.10050974477282205	1.0472926386629737	2.2250739034208338	0.35124476407721394	-0.6482780005698138	1.070387741670188	-1.110823437149831
0.21633908441809221	-0.14690249658590326	0.8708919395972858	0.41613013180307895	-0.07672325930357989	0.11976074476202075	0.8207909470145077	1.5302839825030672	0.441282271762544	-0.8100249711918155	0.9130882825434692	-1.4945822136816582
0.19862738217091588	-0.11106319530621467	0.8736571649523863	0.4300410304001949	-0.005234313821431417	0.11343073948603971	0.6888014871947155	2.410133400360105	0.621780658825445	-0.9588872180559558	0.7716634204913109	-1.4380999528593528
0.19910629382786746	-0.0953129843934853	0.8716486194705302	0.4376080471600779	-0.03823629379289776	0.1045823593999166	0.9367361518246343	2.17078572256903	0.46541017732735274	-0.8804228780590604	-0.05492569049559478	-0.9972484479343341
0.2281196356693683	-0.08858427561248394	0.8711834051465571	0.4256215837261262	0.03585596817452323	0.08478709401636912	1.1799929288584192	2.3159398774895466	0.5910944940907198	-1.3603055786569893	0.8506100778280338	-1.1473284221861677
0.22577880466588704	-0.05459065591196171	0.8653347422758675	0.4441166237162296	-0.11724198499722305	0.12279499301318242	0.8777264040067464	2.0234377578248703	0.5175219447800885	-1.205856556664745	2.2115676230236807	-0.9677973728022117
0.22494577284887218	-0.08614116208171317	0.8702578209046771	0.4296864259281165	0.012379837526655587	0.11263158806428288	1.061876570942661	2.220837691230801	0.7399908422394992	-1.6094106830727983	0.9899204790373445	-1.6308012932343956
0.2175111480797668	-0.1001935599153691	0.8596538035430451	0.451270970777517	-0.06833152235202924	0.11121252886003329	1.0721845214312207	2.353243268887619	0.4749890677088833	-0.8991458585322567	1.0045973405941213	-0.2911376237851556
0.21246785192169745	-0.10684089341662292	0.8705457644609441	0.43080448857089193	0.032147903331517014	0.10276236779736804	0.6789277390423941	1.888510494094413	0.461170744437317	-0.7983909576078703	1.2838003228051218	-1.4351098896193708
0.2103095926804152	-0.10209061783933611	0.8759681111305067	0.421932754426855	-0.04500098105005731	0.06649065488115175	0.6922878286076954	2.334538759895156	0.43341099995510596	-0.6800004949796222	0.9413273726573271	-0.6824635642590081
0.19857702421216558	-0.11539286773286374	0.8744035033145622	0.42739930383968494	-0.04763934645283152	0.11009222937126169	1.0965099825368374	2.123382231797352	0.593142718006257	-1.1496616641787838	1.3085179034597438	-1.4691768389146407
0.23150863089372617	-0.10546889382710724	0.8657987239112399	0.43089747728464056	0.04052549070067531	0.1351214836676027	0.9061427674546336	1.9436331270734806	0.43187742200184587	-0.8788771723873976	1.1558186128149404	-1.2563537992883178
0.22178826765671728	-0.12153301679395251	0.869661197001424	0.42394468104794475	-0.027618095200786296	0.13872848504522448	1.0365817173465475	1.5769857637429245	0.6047670437049879	-1.330806311349405	0.9670329946689277	-1.5432315465816737
0.22058565760544174	-0.11430106582508191	0.8642192033253125	0.4374956029650895	-0.02680317884524085	0.13407231455088883	0.9792723874532614	2.4155278234000104	0.5579672243869501	-0.9648600490996864	1.7194580713894565	-0.963530876318031
0.21553420655127972	-0.11891150910755681	0.8625834997174324	0.4419895528440688	0.021280345813536147	0.14067348585078662	0.9093787016922684	2.1035743666158337	0.6068995082819905	-1.0619357703820476	1.76900647776484	-2.756223429325633
0.21494919755575034	-0.12787212583577406	0.8604657756965094	0.443896621703053	0.022926539783436936	0.13688628074398204	1.071392990325861	1.756171567330108	0.5525775992629902	-1.0840447098396786	1.2806721756128814	-1.2733885596016048
0.23557483458376868	-0.10496625318946226	0.8640205278820482	0.43238305979839503	0.029807145686431964	0.1003576778769137	1.064141447625024	2.0315683496760766	0.407874866131077	-0.9016335770887208	0.27462391603715336	-1.2674610227795753
0.18040883172727595	-0.12383691373203842	0.8699664648741503	0.4418997875384158	-0.056003688491157055	0.07831694465984111	1.1026624992668241	1.8703887563848762	0.40723985120419565	-0.7277484737247781	-0.28214537509991394	0.38432711606140385
0.22769862609678745	-0.09052888881954088	0.8670861338599836	0.43372744025537663	0.0419684833357109	0.14720755072245667	1.2225484840325884	1.7988661488905118	0.4146066407733245	-1.0952106823075596	1.9795357378821432	-1.9482283590216376
0.21659604337636326	-0.1068716145694167	0.8637876914357187	0.44219388973297946	-0.02168989364867595	0.1188972320597118	0.7614194581024276	1.9607364066459514	0.647433586974618	-1.1637848279924827	1.2128973728357129	-1.4240966922604885
0.2093576901753566	-0.0955766822024606	0.8681822401695958	0.43965219576127623	-0.012450368053053317	0.15151976403591824	1.1252871283288044	2.0457329874738837	0.4483337406285088	-0.9764503345541623	0.9461535524483641	-0.7894403530827293
0.21307992738530393	-0.10876173224821875	0.869034885517863	0.43306604334303894	0.01577155916093891	0.13282690516551907	0.7226199339248095	2.0316728004678364	0.4553692905503415	-0.7590974961959017	0.9498393339518086	-0.8900151016611585
0.2318940991523752	-0.1012770975546796	0.8588526417798237	0.4453540344456601	-0.031116745161905695	0.11956280348369845	0.8496716245317706	2.0097442045200196	0.5143427722243915	-0.977284118088272	0.37441149481249525	-0.9120666193149223
0.20187501474584643	-0.12125343671094567	0.8597798899869085	0.4531253946549987	0.005855468224601894	0.10288102641623026	1.2627184307739008	2.496230070885088	0.41674062309061144	-0.685329133289186	0.601977700896818	-1.1061083146014603
0.23125415009509537	-0.09661391372022675	0.86983157801277	0.424947403370429	-0.0005296430308632862	0.10195024556575559	0.9901923688739336	2.1296808541353474	0.6076034466016507	-1.298377052757502	0.5345076942554434	-0.9006169859748923
0.2106874721616943	-0.11499240817935687	0.8654966277538781	0.43966250975252846	-0.0316214056037473	0.11061625343042043	0.9199109246632321	1.5999568573964618	0.39063411758016325	-0.7913418111614877	-0.2749737519905482	-1.2038915029572999
0.23012253374331793	-0.09902193648001079	0.8650071470369151	0.4347423502884911	0.023400640217434484	0.13336875761820935	0.8083361752354971	1.9531019971701213	0.5089883473404107	-0.9957506665258408	1.8933769371443347	-1.23421257704326
0.2139726103629864	-0.11472613000535464	0.8619730879575929	0.44503486688718674	0.019112078822569843	0.09441586127480556	1.1566343630594929	2.0597995304598813	0.5635555536646111	-1.1166427688839233	1.5399926857909925	-2.151109325314229
0.21506322184129859	-0.08371184857802032	0.8632799038678433	0.4488740854591832	-0.008710905131065254	0.13793658799338357	0.881527241200235	2.147307560863369	0.34020398104157296	-0.6761813014589532	1.6561778010075685	-0.9485970176530785
0.23060981065957728	-0.1326338954345883	0.8626211770545498	0.43024652224791277	0.003163140738443477	0.12753197913252515	0.7697682739662448	2.1879641252074737	0.7333006799257391	-1.2083272721181695	1.1806462329614786	-1.2343347534200728
0.2108408101064122	-0.11818004169019422	0.8667413986117938	0.4362785560536381	0.011188580326336415	0.16179365116989394	0.8530022427969044	2.2467287470452515	0.45087119270988696	-0.6993649145275489	0.9486754601039902	-1.1320671425893838
0.22142366909254782	-0.1066588530716133	0.862843078573315	0.441698165702741	-0.053734155729366094	0.10336145704491491	0.8339332932988066	1.7473752969226568	0.4482011684543278	-0.8716513457146854	0.5836052407867575	-1.1058726398470746
0.22139053099574832	-0.10397493227585552	0.8600429620099735	0.44777399404248946	0.02099244176648961	0.09293273456545281	0.619951391782695	2.077964434134888	0.5487800591346509	-0.8780536370774114	1.510937105098751	-1.356756697153539
0.20458030964546334	-0.12221473156972393	0.862976345400805	0.4455135054870694	0.021231455990859863	0.1356750040401793	1.0912550302363042	2.0312483392148795	0.3665017743486654	-0.6538144852672596	0.595121650362723	-1.5321403482451634
0.22239976388239954	-0.10601615783250769	0.8675042694986006	0.43212875593413735	0.05360824640186615	0.11728078267629218	0.838849645936904	2.2005720735549663	0.5610505623702562	-1.0181630339019507	-0.4423503514124228	0.5210221071237359
0.23079193877581064	-0.10594844409247839	0.8712719920550358	0.419994195258619	0.011864004390844196	0.12356195111636115	0.7013443681690252	1.82992710426602	0.5982516988749302	-1.1648414476476394	0.6539092202146971	-0.9280918036114768
0.1938480280847128	-0.11958138012611165	0.8743177996243284	0.4285926046899029	0.007332645699970106	0.10312848311562213	0.8918210067920554	2.1429770568891016	0.4897473777127787	-0.8045226058738751	0.5071545661589214	-1.8856639532201116
0.19994142237118664	-0.11662100942948182	0.8732567966731845	0.4287721246115749	-0.00875050380402384	0.14297863671664748	0.9343567494545637	1.6899415049357862	0.5041202627641158	-1.002771296045917	0.8201632377085701	-1.4110290338409197
0.21795717591594926	-0.11981935278100739	0.8588292799014653	0.4478283824745983	-0.015571332387894052	0.15046847305821057	0.7217969009317355	1.6643501811413899	0.5671351923874515	-0.9936211703079918	2.0575976179944306	-2.298681656668281
0.22126546941689948	-0.11893499680082108	0.862786612399672	0.4387428860319058	0.032414080340702665	0.17021573508411972	1.3703225657340206	2.0257715336443445	0.36276483044027097	-0.8553040652892488	1.770728319305551	-1.7514307983693025
0.2498859883117677	-0.12042750904299518	0.8630137248288136	0.42221027778613707	-0.06855512022173749	0.1182455950087255	1.0714412514953529	1.891903268238379	0.5267912227130045	-1.1712860615743528	1.0361822677321115	-1.895985619858245
0.2106599295599404	-0.10809059790706534	0.8705892360901021	0.4312924746919965	0.014203990952217244	0.15195327099980957	0.6770693500204573	1.9090590267169585	0.5654540246218591	-0.9936603637484205	1.8948552123050746	-0.8575374024682655
0.19381472937182737	-0.08026160555576213	0.8699806313681016	0.446237186254682	-0.0007318195921343553	0.11693911653000244	0.5463813146781181	2.2512984657072064	0.626033043888397	-1.0528941882186562	0.6236856010408975	-1.0523283243287453
0.2211933675042773	-0.1394942556788717	0.8642445476460233	0.42976296800542974	-0.046488594823888924	0.1118660434257867	0.6832226806397447	1.75770077895928	0.6748464270713577	-1.1382262901431417	0.24426594175726998	-0.8850710626412667
0.22365728126934778	-0.08201467810129315	0.8695767135366816	0.43253595502095454	0.00045385384996340347	0.05419270561053554	0.6215572527895898	1.5977315273127817	0.4111968082945731	-0.8451217369043371	1.032885388954275	-1.2058954575662124
0.2225159629007209	-0.10951971657228089	0.8673288304205491	0.4315469590410929	-0.02740287393581527	0.11040737562897712	1.1074582125577612	1.7722863246801606	0.5253038464514438	-1.1770167642068352	0.6690400616235532	-1.299244260316052
0.21221010541136215	-0.10051798986817212	0.86689159952627	0.43972941628340656	-0.015799384982329617	0.08913425499817375	0.9197134966835002	1.6908794483095797	0.3542333077236802	-0.7556705584369547	0.24497267649747456	-1.2090406557624012
0.21093593685999545	-0.09688749583572111	0.8603649845761453	0.4537520655677155	0.038024330570369906	0.17200627951800965	1.0981460615371696	1.741894123915394	0.4432918012320291	-0.9790885509165008	2.6479120296330105	-1.612744178743531
0.20109887078381378	-0.12030995445173605	0.8697159506222567	0.43437187324056825	-0.008732857890485585	0.1481198003613381	0.3111142760840781	1.9836562679974639	0.6456958424370141	-0.8874495139306838	1.1573071229242045	-0.9985272950551637
0.23462128157042206	-0.10486447724439663	0.8669782033738255	0.4269720020343322	0.0545698721229094	0.1002854954890894	1.0227639464072384	1.8195150668220723	0.5310145859685554	-1.1933751178299288	1.0325577399202392	-2.0695937673145757
0.2180738873916612	-0.09088515498223863	0.8602954107970379	0.45174713546772977	-0.025168781563954416	0.11400379230156499	0.6074257467036697	2.3047219202607425	0.6738557591537382	-1.1128210068010878	0.3043509221784598	-1.1482899607941126
0.21736098499838352	-0.11793200218598264	0.868695838331355	0.42920133448851533	-0.044040745519367354	0.10141211166874455	0.9269213069676999	2.17653388642598	0.5353883618794935	-0.9549904396053491	0.5259865115521014	-1.5437279092466225
0.22841372063332344	-0.09573106002339395	0.8844899342637488	0.39539890308313813	-0.022007500711919634	0.15908796472716863	1.245834270401704	2.205144465366878	0.6034569110593347	-1.5357057965506369	0.553375316266907	-0.8644092450292642
0.2055067146736445	-0.10581596185952363	0.8612816548667608	0.45250843465040863	0.06756306538347691	0.0731450288195402	0.872133883910384	1.757151765995627	0.6238098144484847	-1.1725098885863154	0.3408277405031197	-1.2468056851741016
0.21321585693206874	-0.112959262786195	0.8696353026211395	0.4307129481900469	-0.04466825849164679	0.10977782212489116	0.8878417461426876	1.8702038186872236	0.34786555798755675	-0.6513880417944341	1.3774268778524574	-2.0008183868124854
0.2266652224629974	-0.0977705763212132	0.8568611722203571	0.4526065873059885	0.010296043580004507	0.1457352272667559	0.8471352650883368	2.0101906957369975	0.24074711641129357	-0.4457855066970051	1.0553391260996101	-1.1248981168263696
0.21311790168957642	-0.07903179509809785	0.8737309502554752	0.43003367531935066	0.002339238380609268	0.13233460064567404	1.1041163118804649	2.844837144368435	0.26394140382467113	-0.5606261852039193	1.1080114028738308	-0.27171015207724747
0.20546032016905513	-0.12382465914249713	0.8774311297291358	0.4154131957539699	0.05621598317111041	0.12498344561689073	0.8977750013285787	1.7853571649455298	0.5768818529530656	-1.1303444319344467	2.36925546079569	-1.8238190064777147
0.23290117777538347	-0.12490933240966173	0.8571853638444438	0.4420270942811994	0.05715112455191412	0.10004595912084839	0.7672734289579258	1.5806235939792805	0.310053532543524	-0.5588743329669408	-0.14738528880437987	-1.0021653768187255
0.20559149323084502	-0.11177170332528125	0.8744547831217825	0.42493300239251025	0.05434077997897043	0.1159379561883614	0.6297567088055857	1.9652455871266852	0.5892718002654234	-1.0004055164396342	1.074973889114614	-0.7519613562185775
0.2065154815012743	-0.11931476468140678	0.8722506035316148	0.426959280807961	-0.031178976303483083	0.1440782287873033	1.0653032132299058	2.164212973655763	0.5739067740522188	-1.0829359968842993	1.1867212299893681	-1.6812666453260903
0.21717277775955124	-0.1022810701857437	0.8784680273805557	0.41312043298773626	0.05306853396136951	0.13356618119102123	1.0928939780188114	1.8950215769974252	0.47138753701856245	-1.107717821046917	1.914853728843396	-2.035623957756899
0.2451703498131768	-0.10989026675002445	0.8608695522975869	0.4321102206301594	0.027216762706423984	0.14140628007429104	0.8935247527474001	2.4739242658088467	0.6269117121180428	-1.1267837704459756	0.6457675684718684	-2.295768280268231
0.21672623668417051	-0.1213379407483047	0.868600733418006	0.4287652135765914	0.0166159983021633	0.10210553093065039	0.6600002908465746	1.812252177749489	0.6649359868482497	-1.1677913736438257	0.986482674891084	-0.5798021011009737
0.22683309230961904	-0.10601287257566182	0.8643757502050246	0.4360763482912289	-0.040699570035383	0.13206999335045475	1.1427498510560878	2.3027665862539015	0.48454400411208287	-0.9950520603408703	0.27276366198688756	-0.8725519875341154
0.23022964278887237	-0.11819883733533805	0.8517270127861287	0.4556143568022195	0.029737773616488137	0.12217758410134555	0.801042740232467	1.6909580338499435	0.3246982571342199	-0.573091657595778	1.9445215861666414	-1.036883264236501
0.208424596029572	-0.0674356662885026	0.8747515392856552	0.43222836926734975	-0.10827144949731926	0.10396644216949201	0.9344867922967233	2.252797962186452	0.5424116494887428	-1.196882395247761	1.696669099508586	-0.7944540685543746
0.22630959200305228	-0.12918162870169597	0.8661897715217084	0.42639342758133597	0.04405770931835593	0.145992613571989	0.9944307305287389	1.9000018210810157	0.34018481801421574	-0.6432287065597196	2.607298065510306	-1.5672742395601074
0.22708611318204208	-0.09337116072770248	0.8669079857410689	0.4338021067290904	0.029161246655224307	0.12125365436018619	1.1032068353176046	1.8665517117691963	0.6334651041887015	-1.441663837474191	1.0010874340837936	-0.07411638409375357
0.2201726227645082	-0.12015670034669212	0.8741731915131449	0.4158216141406257	-0.002938415432631614	0.1290834538124576	0.822795436209755	2.0695408029342155	0.6939852851061463	-1.2965924528339101	0.6667510868054088	-1.1136709940479923
0.2294334721797436	-0.10296307391592253	0.8663591239696338	0.4314866806378846	-0.019939139820711927	0.1196422494281934	0.8782651171275307	1.8250119776589715	0.7673453121960752	-1.5722181357192235	1.879546243378682	-2.2894648114105203
0.20855704571700578	-0.11850498318264227	0.8698599652025311	0.4310500766506464	-0.015415738938581927	0.16264700822466913	1.035513159490219	2.2758279401567956	0.35997793895404034	-0.6017792945017081	0.93180408790922	-1.2771699831240604
0.2387962113868861	-0.11570770217852805	0.8606732637834338	0.4345453141988835	-0.04126583002761212	0.10927540764932377	0.8326740372744634	1.8806793061154174	0.4863565905529687	-0.9200983774660039	1.4024852494306828	-1.4399089870334778
0.21864436708380827	-0.10993976054001604	0.8688005790732756	0.43045724944164426	-0.015572064741914441	0.12180525952632998	1.1000388042856595	2.1575261433032322	0.4741308323894337	-0.9646591452511083	0.6883266143217096	-1.064243331395735
0.23170472383760338	-0.09469484723665504	0.8713479480656696	0.4220172511401799	0.03773422232141509	0.13357123776281798	1.1623033862159011	1.850672808516313	0.4199098934975771	-1.089883480023879	1.036396271404392	-1.492540102837
0.21723830008082304	-0.12289791453268777	0.8705401276352996	0.4241031829145197	-0.03361913272535871	0.1475187437805724	1.1212844166243472	1.5464990675094314	0.40440663130314164	-0.9563158851931535	1.1296834061338086	-0.9091785576236765
0.232908694994126	-0.07376506139177214	0.8606195521905706	0.4468179068718072	0.003924941804826215	0.14705579047035303	1.3047325352470371	2.843269179873508	0.3441185376953365	-0.8735208734995381	1.4260598277996521	-1.2857989469473938
0.21150728128087434	-0.11063419790214324	0.8637894931047829	0.44372565377889184	-0.011062232308548121	0.1344140247986583	0.7426580885443436	2.482400859723043	0.6801435338518245	-1.0590778324048626	1.1548954558810276	-1.5950719392173582
0.21856066094130386	-0.0962696402697994	0.8670714279428126	0.43720765397741584	-0.06119062895078561	0.1227904164626115	0.9852856099038179	2.241657534282433	0.6691236610860296	-1.3259583008151312	0.8389453091486151	-0.9584951841692458
