0.24013398135438058	-0.09042812335978347	0.8638192113243603	0.43356060205175667	-0.08147030176611884	0.12519172579490498	1.067287997944036	2.6181470235675564	0.7285186489790312	-1.4965529522341803	1.7554898126575817	-2.7430896954974
0.21088369170201768	-0.1090570542214863	0.8645981005463765	0.44283716197972595	0.003687449025014886	0.11794065611119008	1.1462981257536724	2.297079340666901	0.524306054867776	-1.0038382765804696	1.5823929427607946	-1.3170261010691744
0.21674381510193563	-0.09141213449765614	0.879245025219777	0.4142392133875233	-0.08890300207196948	0.12773368043492705	1.1985753881536487	2.24964069786564	0.4284395174183426	-1.040081780392901	1.3536235741821	-0.5171922943318213
0.24399307645608057	-0.08180093956061597	0.8672874416796922	0.4261319964907497	0.009551688640919303	0.1208637179712988	1.0368177764077688	2.64035444086302	0.2773575655606547	-0.6513043392790059	0.6127558954340614	-0.3113789491384632
0.21130062437687475	-0.12138100928666976	0.8662360564254244	0.4361809157574653	-0.010388164627697682	0.1512833214742578	0.541612898928914	1.7119108069833153	0.5895747498567494	-0.9568520156664584	1.591518711946167	-1.4676598564685224
0.21350546759730565	-0.14977016411632116	0.8638873070545839	0.43090954266134013	-0.041115966537403126	0.13031446028571472	1.2745213995485376	1.7935031725870592	0.4646060806278081	-0.9395738052262472	0.7069379669170867	-1.8190350873527186
0.20418089361687547	-0.12359254849889216	0.8621716756214578	0.44687251693682273	0.049056756805609975	0.13317043925790853	0.2688389495827168	2.0500428368049035	0.39648239760348686	-0.3208021211756091	1.0412476883248256	-1.3664952187610495
0.21106189810238904	-0.09157667980793645	0.8693259172010083	0.43742317790372864	-0.013546628437273766	0.153712520904766	1.287809749430564	2.2177324982790183	0.40189221508467504	-0.9558028262541446	2.700740178221773	-2.1212808113826283
0.2204979168689801	-0.12530664828844829	0.8616173035037844	0.4396527434851544	0.02742811112312168	0.1595516006224067	0.9856082890968672	2.4313356473144556	0.5115405741303403	-0.803848649001674	1.456211682648113	-1.6358568102986446
0.22429314989430418	-0.09967788461626306	0.872363088289445	0.42277599792209153	0.021570942904407153	0.12019100040883708	1.1361579112456877	1.7424520146873437	0.3471063393315467	-0.9081671283432542	0.5766586534298216	-1.2415027400556822
0.23305356761250964	-0.10494508893319034	0.8625698978148455	0.43662997413779664	0.009010345583892304	0.15019515636328942	1.2892805931548925	2.094082208553124	0.5075767327009693	-1.187568970181892	-0.40812476171972983	-0.61979726318298
0.23067240588153842	-0.09574942457714593	0.8655937383981813	0.4340158625025463	0.03006533694368679	0.09932390579208261	0.7830925614471107	1.8027474922090334	0.3773940195030364	-0.7711600871012375	0.7049819580060915	-1.3277784410519435
0.24456181508662792	-0.12729376651049426	0.8676576553609655	0.41371005390565224	-0.032610068975502095	0.11315067934109779	1.132355646596006	1.6091518590813574	0.5761537797478897	-1.3826112841317129	1.3666985780319851	-2.4149613736039837
0.22693121919434936	-0.12228388040150427	0.8741393359330403	0.4116179001494714	-0.024708572183049993	0.11099226516439119	1.2286138323371996	2.0764876651478343	0.43941118188010797	-0.9936313852553447	-0.22977349378485137	0.044613539640818545
0.21462053556162264	-0.10730183908107309	0.8802649141755431	0.409338517509146	-0.0638034031334707	0.18501453807951884	1.4498473896455075	1.7926445478203077	0.4791743633262388	-1.3206999173855505	0.4196260064656329	-1.6740704550582308
0.2184933681058679	-0.10959385954184028	0.8560193306271923	0.45550053747174757	0.02864827998523958	0.10996773776751062	0.9699126495201141	1.489504761905398	0.38547691737377154	-0.8312934179687727	0.9968664110819483	-1.6735040668069459
0.23188767053923753	-0.10563724414931247	0.8633290188331592	0.4355822380917285	0.00102861126591925	0.11251617273309499	1.3328971779541918	2.0115556273907127	0.40986273182609945	-1.0340954691600022	-0.055983469785651475	-1.2784664320633046
0.21376024192956905	-0.09997927113713691	0.8673529259886609	0.43818900726970267	0.07789870730967167	0.149201225694517	0.8226918317893294	1.841197545783417	0.5514193223415598	-1.0727160454305467	2.4593487720307796	-2.493109537887715
0.23342341929921248	-0.12075611315966618	0.8501950500922476	0.4561796195095464	0.021585168089643003	0.12181153399547821	1.519940527503028	1.6773446750899557	0.32669615697867216	-0.9426013982781797	1.0245518923182915	-1.1258860628973455
0.22031551718763945	-0.11484430979201074	0.8750758096861978	0.4153482691631023	0.016720752952557625	0.13261979809180782	1.0564229483467487	1.6921489849141906	0.5159154012559686	-1.1794385816676187	-0.12161827347355775	-0.3999514141496621
0.20105337916387028	-0.10388579043687139	0.8676357340610158	0.4427115474578202	0.013284226744978594	0.19256398956714707	0.5199132246513511	2.612484845009612	0.7161724463425477	-1.0266437963196808	2.520748968995847	-0.5121662319936989
0.2257627771129403	-0.11893372297522463	0.8710046031457652	0.4198058114276093	-0.0005920204224940431	0.1270988235462143	1.1675549654366628	2.1682638479892375	0.4029969917727794	-0.8497333404459949	2.0524294368086005	-1.8883902798373466
0.2280606115897751	-0.1028167855361344	0.8606375976663408	0.443531274586611	-0.011689283473966328	0.15974511867787944	1.203673213238109	2.2557386965039536	0.5015921929552379	-1.069308467089574	1.9792942599990508	-2.1020733690763875
0.21495891419399424	-0.11492638235658283	0.8744072817303565	0.4195193648735376	0.021959275039137933	0.12135651790147466	0.9605155557529503	2.081700986314141	0.6016655846757429	-1.175940438367162	1.3649787699617064	-1.4372168903169928
0.21818919314531418	-0.10155679730427732	0.8600580398965894	0.44986649233426074	-0.042003702347420575	0.1730580722217929	0.5395315593007252	1.7542195032304047	0.3474227417708451	-0.5298700113217042	0.1686245190873972	-0.310944360849203
0.20025158464723403	-0.11540182894267416	0.8716142168953219	0.43228506523926097	0.03348674225802099	0.16504104032216124	0.7549349474762864	1.9550447337514674	0.7448235428414587	-1.3295855370318648	3.2735226022448596	-2.230362131419618
0.23228963342401596	-0.10558783912655284	0.8620480442358847	0.43791084008209685	-0.009781198664494013	0.14179069898116872	0.7697807629456901	2.035934829520513	0.4925406631745402	-0.8870203973790463	1.7385887210355377	-1.6604160432186479
0.21090768493527115	-0.1090373347824429	0.8692303811485526	0.43366732935180596	0.021485051988258716	0.14851221928619893	0.944024915827705	2.282424989138271	0.5392051562977289	-0.9660079213577191	1.0094156035045685	-0.378894454981904
0.22190791528056444	-0.06737145983779587	0.8737378531186208	0.4275513157070403	0.020727462502070925	0.14476355065603955	0.24389122019045928	1.3834385020358209	0.6937803670614816	-1.326388829523465	0.9919233488137161	-0.3355657389565671
0.23838633612061683	-0.10843606322791921	0.8623607941975518	0.43329832168332544	0.04655468718683073	0.11843097350921994	1.2856820697827247	1.8534217621497342	0.5108518345410954	-1.2602169107735874	0.9587408455067612	-1.9393270781828844
0.21496243920939745	-0.10133758930366198	0.868890646893698	0.4342244655289695	-0.00929411125680713	0.08757112017388834	1.1112726565022146	2.3204821987053657	0.3572925923723974	-0.7235382284681025	0.9439635960536723	-2.7063659596024903
0.21932083607212136	-0.1103241316157903	0.8591777853770602	0.44893261182767497	0.04278521983966757	0.10474720241500869	1.2543241836863042	2.539359131599156	0.31149101327260986	-0.5848828747296758	1.0939324864725317	-2.0009911684238784
0.208623177561006	-0.13398989063112707	0.8619489437921313	0.44222968838448284	0.034765332389011076	0.17457674901036876	0.6913032186948654	1.8687702689098278	0.7052316912844552	-1.1344766640622563	1.3825405388501828	-1.1988635308013686
0.19952900781958793	-0.1068344149373874	0.8774348419628833	0.4229452457861261	0.05016896609608515	0.13820896938644656	0.5637162832419484	1.6931089759158702	0.7253629196056081	-1.3430914479103422	2.125441161661253	-1.7777409082243096
0.24779768399453098	-0.11867688679682423	0.8718875970707024	0.4053691187318501	-0.07025147136192292	0.12528402700351535	0.8238295323943309	1.8573854066331759	0.39099432366321224	-0.8007946802535509	0.7910225913191203	-1.600935908293945
0.20726551114248798	-0.08323375728959005	0.8759639049312533	0.42755161886711546	-0.05823412825353156	0.13653347676332755	0.10738107302726187	1.9582363680480528	0.8978752318758958	-1.5103938055021982	0.6103113201990181	-2.2749595224138157
0.1954026122508749	-0.11712964076132175	0.8814307129605611	0.413737071859043	0.02789054435958679	0.11377558342800918	1.4591314891133527	2.0780158745283943	0.5976096177924973	-1.3739941664860698	0.04790077413676649	-2.2868527019613003
0.19802414633566384	-0.13056704177426767	0.8734239843423873	0.4252872307580106	-0.012346121093296329	0.12490777457703521	1.0592708198183798	2.5125497117037168	0.45734949216376675	-0.6611179739546384	2.4363582354047186	-1.8454474327909598
0.22924182293443773	-0.10291604941888458	0.8715880072456421	0.42094039841202685	-0.016553487154906135	0.16736321050178435	0.8477939092661045	2.025350604525437	0.709725058482099	-1.4360621836775596	1.5863148548332362	-0.7122650390036753
0.23013143231174238	-0.10302684186210935	0.8703282353427032	0.42302926197051927	0.031553804251664964	0.12932156953942833	1.003894254427559	2.262649299171175	0.3534449226553501	-0.7222363425359966	1.2489251056814805	-1.3238501780663616
0.22682405241416964	-0.10286384110863396	0.8657516941660783	0.4341012364499285	-0.06203248967258753	0.14230078359923864	0.9636078315065261	1.8454693014452752	0.4607133907756827	-0.9850254617369182	1.0370490384534117	-1.0877756121205417
0.2226010322958628	-0.09959157713985706	0.8640317235665096	0.4404310148641887	0.04446735633728136	0.14602384969319285	0.5181417483822525	1.556129432409258	0.3826799693115021	-0.660737158136817	2.895203804370745	-2.9645575320573165
0.21735952305574854	-0.10369670813330382	0.8646599921910632	0.4408683798634744	-0.0037281934650360495	0.12867941123049634	1.0362159495359975	2.7243390817664848	0.4047662543588832	-0.6639432757223671	1.6305572303688802	-1.9735776690367384
0.20894389811540467	-0.10283101687578826	0.8727931215836047	0.42895267375897983	0.03060391518640122	0.12753607340092654	1.1806056845793085	2.296318003672766	0.6462040212863529	-1.339425299226783	0.5247347405176126	-0.8364378945492055
0.21236997570246904	-0.12227494367791192	0.8558843423833064	0.45542268721682205	0.028570833762219278	0.11658835757990803	0.8218528557918328	2.241464360446172	0.7200519230900312	-1.1346450753685071	0.9637156583586518	-1.6147306622531357
0.2129961726173032	-0.11201104556532711	0.8743561832292032	0.4214112254919207	-0.07495040519527059	0.11696020919163046	0.5393675363684959	2.1858502403409212	0.7404055872443412	-1.2278316808273133	1.1606590746642353	-0.8834711859802904
0.20370666304087928	-0.0701274629311275	0.8854635420806168	0.41175241349825825	0.03889472447867739	0.16021961782120772	0.7537963865398223	2.3866984433353826	0.4549469130830394	-0.9447889854817166	1.0886021899457874	-1.8218102396962232
0.22875745898546426	-0.13074244686619035	0.8678097118457703	0.42128700617526305	-0.04794865036752693	0.13530243695713642	0.8729136737381616	2.1393548581016093	0.8521254051453723	-1.5653550137647718	1.5099814833975052	-1.567942443292803
0.22229846316248494	-0.09650125070556326	0.878340465331184	0.41205452169544077	0.01661175357661926	0.12447349645812171	0.8441893860891628	2.5502691151403805	0.45839635056240324	-0.8352921510041802	0.447041574431138	-1.8336980983347126
0.21168716954274303	-0.11808214203037753	0.8658545919453084	0.4376539450201759	0.01362178311480249	0.12118602585144751	1.4599417729813333	1.8913434961884568	0.30111436741033437	-0.7915804528654479	1.1490433388945744	-0.3241028067042051
0.2101229875254228	-0.10104508514714527	0.8704902425709597	0.43345698572032354	0.007595593007420218	0.13447325421048492	0.5291712381993513	2.0769255197706573	0.6906482252574825	-1.1593548683820307	1.2043541778239533	-1.5059260278090862
0.2234280378173065	-0.10529960721200597	0.8642857161628416	0.43818044853118404	0.04728515774140384	0.09086682593797134	0.9720542376919649	2.025168724584321	0.33225237618233605	-0.664328323214962	0.9604879696600368	-2.2125889961464438
0.20962328906734068	-0.1260132056639808	0.875227751143765	0.41731898148383456	-0.012050864455092286	0.12636484304210133	0.6815912145071304	2.249826181541816	0.7439207416123746	-1.2232121787441987	0.9405554026947137	-0.5175325321847005
0.20341606579092544	-0.08876751263956519	0.8788189767762519	0.4223972525193174	-0.06333702932836227	0.12265544143998865	0.8228589928214481	1.885334406705651	0.48630681752998134	-1.011848326368644	1.8445373152135514	-2.5359405794928125
0.23271446611301436	-0.110295650748442	0.8670598049195367	0.4264811149167189	0.06165669726363778	0.09814975783979459	1.4341557294064033	1.7487022061947894	0.5014974368932257	-1.3498905033742186	0.5474662737924675	-1.749163307206411
0.20727073218309333	-0.11801179852897685	0.8722748334448339	0.4269059310047447	0.016294330600289814	0.1428821753766772	0.7381306904208939	1.9393566760424172	0.6045730961436072	-1.05756276330647	1.9010212542461773	-1.5020376640613817
0.20537946557067835	-0.12806697678239115	0.8666418107624108	0.4362912976649555	-0.0768166920167178	0.1658360915723123	1.0028093226132326	1.740434911077329	0.3621343785608524	-0.6805201033431955	0.5774196695830461	-1.1628576795247676
0.19282122551924877	-0.11068672326879984	0.8664513409628444	0.44702404636099846	0.053561191819904506	0.12235084171867842	0.653225186308476	2.347150805709032	0.6834619155075152	-1.025322342683918	0.5068350662835314	-1.3864508410924372
0.19991088924730668	-0.12482497464178242	0.8682508605042251	0.43657164967471496	-0.035861242265351714	0.09973207993694266	1.0693223644664676	1.5607590123929764	0.5191320854723478	-1.0758471396512175	1.161888359455631	-2.134614501878143
0.2126379634367843	-0.12778491819602536	0.8633002495728109	0.43950971579091874	0.03857968859432059	0.11915970036699093	1.194949811296314	2.0380434014313153	0.35413776234760935	-0.6811856321092986	1.159581266540002	-0.5322128767823373
0.19539947368720847	-0.10591394611390183	0.866629231523598	0.44671585685999715	-0.05985385705291643	0.10446542048337475	0.8140798049863582	2.082888743263799	0.6393880167388041	-1.1026609809030063	0.14041399614603553	-1.5401772764148831
0.24679244240277487	-0.08762873767249081	0.8738568061314986	0.4096205281531375	-0.0013901860915163853	0.11395014816260796	1.5877642555480578	2.1006838969758714	0.41924892385720736	-1.4016179037953163	1.7395004909848926	-0.8650846993441116
0.21142504712729016	-0.10517209013705102	0.8675098679569874	0.43779551151271234	-0.028256858441279325	0.14498029399353954	0.6793866177757956	2.157817773096796	0.508590313850625	-0.8175146819699544	-0.004480419083247186	-1.5588506062842875
0.238620819546817	-0.11949810822065259	0.868294993349363	0.41814364892333383	0.05473442542491877	0.11996106406628038	1.015606009490574	2.122992706268652	0.5750062666349235	-1.1668865230308432	-0.1305316057700585	-0.3395692369824304
0.21645488305789012	-0.10153720538601692	0.8685866053260652	0.43404468499330234	0.014357804281501846	0.13421131799890187	0.7708483677988357	2.156141141946025	0.48693441496665374	-0.8544513287941511	0.5538739303245531	-1.7601217457900369
0.22878055705458802	-0.11604983416492559	0.8643421088858562	0.43255590564785545	0.004727450067246544	0.10318026164746692	1.035681261569891	1.7902430304852825	0.38347265496996596	-0.8337370678291511	1.3020600365622095	-1.9780303617561465
0.22025033390022175	-0.08952057921248466	0.8733842730484955	0.425059722751819	0.05895550903445291	0.08935507459358889	0.4958585850118428	1.6456581462654305	0.4895762134036663	-0.9162969175264054	0.6842815390628924	-1.8252312707291989
0.20291316168484327	-0.09911609967175655	0.8658367255886825	0.4464627780933003	-0.008843464561289002	0.18123378711195046	0.6986954133397213	1.6384942609765418	0.4696604120978447	-0.8646243028162746	2.1467307932915936	-1.6225739698902524
0.23066446832800394	-0.0910113615515468	0.8621636154752953	0.4417971653033324	0.006034450055276113	0.08810348101926857	1.0908003118114658	2.0411940608229036	0.5093455734305888	-1.143004718190379	0.11264551563679899	-1.156477826088503
0.2300351274703584	-0.09061319103260848	0.8659370148709953	0.43477140662294433	0.005121963179784747	0.1442044617782098	1.1489220768133455	1.7084359165538496	0.3640902288815415	-0.9769842399717897	0.5956005012904707	-1.6386452571342034
0.22533262727202655	-0.09181483900600439	0.8702412702643145	0.428340254883591	-0.04023531788292326	0.1292446735606163	0.6708104784692734	1.7617588115997256	0.43764308921721884	-0.8643945076889004	1.947803077623032	-1.3830053910745779
0.20309429470840565	-0.1175503485389213	0.8685370561585181	0.43655240818803037	0.024676972767196697	0.1538395277472614	0.9693549572446246	2.1543051093163945	0.6265497638587694	-1.1174210087806307	2.002307802492833	-0.8053950108431286
0.18668199042734476	-0.10846681523739125	0.8829374103259058	0.41690084419358703	-0.023839962966162028	0.1362046263538109	0.9391659578636116	1.6707531008076033	0.43146859652837477	-0.8996476570926342	1.06042175059853	-0.47727205194003625
0.22716080325689725	-0.1195479781381217	0.8581598762851259	0.44459855726381486	0.005308304206104882	0.131616885817146	1.2429441335984743	1.7787214622278	0.31981396261194733	-0.7740851567733933	1.9189331054123677	-0.5547520420182536
0.22554802648336447	-0.11320923822418838	0.8644433913415377	0.43479809026270977	-0.005917108637831628	0.11967345610510886	0.7487088131107416	2.0005722627824283	0.7410532338603786	-1.340817995811395	0.25748237646625866	-1.6057137423703904
0.2214747762296303	-0.10916321991888994	0.8683914937362622	0.43003317141527414	0.021005635478591068	0.12062569786483189	1.5055124937513373	1.9158237563526885	0.34327022342404956	-0.9822230534174916	-0.11254039433582168	-0.4568970368914714
0.23013953246999883	-0.11560945569096356	0.8700725792908803	0.42029032360434404	0.03303049282885448	0.1347146984743375	1.187724010215413	2.1906346708211197	0.2926665669008464	-0.6536560701245973	0.5532248796052582	-1.52788779274482
0.21626619620987925	-0.10827933043988909	0.870119345918278	0.42941453496027265	0.06149369215282751	0.13650117732320588	1.3632082133587589	2.1305088400453633	0.23645908466032414	-0.6284682663450848	-0.1258146022655851	-0.5180181862123009
0.2294557780686197	-0.11254607973817014	0.8645188512100473	0.43277081896652136	0.015957182203502968	0.15589835102586344	1.139140035486173	2.4752893155696194	0.5869025571573029	-1.132669897066805	0.6669419343648585	-0.6629446550715848
0.20369210154515524	-0.11221648902765206	0.8726953743123372	0.42932478499648097	-0.008052053255252328	0.1394775472320627	0.5121746880970922	1.9401044803671317	0.4903132611846718	-0.7325650682980069	1.1135220214906139	-1.1017567721242238
0.20126670241437253	-0.12004767067212732	0.8554575582120489	0.4618145053626181	-0.03187940804453059	0.11995930858717198	0.9381272054609467	1.7194599960332402	0.36751992769989983	-0.6426699426905622	1.16610339538246	-1.3395485423392623
0.21593008878541928	-0.10552496300245758	0.8676837619502202	0.43515924463162264	-0.0077567016198651015	0.14302716478166208	0.8238803729626542	2.458832290708824	0.6375744475119934	-1.0838454578068257	0.749653691795109	-0.7463986120361169
0.21696621046687695	-0.11011645156730938	0.8668067737185561	0.4352540035950218	-0.05229826070768833	0.10674524503782469	0.8228033726073185	1.8886790531419018	0.5711906563460989	-1.069853052222115	-0.23650251373162146	-0.48193538235509353
0.20483410775981747	-0.1092360541601552	0.877380066003631	0.4198984312297714	-0.0015861357979495788	0.13960740581937967	0.5452297843128805	1.962874180977789	0.7054924648884102	-1.2294641109942779	1.5631461679209215	-1.806547309278315
0.22698627949353145	-0.10449521088354737	0.8574958027756698	0.44973206250632924	-0.025903945330154988	0.09120839047317071	0.7848277936607077	1.794310468297837	0.27484073800339903	-0.5032397916199676	0.4569109754546899	-0.37100303853951133
0.20874355515794152	-0.12455037871299678	0.8753014625963497	0.41804387439497703	-0.030383150941097475	0.1513191899067056	1.0101780396379811	1.9564435404678489	0.5690883052111138	-1.1130798125241044	0.9569869879538971	-2.034472134045494
0.21999241759306057	-0.1006051497798416	0.8807102852945692	0.40722393521954814	-0.03229446015248741	0.1602206776515446	0.7583065014310235	2.0294620935613885	0.6607995358742418	-1.3373975429508844	0.19799017783155334	-1.6751820751478714
0.2039462536222778	-0.10818328201976726	0.8681076731524133	0.4394216323063441	-0.05690285478985452	0.17601168973588321	0.618885062848016	1.8276015796320968	0.2771362077907925	-0.3847953968165073	0.7154986894643908	-1.3376663689807071
0.21187654537453074	-0.09699447233488455	0.8767730694759233	0.42067729496420375	0.0023449041413908813	0.15259114140711644	0.8603708789488591	1.5910020711988773	0.5121995363966896	-1.1340207056911706	1.2881223472138146	-1.4358254596413544
0.21895595651712038	-0.11929274516343448	0.8561181786055091	0.45264687596207975	-0.04461791714143013	0.1761684296148486	1.3518494605338156	2.1989291474180064	0.6503453123410039	-1.3044421002442226	1.3534549500635373	-0.5947174169264902
0.2255394387016521	-0.12376778405548725	0.8692793932182964	0.4220981328389982	0.01816556278603437	0.14462146644140297	1.4231819307490792	1.8686835574542728	0.4199870464434753	-1.0774435618975802	1.7577273780596467	-1.7183778871271453
0.21848507167650422	-0.09472418525938625	0.863079928059272	0.4454039065417595	0.020371158688255106	0.10533393736113089	1.1317900649207808	1.9431489604464103	0.4018527648049404	-0.9206185232254717	-0.00048400602524885833	-1.2441986770126192
0.22533632775392765	-0.09692789207233853	0.8722154016367025	0.4231652351983953	0.019736738395472877	0.12751530022727028	0.8920729369965165	1.9367442481139385	0.4321399289879898	-0.9221244363354072	0.9676078016936582	-0.38494891647208695
0.2239826942106155	-0.08594736861978772	0.8708361841089084	0.42905610701646407	0.027717616548230795	0.13303408394224284	0.874077053340885	2.4678594248864214	0.5000608265626478	-0.976895946320875	2.1918804893033177	-3.1971297073216545
0.24460933705756316	-0.09714598126736576	0.864132667005935	0.4289564830621746	0.05018605129413176	0.14654663813589147	1.0640196664152064	2.340778672152858	0.631923186101404	-1.3496412694310584	-0.6868311069102289	0.07550959336804881
0.21239257388397015	-0.11263009978832081	0.8795822380350286	0.4105349457889127	-0.005628533109482216	0.11118344130250157	1.2065800326963467	2.1597860371758095	0.45423440374237745	-1.0049040636389506	1.1483003828663507	-0.6508580971828279
0.22886412012674653	-0.07682303612690411	0.8636530809175664	0.44251869052103315	0.016208514227175373	0.13069474913650955	1.2016460076140334	2.6411491542890015	0.37201439807967634	-0.8890109023958249	1.9230143721790753	-1.4791619495900867
0.20706199933216182	-0.07908159867371281	0.8719640100123548	0.4365205544151979	-0.003561957887066026	0.13456422936869	0.6044905467366046	2.1650571084574306	0.4779106352872024	-0.8491506620968603	0.5936679609252346	-0.8981776106151806
0.22632508403965054	-0.13262085575882088	0.8589009621854934	0.43986111684152857	-0.062181546576929904	0.15996020221272508	0.8590770519962846	1.5346187043763817	0.43175576112935055	-0.8224043111888931	0.5362187591124812	-0.9195227985050812
0.1911171536449591	-0.11182497835116269	0.8883459615733131	0.4022572067170413	-0.08555384727018144	0.15804828880091845	0.327426307121273	2.304136477744106	0.7737269219016555	-1.2237293709489463	1.228504367352883	-1.8091062005794294
0.220814076952007	-0.11294654697206068	0.8650665946746758	0.43605505125486316	-0.0029608961588214757	0.1355797399163012	1.1068796797105593	2.022521502389766	0.5402110605582213	-1.1083378946590228	1.5297328056622188	-1.2437062689848017
0.24190362447875477	-0.11104677688228141	0.853038290472214	0.4488618103563069	0.03257440836313718	0.13758836125995072	1.2375796126617835	2.0347128186518817	0.4281087366751988	-0.9771823493136966	0.8952415857926185	-0.8603897229421679
0.21380338732793103	-0.10800951831095496	0.8641557922684129	0.44255714005119134	0.0007424088882827491	0.12949366872642099	1.0083431525044213	2.2958150234569037	0.6227581040132948	-1.1428520382394354	0.5672726213186432	-0.9143250381795136
0.22957672557069522	-0.11863733998397231	0.865741708506285	0.4286152153043379	0.020126574993241293	0.10842072051193415	1.4473828729203606	1.8080093355727913	0.35912555158046583	-1.0001930768200886	0.7892939148409076	-1.6676288035011684
0.23506328724018272	-0.08967291632653626	0.8546479998451884	0.45418147851927254	-0.049049576611560806	0.11780943069265531	1.2278766856266279	1.8109437966653446	0.2825078006359504	-0.8095461013765658	-0.14934026885986654	-0.1621181854065462
0.18584013942568503	-0.11365143253799762	0.868749603507608	0.44477063849323145	0.029225098158725805	0.12717886823937977	0.8104420245774993	2.2442139204501497	0.4018792594742958	-0.5501419338700145	0.8063665379124668	-1.0080016136750591
0.22740801732046312	-0.12803182243356312	0.8540668859129369	0.44995910979742926	-0.06781051920770494	0.10286607752940631	0.8566010087401454	1.4568164736573463	0.4638201801370071	-0.8987761710480202	-1.1461905060949265	-0.9973324440514157
0.20939342507656028	-0.10801448605388864	0.8609920762607636	0.450754821331287	0.00560201188708566	0.12025084877459874	0.7216305636402868	2.15068564308627	0.49467308166373625	-0.7647374543726752	1.5291341087557866	-1.3853707688028258
0.24223700396678252	-0.07308526696873253	0.8703554858349527	0.4224465716967171	-0.01172962868497071	0.08997342265154097	0.8773356970871896	1.7670587554609367	0.4326643513500668	-1.088774373806895	0.9064903964022308	-0.5379513181375032
0.2310232300014184	-0.10870082479454603	0.8673617478824212	0.42719550114560956	0.03733381075815499	0.12388609161954944	1.485046537035403	2.2646036455147662	0.24625248703376462	-0.7268474277689361	-0.33051953490793107	-0.5136241678321619
0.2281677808429124	-0.10909461155549785	0.8610428259201461	0.44118372754015384	-0.016966266593242484	0.1320130864049795	1.6397818724534399	2.018401281698216	0.15854549708393761	-0.6583723102837754	0.9354552551203169	-1.2951298056492913
0.2174920547747733	-0.11542817166953262	0.8674972136242108	0.43222925357859143	-0.022337471559970123	0.11733138325614574	1.0388848740719718	1.6426141932076461	0.3498224273796559	-0.7861921215595895	1.5956472043842747	-1.639569734750232
0.21026115033777465	-0.10441819333810315	0.8627662211707172	0.4477963121391726	-0.032450653316506255	0.12269066759748891	1.0100947217186578	2.2038713388966316	0.3473756183700734	-0.6296687947752087	1.1426595055898419	-1.4157485085054968
0.21502536150221396	-0.10584797253877386	0.87042453298168	0.43002492137537496	0.030880318971128178	0.13547705996012155	1.1374334847791001	2.412952189787686	0.5815066192404769	-1.1518601643393944	0.7218553820080263	-1.1125132018003328
0.2297321114185715	-0.13814992609008458	0.873398771039612	0.4065862044523455	0.07707180212659083	0.126090049974366	0.8631063157547957	1.5156308308349813	0.571169964200041	-1.199642507500697	2.143884761642234	-1.1795439847834708
0.2160700030335523	-0.12477713889888398	0.862757701110126	0.43976535626679375	-0.015260015957979114	0.10662422919557518	0.8318908029560087	1.725467547705752	0.47440519032412604	-0.8498724843270845	0.7785904885976199	-0.8843145804132773
0.21148917744718757	-0.1102482379984285	0.8666372803127775	0.43824362883335366	0.010049451949267964	0.14752163547679117	0.7831952503509331	1.9899978093832753	0.5800108477181566	-1.0243220009505136	1.2755303229788646	-1.618468674900038
0.22280490861117902	-0.12032546412678237	0.8611439598000459	0.44080702794004506	0.011884292831694987	0.1379213540855312	1.2338902636358795	1.9436945088885058	0.3938399473813397	-0.862494768096226	0.6741353498086055	-0.8548019778782727
0.209108640099888	-0.10811668074589968	0.8685102407716144	0.4362044493754015	0.027273479320361078	0.09918633320849735	0.8378668716740703	1.9207206199621545	0.6666433409385708	-1.252921269785121	1.1324941557387453	-1.994951067137211
0.22058273011371574	-0.11097050144956662	0.8729500152329799	0.4206983217085036	-0.035628806776456905	0.1364384640534238	1.0244262184557718	1.713474759892199	0.5747973419971426	-1.2778632560493204	1.5771336645737193	-1.4712196539668838
0.25189428874541736	-0.10372666033556016	0.8725799982515847	0.4054555387269189	-0.026850551541266046	0.13862294416405627	1.8314307648190782	1.9497070193337225	0.3570289886296241	-1.4073718371395094	2.2723221958109945	-1.4488040864013936
0.22020926688450979	-0.11551230589707885	0.8663760727264831	0.4330788456754291	0.013956395526803944	0.12135858158980518	0.925765413336038	2.0439042208349	0.5465270339668115	-1.0188998680717758	1.460734831886423	-1.1320798162469259
0.19392962379970308	-0.12002600034378692	0.8644543291231289	0.4479997467796831	-0.019819758759585856	0.1289112445324155	0.9393047318050218	2.094774988732282	0.5857700032544726	-0.9756768124988403	0.7531001691325551	-2.3871793124059324
0.20631431923471255	-0.09530452211398405	0.8754552395612107	0.4265320307645901	0.009799115886170507	0.13451560453974234	0.6706922583422028	1.922000181767928	0.5275273633430092	-0.9777101648672911	0.2230814022160094	-0.7215899304727523
0.21872756860411344	-0.12105367453626126	0.8731648707510734	0.4184344238946681	0.00995865374357359	0.08577627356423186	1.1951080567091752	1.992148153553355	0.3531124065654093	-0.7852403036919333	1.0532407187701587	-1.2729370201441077
0.20947144352179728	-0.11573318580125704	0.8731018364689216	0.4247596110834724	-0.05171770402090644	0.12264313783920915	0.538682444370631	2.054062729723007	0.8285279786446884	-1.4090432559479846	1.5521739009391797	-2.1006919635113035
0.1869613552528467	-0.09892908317359336	0.8649044118378681	0.45519100005145374	0.02775995050213374	0.1220812816046442	0.946014805629401	2.416345483369757	0.5615529969020563	-0.9304029106524501	1.1642763842433064	-1.2890842423113844
0.2329748611199289	-0.10721237502890488	0.8662733813344927	0.4287174471818424	0.0325225372230019	0.15378946912615657	1.1382163409515889	1.9996734152067424	0.4643005987248829	-1.056633711601774	1.9071773007568227	-1.0198034595336427
0.21303533645421596	-0.09021545535784677	0.8596732353515141	0.45545476773953686	0.005714752119922689	0.1042363177270929	0.46425512730098656	2.204123586212034	0.43809170636824096	-0.6074641620670103	-0.5378054288453643	-0.4955293134205394
0.24411949582607712	-0.12254447659822003	0.8658027223229617	0.4192543011479295	-0.015583264125836813	0.13696020906746414	1.0974049599257982	1.9397289144575987	0.5537770513405256	-1.2156263112498493	1.9503577858832024	-1.7743566786786769
0.20819529751591126	-0.10895709492190649	0.863484756935521	0.44629266641795057	-0.0628830253924867	0.05961482855661877	0.7178539791058213	2.632966656222056	0.5512149686561678	-0.7585586176246241	-0.04967034110819809	-1.824266023478555
0.23770485848493875	-0.11328750817626693	0.8610621591996888	0.435010688073566	0.04922520821356988	0.11928088999984605	1.0666606865934174	1.6771981587693996	0.5048012896378085	-1.1452824712467586	2.229985433933233	-1.316230297201644
0.2166953148089847	-0.11513431786822112	0.8619805944766283	0.4435951804681526	-0.04158447475130008	0.12077574845160786	1.2185543032561827	2.1346988349290137	0.43164775127052696	-0.8799687565924679	0.7852899984168938	-1.3547572458163197
0.21972445682196778	-0.12586074124331312	0.8733069557525533	0.4161912996714163	0.0032684034850371147	0.1371374295273888	1.380747151533136	1.9352929175540325	0.3105090584308282	-0.7952502552694811	1.562280784183401	-1.1796908306712603
0.2352654745652952	-0.11839144752187253	0.8633833330024855	0.43035199770044186	-0.01416399922815461	0.10255927677946342	1.1849192844021663	2.077000613817478	0.4085083279370135	-0.8959427919158751	0.34062387138345634	-0.36200090865037793
0.22064088259864933	-0.09791067277223359	0.8603804531281476	0.4488614228894941	0.060150839150791335	0.1219231919963631	0.890743700107561	1.9268112383773364	0.5157004799750171	-1.006051491880547	1.0358037620213192	-1.785862012505856
0.21513067987769946	-0.1155697724080391	0.8582652605494407	0.45137917631954794	-0.016222829304454678	0.12285724521615497	1.0722502440822665	1.797649382019568	0.2837777599008271	-0.5903608342573703	1.1084105507612738	-0.6660749373818567
0.2256803875184518	-0.11248899284405216	0.8707612876434238	0.42212482646726507	-0.002216937793189613	0.1306473642072603	1.1505535373408298	2.224903065683062	0.4938102350591407	-1.040855859964786	1.2074829963622096	-1.040188770254219
0.23412682573513124	-0.11250920521378494	0.8648104543150015	0.42968498498415636	0.09181778118245422	0.12459472551996954	0.8765571058345545	1.8814672311073386	0.5745776665751938	-1.1414034466323764	-0.5944313689618227	-0.7752426275766062
0.21090624446287937	-0.11924704879167566	0.8635829756932913	0.44217998766764643	-0.1046382811854516	0.16806903012259722	1.1946719931861631	2.190381239986689	0.6644122778222676	-1.2767253891283024	0.09055516050806038	-1.7990371762972126
0.21430165349418082	-0.09519004378971854	0.8771978275566787	0.41897210909894084	-0.016406120070089025	0.11264279687156642	0.5085260100285974	1.709923927599641	0.6891476567270851	-1.314476659985377	0.8266950239765212	-0.806184258476545
0.22702376963340126	-0.10397450898373131	0.8684158491860077	0.42837299446344357	-0.033777769325083626	0.11703921865522081	0.8354813786920511	2.458404168823088	0.4266480565630027	-0.7109941662813003	0.895906920877917	-0.9947610396025842
0.21032987315669865	-0.1250274625248034	0.8598664469840092	0.44806157101852867	-0.028660270924901688	0.1712618408056545	0.8104474771212202	1.9335956915233137	0.3470151859056637	-0.506839867210632	0.7262918886257846	-0.5905561755646981
0.22028643392686392	-0.09289443744459895	0.8777415694693049	0.41522794672950186	0.020583342899873687	0.1089635756389918	0.7256032531151525	2.115088312565647	0.592290500678013	-1.1637911455288423	1.2152904793413508	-1.4892765012224842
0.2321601753464303	-0.11219831639874377	0.8577905574781668	0.44464429635574765	-0.007034507113195171	0.12651480882187263	0.8430585818345786	2.060881456938224	0.7265774292575617	-1.3218396397551577	0.6373839360859718	-1.4030427525107652
0.23754143638363595	-0.11376732422987784	0.8641055682279873	0.42889699100805057	-0.03273220706324376	0.08070987252435784	1.1882289650988793	2.1184403844778315	0.7314310973465203	-1.5697895278991827	1.4071463490558795	-0.8394351826802593
0.21708259731043084	-0.10825912373688044	0.877905020232355	0.41284123282868496	0.01989627178520635	0.12905996801749586	1.0265381485492098	1.7868673565416184	0.3082352752729252	-0.726672010911675	1.1930376135320637	-1.301864910305533
0.21563745488771113	-0.08795850610357425	0.8674910388266467	0.43957148088683295	0.05190476913137487	0.13390058344361538	0.9019131162573738	1.9582503910818665	0.5974065020940372	-1.2295753490563213	0.666864134145016	-0.8660193919461844
0.22510725867908987	-0.11121889636680313	0.8723006967181933	0.41958142676468685	-0.03601695605065817	0.09745719017074424	0.9711592505930436	2.144725693051068	0.5406997084554275	-1.076629411209639	0.702212905815308	-2.2954396585622283
0.2260154649523862	-0.11966763491531983	0.8701546433759113	0.42122151341956765	0.04481785611141597	0.10305222679874239	1.0642593371873093	1.867325693924514	0.4399755365658782	-0.9494466993949643	1.1166030542493492	-0.7946281587104379
0.19925720421508158	-0.10405338825728509	0.8759761746437659	0.42677300806991364	-0.031297808526208455	0.1107398713563386	0.5162160130009619	1.9480497873615557	0.4904096353317672	-0.7726489932210545	2.060544483178282	-2.0294075662395157
0.22526399914888745	-0.10686375199518147	0.8616848467332358	0.44196775233865454	0.012679394510517588	0.12834682844327425	1.621038697737231	1.9650756489445584	0.366835554992652	-1.0662835456055033	2.11336619333906	-1.3845833241240655
0.2117121683366279	-0.10822986133226581	0.8653368072859198	0.44119889488802305	0.0019945594127347313	0.12636432909039175	0.7067933947712544	2.2395873075777413	0.5218024875791804	-0.8131965905287792	1.331253545511662	-1.8129484866124352
0.2200195709126026	-0.11677706797014742	0.8711850342441463	0.4230734462487048	0.0074699577657057715	0.12942941184204712	0.9575618941651213	2.346933601179074	0.5510321747325434	-0.9848533868495615	1.0593575876605632	-1.3351455676996633
0.24838619630717118	-0.11744211955116782	0.8643266085790133	0.42124952194831683	-0.03372915085607026	0.11002936924050115	0.7608485448751307	2.812587884365761	0.6082267460248479	-0.9124628850009585	0.9315536468669375	-0.8538963833322901
0.21108342258231846	-0.1071371972210876	0.8772344435717863	0.41764235979345143	-0.03367582931716746	0.10849129811519996	0.9313709919446177	1.9167718526959379	0.4718433370517658	-0.9701042779651917	1.3391322023152294	-0.9612333518072127
0.20845327249849938	-0.12039175415260078	0.8639084873590982	0.44239708880782763	0.06393020636402014	0.10647564194900645	1.0928651985490767	1.8095295858266771	0.54385859298914	-1.0845526621977641	1.2443463015050005	-1.226129906664671
0.2121640836427164	-0.13493093158007835	0.8623972616655341	0.4393757030000259	-0.021394768972984212	0.13096643171407454	0.9433730818725788	2.183812277839635	0.4480599380917786	-0.6643328752207943	0.32213296467415264	-1.3684103165582098
0.20354101747475364	-0.12663226582796858	0.8744339962179486	0.42178253841870395	-0.07689081870722386	0.14066868806709062	0.8054818400364467	1.8104593573559962	0.6741354218935308	-1.242756410899834	0.9808166813983753	-0.6124212034968965
0.22179209838119	-0.11674669530227041	0.8609698677824578	0.44261649427277844	-0.01934281251594917	0.11524986858751822	0.8731489366624677	2.0173504249240164	0.49515174013131213	-0.8685832378432395	1.0602692479307307	-1.3212615290476224
0.2210899407897115	-0.08997422380628395	0.8789738623064849	0.41283026356370617	-0.010644235869569413	0.1233610652710088	1.2101533487546665	1.7665852762859833	0.2883538452214859	-0.8770216677454983	0.410803201346617	-1.316755906780233
0.2193689785059365	-0.11574454432221433	0.8624337723142986	0.4412351301750955	-0.022284744616581215	0.14051933217515855	1.030391990345123	1.7724279636279727	0.47043993677630885	-0.9668551562080702	1.255328986214846	-1.3398244557371475
0.2264681761593215	-0.11650393478109827	0.8661237981785059	0.4300797188852675	-0.016932834253442868	0.10471369494297511	0.9079938292216823	1.984695053757367	0.5511858495310266	-1.0505078129085725	0.7976843591720026	-1.6913845818117437
0.19464047572457377	-0.12049097786500916	0.8688858354913568	0.4389013720021076	5.564549627456369e-5	0.12540603645661538	0.6977033387921231	1.596433416064002	0.45085475387171264	-0.7636950286878045	0.3133586105108615	-1.1843548097795529
0.2174669094273523	-0.10030168618979703	0.8640586496503605	0.4427757502573901	-0.005829197660854157	0.14201901935546823	1.1392728176337992	1.9553030586231173	0.4837105030764028	-1.0605553458841501	-0.45245631379233947	-0.8722531255292348
0.22900785301745175	-0.12927581234612903	0.8609034508404647	0.4355323362616894	0.06358102564806992	0.1351044986655466	1.0288527828318887	1.9450719052115115	0.3733139436676647	-0.7015595701171413	0.7742232546348994	-1.3088080170180796
0.223944982572638	-0.11658886691134719	0.8640105651382223	0.4355931866115434	0.014327402371937614	0.11099012368347827	1.2001096669425455	2.1932022504329343	0.5340338387252123	-1.0892421335927318	1.1107541736829873	-1.0006679340480629
0.17839021780374062	-0.1223280131428986	0.8775905192681871	0.4278407038642285	0.022391493362817677	0.17500053873331464	0.7871052856356334	1.8057418805383947	0.6643024230003433	-1.17451324910704	3.6301271578218084	-2.883962418955375
0.1950422874714809	-0.08613172299780751	0.8696914036272939	0.445170411020441	-0.06437731634422401	0.12801121078157954	1.0026052939991894	1.9465300880336578	0.5202996586567782	-1.0791206427355347	0.6900254237233128	-1.2270656767906123
0.21352305970638627	-0.10210641457898623	0.8646063829068622	0.44321325083097385	-0.05434857838121628	0.09512462786075099	1.2381035808259646	2.0981240806026853	0.47582137973910293	-1.0413270333860336	0.07597990841497898	-1.7814146048319366
0.21211563040379972	-0.11591463933454006	0.8727189502966177	0.4241843815129356	0.029465338800431753	0.08775926406539092	0.7263717595452096	1.9065194707672939	0.5595115583006484	-0.9933831726223005	0.11341575192876163	-1.2825232345205784
0.2240239901125126	-0.11393266959243958	0.8664741557138997	0.4313410902447079	-0.012967839632194078	0.10895023584955454	1.3610155175006442	2.02143423179774	0.49292476620266507	-1.1631150158742907	0.7967308785576694	-2.135119263262837
0.20501190192583732	-0.10632967529083134	0.8616226982385271	0.4519628813314841	-0.037787872610173905	0.15018425636054414	1.3317683436671557	2.3483514602380384	0.19973900708426764	-0.432399613162175	0.4870410328057814	-0.8893374370109116
0.1917049982575936	-0.09715664165909194	0.8709550997334281	0.44186762143533115	-0.01682779138936712	0.10344129489292923	1.2696643773817318	2.133942551630227	0.6583848441982774	-1.3793677642767865	1.0418636570033957	-1.261883914328748
0.19699585851099827	-0.09154198562722334	0.8736674682233926	0.4353364808571268	-0.05388262831204851	0.10404418671906797	1.3857215125082512	1.599298038407401	0.30820492829390334	-0.9092899809023913	0.4824839578077588	-0.5412318464514964
0.2309729915273965	-0.10339592368315612	0.8598062164115025	0.44350200717779004	-0.006666079673178932	0.09250116800617447	1.094952333513558	2.0468070199085453	0.3839861382417524	-0.8374856850515375	0.5270402016595152	-1.1166920838612466
0.2206010511906403	-0.09431726701165989	0.8648672166988436	0.44095819171054224	0.0563652499467689	0.10093660104824707	1.0274940539317978	2.192940106791626	0.47153248098376493	-0.9698133366096806	0.42596330515960873	-0.9377672651828806
0.2036975951318931	-0.10141730507525389	0.8720797157133464	0.43324218332254444	-0.008718882995492436	0.12636218433801635	0.5427769934492537	2.259576683935205	0.6277818422837926	-0.9899266909392803	1.9787823625974514	-0.7328790605536734
0.22511632912628468	-0.10554198999699972	0.8642646770435282	0.43729863334227953	0.023461582184306867	0.17077421004505122	1.3302427883267438	2.2241544343855075	0.4120056699060796	-0.9622706394356533	1.0447607583543441	-1.7180325253662894
0.20832086390688515	-0.11207249253918068	0.863920386415017	0.4446163964741654	0.0113144942356621	0.12496974736301993	0.664960429343934	1.9870189134508154	0.6187153201684314	-1.0129085449930393	1.3093256183328845	-1.453180155560921
0.24858381432877208	-0.11476616925132031	0.8619682215080171	0.4266680193774098	-0.022304185194390858	0.13754730271454677	1.218045158924598	1.9805369438261475	0.3724543364618408	-0.9293676992667581	0.8266504753919218	-0.7278767050407301
0.21137648203353893	-0.08979024813183209	0.8705999124242808	0.4351016969288716	0.00890557888473021	0.15280557414698884	0.8836650164099306	2.0832853556486732	0.38648195251206596	-0.772689350180273	2.0742567952105166	-0.8995640486622264
0.20002521817045316	-0.10960526712883337	0.8676072912381444	0.4418531268463418	0.0420650144833866	0.12476355287357284	0.5636074156964093	2.196243515704754	0.6327934562287499	-0.9528778455077853	1.240059076266058	-1.5589579746721727
0.22156642014450814	-0.10439118286282761	0.8601136892799384	0.44745418080301863	-0.015068348600199474	0.10995379724358768	1.0031624045668959	1.6721135640440052	0.4779194598424487	-1.0253077956101206	0.9927484513925356	-1.4996048880909418
0.20452849950384808	-0.10428946252991889	0.8603607011725914	0.4550508375706299	-0.0057442298662489745	0.128904335394232	0.8373727476248453	1.9293857394044431	0.6075707533576024	-1.0829163436403186	1.36692529213662	-2.05116305663707
0.20544473728964496	-0.12022381271206681	0.8665314890581339	0.43870476775122474	0.04413125087489644	0.12983171467315788	0.9567964926825916	2.0604583008862347	0.5867394995541821	-1.0423431361230968	2.438064511860212	-1.9256835368617775
0.22897930575152683	-0.0942852994380342	0.8569788005093677	0.451958068104724	0.01196468842652748	0.1579286613373613	0.7715864640192268	2.677534039914957	0.41764943055431614	-0.6242657496136789	0.8014139939593092	-0.8429056301197235
0.207009737052503	-0.11215084281753965	0.8641846388516814	0.444695476920508	-0.041815339870455354	0.13455694041013735	0.7843389892857064	1.8089672005763038	0.4179917809955867	-0.7211917024245192	0.45641652594219023	-0.7041729082144758
0.23627950315159785	-0.08950756588279235	0.8720646400599628	0.4191224828105254	-0.06663726597855278	0.17289048134068807	1.3010461346419187	2.0097793995888016	0.3913927904389456	-1.1186226088951645	0.5601576762914012	-0.04072523133841146
0.2234546712082177	-0.1096671673035923	0.8591689228880941	0.4470680980277453	0.06195051739391257	0.11691345884972522	1.331599475604312	2.296817041967331	0.6440842721124131	-1.3399388083330181	1.2663311076862536	-1.716075513121977
0.2374087870701616	-0.1353533621221287	0.8668642212975803	0.41696877223390516	0.05929692448002643	0.10164293839539655	0.9295160298401771	2.0834064492531192	0.6245691961581181	-1.151395326166147	2.019395937155002	-1.5532640086684293
0.2159202783917597	-0.09915053239236608	0.8654523255961796	0.44106674939933954	-0.02460053988764815	0.10398093399116488	0.8922459645306132	2.444058079125241	0.5886395747100046	-1.0423905833053273	1.4571066815706974	-1.083249456395654
0.22511475278610138	-0.0984921137956892	0.875116580539771	0.41688562227844667	0.007153025763748148	0.11100190232904283	1.1718997977782974	1.723189377941459	0.42473234705701757	-1.1172889235630046	1.0014553496180423	-1.3533106783892694
0.22269865573534584	-0.09714575413619829	0.8738200102505475	0.4211966297024616	0.04486922871254521	0.13478427083185102	1.2025384226515632	2.2243444454664654	0.631706143174253	-1.4333342137885414	1.8736679320061806	-1.9949568632757257
0.22285755398336685	-0.11236354626343197	0.8709012983784618	0.4233673022168408	0.04931598250099004	0.11187615235874537	1.3041246300740168	1.8530405859881172	0.1110763286473077	-0.4231699789662974	0.6274359714067409	-1.2513098330653272
0.22193062564042892	-0.11203917843203436	0.8604453480699713	0.4447783975013498	0.0027930213538911812	0.1455361487735164	0.7396666735785242	1.8453476628452667	0.4978185228195462	-0.8672837661994802	1.5987509844778616	-1.8680663749213695
0.2313574720427448	-0.11909230566101013	0.8624733705710007	0.4340857379806812	-0.008110870201738389	0.1489753790521222	1.4072363124686424	1.7491873108565026	0.3709409628411532	-1.0071434055281798	1.6096808620976109	-1.9284320275288724
0.21656354901368197	-0.11827923270166697	0.8756602657118024	0.4151257055442835	0.006001707708916633	0.13803246865102523	1.6251627784432967	1.477957170017004	0.3195164651291703	-1.100696115997662	1.717375230859589	-1.4240203467381394
0.20111601769237522	-0.08769493324014921	0.8698291978166841	0.441881333320553	-0.008145864763945895	0.14491564296991452	0.7782640234126668	2.2303839416814664	0.4956955362692251	-0.8873387747888312	0.6352274962832994	-0.8326469676093119
0.2261688767388687	-0.14944856738206314	0.8506929633538184	0.45037123243211963	-0.05279094028228529	0.10289002590884828	0.6300189968925135	2.4078518527685384	0.6804917734422363	-0.8027383106197526	1.3774658763166043	-1.5856747736981738
