0.21614104187516733	-0.12429674039718493	0.8644205340859767	0.43658963637982395	0.2058447505902283	0.1102067742100279	0.9037708776878656	1.5153350602177502	0.4106984903695231	-0.8291698857547767	-0.9981146875553167	-1.2681969621887526
0.21223842576644306	-0.10315499415112779	0.8742945252961761	0.4241732910580259	0.250211018316069	0.14670503363513088	1.0111173312463675	1.8651133628786318	0.5580908083234143	-1.202663962346119	0.22336809149602624	-1.784870089472296
0.22465053731899257	-0.13401071932594688	0.8535564804494337	0.45057141262047007	0.21421666071073744	0.10902459773784172	0.8224413316671458	1.5239154353607653	0.5724490217307611	-1.041252157753244	0.7259727406509603	-0.8757198798046307
0.19710753903614397	-0.11693033132254688	0.879505989985402	0.4170672958309158	0.18354559959072395	0.11903675081265941	0.8296463477391874	1.7184064415636824	0.5496908289310188	-1.0694966890428699	0.08729869497937391	-0.7806236006358834
0.2022714923753128	-0.10443671422494036	0.8864057027674338	0.4030684137904307	0.22710730056946593	0.11579472220628616	0.9902351394523183	1.4560087103118837	0.3577323419012614	-0.9063760624696485	0.11766864029338316	-2.6874625026227448
0.19737114005615697	-0.11374611681353787	0.8625250430503393	0.45183736464991964	0.3037393730623768	0.12731275227548855	1.0836549471151595	2.0288993793867323	0.4174285725473463	-0.7594444613974833	0.05602207955844418	-1.4807848865330806
0.18306097563023196	-0.11010636096068817	0.8695530436162655	0.4452446213206752	0.1800646752583157	0.14484438102393019	1.075148350062327	2.292132123066076	0.630561471163571	-1.106686081852267	-0.30895632769419284	-1.1754837030048009
0.21700073355566865	-0.12368005563443264	0.867027341064039	0.43113514739810754	0.2513458432863244	0.10980870537859978	0.9688135370929816	1.796193835413517	0.46321727732404255	-0.9038974005684813	0.4904255741212809	-1.2051999476645312
0.2061379234036361	-0.11622851965850635	0.8657791343370917	0.44093602517751374	0.22966771676119144	0.10338662116134995	0.6760506256828465	2.2497773114247397	0.6170818652073867	-0.934666176423782	0.7755518865897572	-1.5381801439174883
0.24218998672846034	-0.1091147284562107	0.8587122604861632	0.4382365115472916	0.25858281402035826	0.09172423307780096	1.0310217781150404	2.3190384577673724	0.6544453997245089	-1.274750444113914	-0.7907798657926087	-1.4016859000852857
0.22231274761866662	-0.06363447107682445	0.880751399699397	0.4132852141857542	0.2963876953919669	0.16724965545748974	1.0936089366591681	2.034658700768069	0.5525260174793492	-1.4524759656155026	0.36590900406149895	-1.4934977683659876
0.19832780454204624	-0.08324599836753536	0.87838049588012	0.4268300483315564	0.25098927385850295	0.147827360337316	1.2308382485541962	2.3301759774735467	0.4870786659183173	-1.1198181194965295	0.15040707874507092	-1.4835553602677132
0.22359020956468795	-0.09811423190536485	0.8738231794975201	0.4204926475662615	0.29236009355936804	0.09613112009493074	1.06929555917048	2.194200312997502	0.4820504952217869	-1.0583505771006008	-0.1610772008900014	-1.457476420914733
0.21304123749931966	-0.12158726557154592	0.8726057549270496	0.42236141448265224	0.268477528761815	0.09138526625492027	0.9399252482687773	2.352194003408876	0.573616108481779	-0.9820658427519735	0.7282960591829785	-1.084134275167284
0.19989352707993588	-0.10982102970182593	0.85406169506723	0.46750458851829835	0.20430866901036823	0.17496434754851678	0.708595034807437	2.04372549394608	0.6893424898862478	-1.0822151277778687	0.4615648428301183	-1.3213409125054392
0.23810441984526856	-0.1066485566000361	0.8677208217691671	0.42307557964685	0.240828228460041	0.1190319383712426	1.0011970703672368	2.4213812466768303	0.4291227510539925	-0.8332113593811256	-0.06755706788784893	-1.0006229390330625
0.23595488119056982	-0.10750651971453504	0.8647791394355049	0.43002869934272986	0.22799901354441646	0.15719536974610762	1.2629794882366026	1.9042582715707284	0.35007277209444887	-0.92091906162482	0.6048802483332546	-1.440061518744928
0.20539815468791184	-0.10458436644145133	0.8595032041172096	0.4562104234441505	0.2389018529267538	0.1592160110927728	0.847461472584637	2.0093842633619494	0.44992973949506365	-0.7685771241116911	1.1077955117370208	-1.0454529189064679
0.21372617984987596	-0.07973247497892141	0.8657766469808024	0.44541514345966404	0.22419066759828757	0.11768286265946144	0.8318622485681971	2.1402748742779556	0.31647020951327937	-0.6311726232846527	0.8033782412157539	-1.2183713223995165
0.2178495591802817	-0.10037049416854078	0.8613125353214511	0.4478929001038684	0.19904088160660097	0.0687755992535609	1.1369215644995982	1.8137050452109018	0.45871764183407515	-1.0286714635640308	1.324374730197923	-0.050714069001738804
0.22723653292999033	-0.11613445778916733	0.8579007221401641	0.44596266297455733	0.23059472183555907	0.09643940248753047	1.2177462595589583	2.117581978803379	0.6421637305791456	-1.304380342951392	-1.0616226154904516	-2.077010881548368
0.24811523582466574	-0.09678824052824866	0.8581740671916054	0.4388714352141574	0.22807335443257593	0.1620038058385349	0.9905259461776519	2.4787284440825834	0.5011441314034577	-0.9932788429468682	-0.11688131670923418	-1.7439988865943932
0.23087597104401272	-0.10344871786000752	0.8509662484372955	0.460272846025224	0.24937533530202483	0.12316502942191214	1.1044265409006477	2.104505854381767	0.26422276964504277	-0.5694921588633816	-0.8222665611604358	-1.690439827181864
0.22548890164636404	-0.11954558854577774	0.8596998422827888	0.4424700991846884	0.2431484446498521	0.1140756412592377	0.6583264648149311	1.6680760467476996	0.5563821992218273	-0.9658412363585749	-0.6987227334534528	-2.12603725284099
0.22896885837378642	-0.0879301389932189	0.8614352337268225	0.44471439221780656	0.2961395005756233	0.10511047271519665	1.026590969061768	1.5826359895068094	0.3657122146056841	-0.9240387851766356	0.979709475237368	-0.9907160427451949
0.19556489589039994	-0.10262203397783431	0.8715754779837288	0.43769769912013906	0.20030364203471426	0.13449223619188408	0.5660894978554736	2.198388197567328	0.5903819808050468	-0.9131110885939772	-0.901678173445013	-1.6921494280158644
0.2209485347369525	-0.11358584197471001	0.8768382145284901	0.4116245219164905	0.19859284032938163	0.12859352811013489	1.1143388248654567	2.0135625542413456	0.2175492526541988	-0.5059339753665962	-0.1270525352169134	-1.3593317289981137
0.2080407631792546	-0.07821651458316801	0.8752784500201505	0.4295216556037392	0.23952862380748655	0.13778503781034537	1.153478935516862	1.8084817963976918	0.41728428872788653	-1.079706773011089	0.0925981713490744	-0.9570986951628754
0.1939828223148465	-0.10011774881135711	0.8671508887692564	0.4476566062579679	0.2950710959220684	0.11254209621167877	0.8265120924473294	2.123037895421909	0.7191305665138569	-1.2763579841013433	0.06909501960940397	-0.9949381531864411
0.20776222016973545	-0.10870857207488632	0.8747501139170923	0.42406313731520645	0.2570243307971056	0.11135088048692321	0.5997595247243616	1.7219982296002159	0.6221841941690945	-1.135838166801476	-0.2529357240620486	-1.5347395294686177
0.19899737411393217	-0.09591076005510209	0.8769234589214694	0.4268564376867451	0.24110977077874626	0.10862617925243538	1.017193415742847	1.8658518836273794	0.3651461358817362	-0.8051155576837988	-0.5595501586126926	-0.39190979555514377
0.20087073541170844	-0.1255553913311813	0.8633361533113679	0.4455754456299894	0.3508542141455506	0.13775565938036002	0.8620533166594558	1.7791693824624726	0.44502504898935985	-0.7495547450363215	0.6218540362569944	-1.9031195148368287
0.22220114177198733	-0.10243235956202958	0.872459262471159	0.4230237577702479	0.22012914207183673	0.14629272397696838	0.9040246776062603	1.9204892612681277	0.48233978493190227	-1.0046170557208463	-0.6197258807458377	-1.9978615856456983
0.21880902989092887	-0.10299393193389082	0.8767108674224655	0.41580393620832357	0.27272003934998684	0.14497461679131102	1.1995530992722088	1.6829402928625046	0.40191187908306736	-1.0618007326886785	-0.2735782327007107	-2.5667392478102546
0.20961561567141837	-0.13214999507459219	0.8714021171263036	0.4233863752369384	0.31977552387159935	0.08220574904636309	0.8714081487613125	1.8675570379261055	0.38673404782381715	-0.6444798090775481	-0.7433399501521288	-1.5869178160298436
0.22045325817639266	-0.12067831170151663	0.862930616548814	0.4383923551648317	0.23819489478746336	0.12391774424826811	0.6806542659478587	2.509537057026632	0.5500097524332134	-0.7341049779016994	-0.24146774038489802	-2.6083926898308953
0.22304253737960747	-0.09708677506299514	0.8606884232315661	0.4472601287196237	0.23468544631156307	0.1292210851725244	1.095245746184349	1.9960694685642528	0.5886758054690653	-1.245720013490362	-0.23306870102994	-1.5393065454433703
0.20442378132654807	-0.09230585041269936	0.8816679354811449	0.4151532237044052	0.2770610922869056	0.14384853856957877	0.854961827017301	1.5794298532476332	0.693974924516992	-1.5436212853025284	-0.6601996772055431	-1.0447362053478157
0.23693950849133172	-0.11131931391291817	0.8710134575478192	0.4156960866263198	0.2885512933592225	0.10453430763262872	1.0792620855989863	2.002264047238257	0.7200910652805567	-1.5877902098143228	0.39897652159013486	-1.224731180517814
0.2177438946706909	-0.12387675778946511	0.863167495453299	0.4383879788567296	0.2703965896606833	0.06299469002902193	0.9703532496716812	1.774432696461121	0.6098652247426057	-1.1813584998210989	0.07371181718111956	-0.9824803761303381
0.22045048203400341	-0.11642168235482946	0.8682005474242588	0.4290400754018952	0.28418459918155264	0.1520010692764876	1.0624121968949876	2.0373857252435266	0.4794974161824948	-0.9633443356468155	-0.11699344800993061	-1.3399592968310214
0.2241673048614989	-0.10249600111281056	0.8603137499660986	0.446210534172249	0.24608525873380346	0.11391903958522387	0.9518004312795497	1.8052857273195644	0.4879640187796789	-1.004301983156553	0.2875011335820945	-1.532307838411466
0.21386517423763124	-0.09903213579284513	0.8715430366463083	0.42996169434258535	0.24462604951227743	0.14290977754155929	0.7004022311686209	1.7422576925785849	0.6641150506001052	-1.2932710053170648	-0.0901304138964545	-1.625019647889178
0.24003575175926145	-0.10770314318387303	0.8583710817409704	0.44043382801110614	0.24395517332109953	0.0831303192798949	0.6780302577321494	1.8514603524844975	0.4996038802251306	-0.890460499070254	0.5395483566338294	-1.487898117220127
0.23589725633975392	-0.10367426496493569	0.869332787905389	0.4217400089012196	0.26087543230194266	0.12194425786654049	0.8481531918653861	1.8697432067806898	0.5855178401262665	-1.221706747596406	-1.1448434625509984	-2.000347610245979
0.22167495027997125	-0.10592249900412462	0.8599328802891242	0.44738806647109414	0.2560027794650778	0.11209311299366988	1.004430479751798	2.115897162444551	0.5949463391528778	-1.1402849536107804	0.20170191675670654	-1.15176941523492
0.22815347755509255	-0.10645169311119863	0.8720945738419053	0.41960109865059053	0.3077827757646789	0.138427930685972	0.5865831771553354	1.6288522062423552	0.6219618434483349	-1.1983916795881062	0.1283468257300365	-0.12612500526150913
0.21133953288476456	-0.09297436857354464	0.8723791760578694	0.430866501145068	0.2315005784878875	0.13439837540304977	1.409067807383189	1.9219618259260547	0.39534838541429135	-1.0768816849716003	-0.14894371783441993	-1.5766864522427484
0.21323788267064367	-0.11016267420758753	0.8655032674930185	0.4396565529643362	0.23281621034575037	0.14780800245336892	0.8776550672392672	1.8189122906523258	0.535118683955397	-1.0233443186332087	-0.14158936282693593	-1.1009981244491656
0.22442127224714672	-0.1096708995710584	0.8772003235560021	0.4100328995379417	0.16884030465179903	0.09818123810356182	0.8551474767519874	1.978100143033085	0.6627632164235764	-1.3568408073553548	-0.4981370940785767	-1.0874601634389973
0.1867211229935023	-0.1109039702593673	0.8714617688648496	0.43976120453685097	0.26701581192135576	0.15710393081990653	1.0082447918292516	1.773505701849311	0.5794393274306888	-1.1290923171031835	0.8126231285039753	-1.3706409058935922
0.22995395234748034	-0.088090566419691	0.8751253372014128	0.41655356929900866	0.2062642610327149	0.1784447157512262	0.818863917592589	2.7189419576669187	0.5782327064229454	-1.0918498432906427	0.28315748241133437	-0.6383553146681084
0.22733304206314808	-0.09994781048315259	0.8722200325292043	0.4213814637839358	0.25524110403263417	0.11722009876374666	0.9370804013295129	1.928208482379471	0.49023285197927474	-1.062932461246164	0.6562217647269919	-0.56854964525833
0.2294368286465498	-0.11788842902594222	0.8676906711526016	0.4249399477069164	0.2798342276923993	0.09404814210249594	1.0267855938171597	2.105976018854318	0.45889609861479125	-0.9071683935410665	0.36838600225081874	-0.7982495070721426
0.248027946576749	-0.09832820525024963	0.8606525214941124	0.4336945226942724	0.22268882262899384	0.09689093581777748	1.4478456705605138	2.259455566504441	0.2553325717621774	-0.8224466323044406	-1.166155106439846	-2.4572405822795473
0.19154674115518483	-0.09941101232214418	0.8763392694492129	0.43064693358148376	0.17763131416544953	0.11154798871524686	1.2892986690165003	2.21261285229546	0.4661510079782445	-1.0112908620175158	-0.8446970175816829	-1.934446293901046
0.22622400606959936	-0.0993238538243736	0.8626113921072686	0.44142842833924584	0.25193856864701375	0.14768998526931773	0.8878934491316385	1.8165666805673728	0.5252107716351443	-1.0726250826977832	-1.4832536716354767	-2.0764415435313546
0.21506237605738118	-0.11106699259082288	0.8697813211943365	0.4299915706880983	0.19567808263414507	0.1465303490144466	1.1703814374808228	1.6372277069378913	0.45442542506188505	-1.0816812085233212	-0.0824574324167584	-0.39944565809076743
0.19046420814805815	-0.1191637054781171	0.8701488550774358	0.43859362366396215	0.24146374474357665	0.11363332530905562	0.9277466557683994	1.5106971540223058	0.4558717363161708	-0.8968633140536761	0.7980486595630332	-1.267493263551212
0.20715338002964256	-0.10769504621624362	0.8765826943256309	0.4208230437744508	0.2779039556379616	0.16521193893490912	1.2454365959181812	1.866257900985108	0.418819419688242	-1.0078809399339477	0.06310937193089179	-2.2091752698151077
0.2097717408958057	-0.10809003011655084	0.8715699840436383	0.42974192840019476	0.29097993203834893	0.123922582583214	1.1096428709891775	1.9555571042264381	0.4924404432130342	-1.0485171913306182	0.6361475164254332	-1.5213855033700205
0.22903836379969356	-0.13546003244224944	0.879800012099805	0.3938831631688352	0.2848662672022462	0.1296974318989103	1.2139889672203152	1.7415127941316524	0.43196864292676085	-1.071867812293579	0.7327980404551884	-1.90143067421091
0.1994433859469212	-0.09797576404694396	0.8774770656676146	0.4250377450166016	0.258207825542292	0.15295858573227086	0.8422132563758701	1.9471635792169362	0.5447558733233369	-1.070986788135733	0.2353066793065333	-1.4113750308127873
0.22641137965810534	-0.09656836855140509	0.8778221854204569	0.41090223671852455	0.23902977311689988	0.10055245414507819	0.5098428696245986	2.5208147351120567	0.44916246274066923	-0.6480569147271397	0.4214658422642817	-0.5633075155132089
0.2314115207393591	-0.1335837166116482	0.854933652701967	0.44462630174449724	0.2738751741423209	0.13185956645418492	1.1528765953377358	1.85410806807594	0.5499899037948209	-1.1005087978362236	0.7759057303110747	-1.0948151428228228
0.2099646384415805	-0.11913859666778565	0.8643003492747234	0.4412547468659325	0.34634124969013996	0.13469626230031015	0.7214506306562075	1.7048479277039044	0.447399790991808	-0.759320390726614	0.6487262924911357	-1.225241278342429
0.22922486803184844	-0.12767852744188485	0.8546168624326235	0.44808946869109934	0.20756387406260257	0.13022215905487955	1.43884693056564	2.0096987928890906	0.42914598825816774	-0.9819010355121266	-0.04254740985069766	-0.978954372437066
0.21451863446598485	-0.10065072584709067	0.8715378356670823	0.42927029696222946	0.21622537899626004	0.13460012104484861	0.8072299213148867	2.026732308501821	0.5115848360185763	-0.9668484545818535	-0.21395474101772682	-1.8238643383852402
0.22161431894246894	-0.09201649230222202	0.8682900042291882	0.4341572610699227	0.2551698249975005	0.10198319232246589	1.0534453144070486	2.024556012956488	0.43516758272043726	-0.9789486977763756	-0.21225663116069957	-1.3973555912966973
0.20270703054143233	-0.10878948726180517	0.871477171458159	0.43313075030257897	0.2792968742466882	0.1122586531377423	0.9088388827678919	1.4134697548614577	0.34149684504123956	-0.7574250630422072	-0.139213395843228	-0.9503572857169397
0.23264646703934153	-0.12403823959603437	0.8714849366001475	0.41352647045995294	0.227247293368515	0.09207712787558879	0.9941777243544953	1.8484468457252337	0.6412027685960495	-1.3561704912473376	0.4554834825730816	-0.9169343087512664
0.23526915185297903	-0.12071543608377813	0.8624348286883716	0.4316044206709917	0.22758869726432848	0.12647215905262468	1.2110138951721137	1.8222405800203836	0.5388561557114098	-1.2272116241251494	-0.24762919764959213	-1.545620316308294
0.21614795935523123	-0.113815174301457	0.864619268285488	0.4390440600609074	0.23323093147329574	0.11488664390612102	0.7500369349080998	1.9218433406283244	0.4715050623917795	-0.7995925969642174	0.6841990947908047	-0.7989161767518592
0.23663306585193053	-0.10577196438610058	0.8684218608547543	0.42268257035864043	0.1773438602907509	0.14746662022932386	0.782776600357641	1.9879571036432313	0.47493556469136367	-0.9165391546635149	0.2910769253203783	-1.621376858758735
0.2059535952733086	-0.10192236926936363	0.8742868114090586	0.42757165321463847	0.23427656227533103	0.11246796217541534	0.9582798699687887	1.9818597028965084	0.6155995552595624	-1.2479216437304033	-0.04339148127972675	-0.7587348291447927
0.19586567392281728	-0.09684366040319496	0.8689922419345546	0.44397120027770687	0.27626377844789934	0.1062783499866735	0.4943108421253044	1.8734071570737703	0.46154638792407016	-0.7128190970599891	-0.2494170894119793	-1.6098553861999785
0.20315905644083707	-0.1224354053146975	0.8733995726903167	0.42533416949013936	0.21338697365968692	0.1324317134745735	1.1423461614794959	2.5750993330619787	0.3600822664262298	-0.5437849858929041	0.4225538161706141	-0.949662762748035
0.2206150662426636	-0.09596639567603413	0.8752396486747068	0.4196129178605822	0.25826167452316634	0.12503410203606688	1.1013885869059679	2.2604569562997083	0.4436630090812431	-0.9874969238153349	0.20801962140976493	-2.0788957314633727
0.2065592145343881	-0.111886402332725	0.8708449939069639	0.4317912926995592	0.21616570756886774	0.1427172287307271	0.9939546128239672	2.436625620439122	0.4166255733741355	-0.684361888504238	-0.37182727568122775	-1.5306930439731463
0.20956374933575656	-0.0853718571913381	0.8745397118000154	0.42892303907436335	0.2888567356897363	0.13008847300496637	0.47456982879737875	2.2693618315486033	0.372675839748826	-0.5400335231108321	0.03181931065644241	-0.8448868256754253
0.20981673169576404	-0.10440023777308073	0.8736683070738386	0.4263580873727681	0.21884006315000645	0.1221820458519383	0.9036924177467451	1.8270045901578027	0.6660712953338129	-1.3622245575040712	0.816731384386606	-1.3712903423738536
0.21715309020890727	-0.10553219805237751	0.8765599447665803	0.41635340015156064	0.28484859044200334	0.12249231070712178	1.1088101802581332	2.006957878212718	0.5246898274325993	-1.174254771998405	-0.08899086351115482	-1.7911311756214294
0.2463660505269757	-0.11546815789259612	0.8441692249462002	0.461897383965705	0.3021925948540121	0.04645793502736736	1.0144175522525942	2.034266193814605	0.6766643141417696	-1.2692088888992175	-0.7129900353264226	-1.77216903401727
0.23703271868565326	-0.11165372977082295	0.8558308078067269	0.44598493619138885	0.17779670561372232	0.09135967590833695	1.2563470683569957	2.1318239628490003	0.2883285112808363	-0.6873095084766445	0.6289886169427579	-0.5962489122944835
0.21727248008435782	-0.11521461422263929	0.8715561921942279	0.42415570951646864	0.21803784439394092	0.14539047573694516	1.096849285422295	1.5448703078898334	0.6877010219540357	-1.5553099893180742	0.0671158973469042	-0.8965599525642215
0.19994462783738318	-0.10749941233015889	0.871717424388017	0.43425194779754606	0.26534343851400516	0.13324958571237963	1.1799999001398465	2.2229207202553884	0.7224748743201047	-1.4433231896917302	0.13718626894519517	-0.9440712351819402
0.20541299778182018	-0.11533941361078454	0.8730618235413584	0.4269254879775207	0.2356869933340131	0.14338650216060034	1.420454468053077	1.730140810478627	0.39741657426678867	-1.0287406944621649	0.08221582988173382	-0.7952052928535701
0.20685661887611867	-0.10240333537379862	0.879646898778745	0.4158668411888568	0.2874036550835614	0.11638290571673753	1.1610352303154294	2.2346493706399726	0.3369160298599565	-0.7398988895823871	-0.1341885028670267	-0.5198518479451391
0.21504732839204138	-0.09567963270970752	0.8667138007425235	0.4397809023120836	0.26373519909956644	0.1578784739831224	1.105564709785994	2.0346392775337896	0.684075870929355	-1.4461137197607248	-0.5363991073063659	-1.83815192251929
0.2151272763076708	-0.0781876010247416	0.8784444322427183	0.4194548050698757	0.22140661327933983	0.16124611855999402	0.7646097907393266	2.0563508266983797	0.54746013824939	-1.1553583083984744	-0.6851809621361307	-1.3915745182861254
0.22485718535537538	-0.11080014864305344	0.8725188684018916	0.41937262373385586	0.27492822395648725	0.1370606651691493	1.4228144138114454	2.085264945252719	0.3602822418799808	-0.9615206373720521	-0.1541130187799766	-1.7446640153665154
0.22786907237643145	-0.11858930066437241	0.8696457755047389	0.4215785677296712	0.24056354612502565	0.12832993049969962	0.9664387371588236	1.4448621277427836	0.5051492908892754	-1.1579745590712383	0.35708608610971254	-1.299833091503892
0.2057837866526256	-0.10923189751216424	0.8769265786917777	0.42038220859205294	0.25542261311127873	0.12024711850695513	0.7514959577586888	2.3853017297012857	0.5086010233042356	-0.8090266383817523	-0.16874924177430972	-1.8981458620304992
0.2226084877994372	-0.10722749517298946	0.870318197018706	0.42602108090643026	0.2700783186184746	0.12079479803400345	1.0657809432249725	2.0891409069184252	0.48203994843996717	-1.0158339476557308	0.562891883472774	-1.2071460508154452
0.19962101287871584	-0.11328631726817658	0.8660220549462199	0.44421105556234863	0.2581220130330267	0.10257235803281163	0.13384012485735816	1.2545132768229657	0.46353314076749264	-0.6439012080272868	0.25839037207544757	-2.152689488476176
0.2200885182652573	-0.10750121178052555	0.8657658766225045	0.43641033497110104	0.2519573485635064	0.09893050951287113	1.0022157420056959	2.042577456527803	0.5629969486446388	-1.119176457448675	0.2454023115062547	-1.0057007872003347
0.18714553950132531	-0.10548572313700957	0.875531641417881	0.43277436862079915	0.28997465174038956	0.10911410168939202	0.5073337330924582	1.7927336935008515	0.4557259094795341	-0.7043852658616324	0.30027071929379395	-0.6606235352351771
0.19475140640434285	-0.12563234688186545	0.8671518216669619	0.4408357078324698	0.28274901899516935	0.10682480767712092	0.6672900336623102	1.9623461304654743	0.6250118317799178	-0.9649891415407669	0.6268586063975389	-2.0331881634229716
0.22041414831076978	-0.1342270085839895	0.8490316439282825	0.46102709356335014	0.23045720853640303	0.11850655418509369	1.3403096699955817	1.834541077433313	0.41510175622034357	-0.8711261995766652	-0.9518716629049356	-1.536594948239607
0.20067733946968289	-0.10702979095811	0.8724207805071844	0.43261439066455937	0.26740925239982466	0.10768337037184515	1.007503843086369	1.779912108937001	0.461610095699219	-0.9578918748774181	-1.4360747640072165	-2.2670372729887167
