0.21613930028071393	-0.14013043594732563	0.8681749947046639	0.42416912000395857	0.19691327992976324	0.2923081479746564	0.9929285206940859	2.0272265580880116	0.5715972522909052	-1.0061580527587415	0.2825430740057207	-0.14341855907591713
0.2022934836962079	-0.08670299807266833	0.8604586794047526	0.45953323885905356	0.11626274193942247	0.24864535811721725	1.018428896280847	1.9951116130688484	0.521027701197355	-1.0475024176348688	0.3725337352611578	-0.02515841228950405
0.22864934730454828	-0.11214640623384778	0.8671355234623078	0.42804046946029123	0.21864171441888436	0.2925933219010417	1.007182944496189	2.009191134169175	0.4868188523887479	-0.9978170491152695	0.1602267630037433	-0.1458187098692569
0.23482895177224736	-0.10683178481118423	0.8633919970420898	0.43358573847311493	0.08644961527419555	0.28042952535896165	0.99757413763961	2.0052090071280175	0.49633022536282406	-1.0345515005960875	0.4002960769301571	-0.2123916775298936
0.22514358506884877	-0.09277853252436104	0.8680733998290618	0.43260961907265294	0.023114553296054562	0.16946278285046656	0.9881334874258653	1.938553293156435	0.4502412769529801	-1.0019616833380633	0.43405461756734937	-0.10091779899504516
0.19279000377798633	-0.13887647624073418	0.8723867171680703	0.42718468429820633	0.17340489864510522	0.3284341220009039	1.0444743745056526	2.0104306192239165	0.5642079029550002	-0.9700024227755154	0.30953869311430365	-0.165122399053738
0.22787330889200708	-0.10637523916665753	0.8688540986234299	0.4264394668556272	0.02296082593392505	0.26131060487137076	0.9839496611741548	1.983579280864767	0.48838023646584444	-1.026038509130462	0.3712143469893814	-0.1659404826490395
0.21477180121351422	-0.09609402545254281	0.8685666180844708	0.43615483675540484	0.17297605771355137	0.2991466638597374	1.001636326315631	2.0359290187088024	0.46320910695109235	-0.9671120321596027	0.2940705118994201	-0.24084292887436665
0.2300541031282113	-0.11973295881612261	0.8618901739064131	0.43575733651951754	0.08116469742425123	0.19466590375319015	0.9844697938755489	1.9764161852951827	0.5250366668317359	-1.01515927508067	0.39763797387847183	-0.15737873952402565
0.2277857820132838	-0.1315274935084005	0.8529083698105584	0.4509561715633682	0.2538050783502666	0.25088523943082536	0.9581475794983134	2.014781513196717	0.5810454504166996	-0.995289097889663	0.31012026861821024	-0.1507877274620111
0.17613838456093583	-0.11330539208180125	0.870037111097768	0.4462875563155477	0.18335591966670273	0.2947048752508784	1.1136842163050062	1.992289817594587	0.5451012687455336	-0.9964062109061337	0.33316231174119193	-0.2763719726137703
0.2218079035038502	-0.13005866528750548	0.8647033320036096	0.4314790205197866	0.06828065867030886	0.29611939850661867	0.9736971104780064	2.0793198956855097	0.5514021106276068	-0.9788178952687183	0.43794329794437115	-0.12567170797728297
0.21336999507620524	-0.11855827486758035	0.8556781937836311	0.45632445622033685	0.12416272423232437	0.27292696769743674	1.0559586707762905	2.0382775153706576	0.562319372199186	-1.0186165761166137	0.4510282491455295	-0.21247163898262464
0.22970389004251504	-0.09927973660223348	0.8728455707415326	0.41895138910906526	0.1884187789915979	0.29852579873762897	0.985925763773215	1.9623243323171542	0.4499129365707026	-1.0129014136908043	0.3390187171810079	-0.11918373842359571
0.20702397541817455	-0.06990669166458975	0.8672741661619827	0.4473138146431482	0.0746019666961803	0.272677392665362	0.9825205035805952	1.900346459690203	0.4547683516466149	-1.0394653469617887	0.3314542029373404	-0.19598367910961514
0.19828726038624678	-0.09668531279193458	0.8636979805110987	0.4531665379525417	0.17162504344646776	0.2624561893325289	1.0879326698922898	1.977852961494766	0.5076571242189349	-1.021602988231914	0.3469386409651256	-0.19176784155746662
0.22468712293759915	-0.12629957226398153	0.8550429224196042	0.44996190466760877	0.0699562942825526	0.2812034616948568	0.9678057228512198	2.0690745579094427	0.5875813258416356	-1.0190585048067096	0.5729241213619062	-0.14025834166701992
0.2077886258780398	-0.12987626342478614	0.867272200496289	0.43335317398267237	0.13165247319548443	0.24071740812003387	1.0414891053443502	2.0207400599126877	0.5502961837260256	-0.9950775252294237	0.41949586115247567	-0.21148746163614282
0.23390912205595135	-0.09510111266043962	0.8670443077187011	0.42950724026768006	0.10163785018672501	0.23841079440065846	0.9579547341767133	1.9611245057292386	0.46616878912576876	-1.0285233446877742	0.5075125327011288	-0.02717845002921575
0.22112346570230518	-0.11781803568716073	0.868238777303231	0.4282344556076854	0.09753587242476987	0.2837936283837847	0.9860426510082982	2.0007658155165275	0.5144510353917048	-1.0017344527058236	0.43509169474610676	-0.2611908238124411
0.19518667222419187	-0.119005548702952	0.8634733786855102	0.44961490930059766	0.15614809361297036	0.2811040535040294	1.0485521769949764	2.0455209438919537	0.5784718928533185	-1.0247216852376837	0.4539228065472923	-0.2366591284030435
0.21023237084923552	-0.13029196520688027	0.8667628866181418	0.43306864632645137	0.1938038747777269	0.3317986585286827	1.0255321874477643	2.022510913153271	0.5551399376573068	-1.000436859463877	0.22518104626126736	-0.21032001845669965
0.22379434435492104	-0.08607977325387235	0.8676709064819017	0.4354923215352801	0.21349900674584962	0.2728748030477179	0.9867615008887358	2.0229373967584117	0.45251289336254147	-1.008812099226331	0.2833782575940343	-0.18765830837361572
0.244175285429726	-0.1077926337502435	0.8697186558995068	0.4151489343294196	0.13616981961002536	0.17053779839470465	0.8364674115501817	2.0002903651514425	0.5092144944437892	-1.039389511169558	0.39298957146061775	-0.10345459666917878
0.19513076840459778	-0.12941002764300388	0.8723837548917277	0.4290962737758019	0.2413981293682482	0.27612628293933356	1.0473458715054962	2.0631054788245944	0.5269342177364116	-0.9253674370158216	0.1963761257555856	-0.2520862762699019
0.19544553891829444	-0.11951336720526214	0.8657099454711188	0.44504369076371625	0.03569606300646682	0.264410393289608	1.0015814755547663	1.9949802610969025	0.5768445502746673	-1.0262091034894125	0.5462655405493201	-0.14031876292243062
0.23382420494633646	-0.13471846601274198	0.8688662246712073	0.41502850471020736	0.10532752673564831	0.22648994646634146	0.9827427470212212	2.083729513996519	0.5050524863852185	-0.9346231414998997	0.5113479457479492	-0.17598468024034652
0.19172065690905382	-0.0957815543003853	0.8708420384914954	0.4423835751541191	0.1131863157897481	0.16213831830868117	0.9870990099329771	1.9211390271281266	0.5061102898466937	-1.0081289860940466	0.4173821964016527	-0.19180516267887762
0.23143927733133982	-0.09806839298447458	0.8631421516781423	0.4379544236586913	0.15699193168493175	0.20249183786998995	0.9567867713200537	1.9840470092726157	0.5098263398779157	-1.0661345470454207	0.42578994186306646	-0.14599944541826118
0.24690228521477345	-0.10598198907379745	0.863203723239871	0.4274183100108232	0.11828155849978955	0.32182661471117674	0.938640607239188	2.004381200843294	0.4725997205385754	-0.9996624682630939	0.3554323226807288	-0.2331459982726073
0.2146114877554187	-0.09157441658285208	0.8770276829986708	0.41997437874815513	0.05222535991097496	0.25392314461738463	1.0329839854656822	1.9644260118175105	0.4356937818871516	-1.0093819848842949	0.5129183907010818	-0.17046132600454644
0.23236407895713473	-0.14551283389999758	0.8699777649890998	0.40984343157523523	0.1599867008544096	0.30892560077188486	1.05427095061658	2.0395446533472237	0.4900965865628402	-0.9139292719764102	0.32193325350413005	-0.20888445117990498
0.22655642411293397	-0.09465979869410039	0.8569637600498462	0.453127822104958	0.128122102687907	0.33102477239841827	0.9940475893871021	1.971406217946719	0.5004366119875319	-1.0316095578029976	0.3357470608814461	-0.25655803956232076
0.23128007766923583	-0.1000332140562484	0.8619609914498044	0.43991604992061767	0.10070642354069997	0.2627626613328427	0.9581633546149066	2.025789367983604	0.5106355651479603	-1.0436214175001974	0.4514295315273506	-0.16064930517186526
0.20513292011284798	-0.10438803769464056	0.8624192126982563	0.45084002067380635	0.20103406330244403	0.22695129151871285	1.0592699482509678	1.9713723687837827	0.4947304793056995	-0.9718935651176586	0.20144107738872	-0.12494352966861429
0.2209103692183849	-0.11913850372221776	0.8725517564084712	0.41911580510775304	0.18570321407977164	0.3309948365727839	0.9827827896043997	2.0243717128771705	0.49518270207331194	-0.9734751673120017	0.474576224166241	-0.25101702756374666
0.2142227094509769	-0.10065279107055992	0.871514427575138	0.4294650730077688	0.1550536401716026	0.23821796136604578	0.9933397033808826	1.9528247809043378	0.49264870440702374	-1.0375444701240386	0.3769841462526211	-0.2961207362123676
0.22233141116503338	-0.11503793923157903	0.8771063611372287	0.40990175334990403	0.24257337643987323	0.27873419503996694	1.0236939789287265	2.0574044411345924	0.45498939537469857	-0.9514325069562934	0.2966834663665837	-0.2517081292518298
0.2154721678717534	-0.1149921977100718	0.8710454228644903	0.4261788481908457	0.20665802413664888	0.24553938126537397	0.9592441794721523	2.023780288237831	0.560536147712253	-1.084577349672456	0.3060169420261109	-0.26154848228423827
0.19753214874798464	-0.13417815157660226	0.8565639274046756	0.45746640545461725	0.11872464429332326	0.20575555400807355	1.0059642479882003	2.0540440137200178	0.5985810889987084	-0.9526938234527041	0.44204853676870043	-0.1265105225591864
0.23305636031846974	-0.11520783483143231	0.8708215682178289	0.41723097204690135	0.1411529303965728	0.28559517654765015	1.0015633107514574	1.9958030089956897	0.4666343946384845	-0.9822948898750292	0.4147167873642086	-0.1786180647791102
0.20417181692027342	-0.09730395030437443	0.872129164243092	0.4338623414255772	0.21401170468782968	0.2754479432463344	1.0151345222072345	1.9757805672882043	0.47403968614586695	-0.987489348751714	0.26675162920783657	-0.25861269725218006
0.23254372435838652	-0.08025918471525283	0.8631715032371522	0.44092724516601217	0.1247047369756935	0.2986323840432857	0.9597171557766025	1.9336475339320989	0.4398368682671218	-1.0152193651077142	0.3235998254425922	-0.24126250037404043
0.2259662096657298	-0.09506687221056546	0.8672025271070751	0.43342973926174727	0.19771622269830003	0.2740418376145448	0.9606252487201533	1.9187077085259525	0.4763098069639276	-1.0329710528728913	0.3689245906893661	-0.15304288569437832
0.23547784200152022	-0.12568389522414372	0.8573621603311697	0.4400952969981195	0.03990949379600169	0.2547589618945208	0.983845066204344	2.046282231722251	0.5550165458418177	-1.023276502332731	0.35997524705082684	-0.14795833540264464
0.21737256486550716	-0.09881088752284148	0.8790304357899973	0.41266338522527873	0.039116714852012506	0.2826949316706549	0.9983135363635093	1.9986335682615812	0.4585017051375584	-1.0239730153749067	0.3329711391431104	-0.06226202150597979
0.20776561497421578	-0.1053815661021334	0.8798150705733024	0.41431101403697	0.10776418113302917	0.301652366578397	1.0129126386779022	1.9665759800832778	0.44695632640103283	-0.9568813260426364	0.3955019798514161	-0.2746036166730879
0.2137998371939083	-0.11014914177892117	0.8688596812663102	0.4327119716983012	0.16455386748028206	0.2790648674416261	1.0138056437532734	1.950035405346448	0.49024959749788893	-0.9889138555302103	0.34046345926570404	-0.15689611413659726
0.2166414396712164	-0.11202599720635155	0.860572271135166	0.4471375948411939	0.1340910483249702	0.2909311219205915	1.0213096443229541	2.009236359939799	0.5255289775733081	-1.002883577229901	0.46801930878200854	-0.16112164510463575
0.20185806264213602	-0.1448646390339593	0.872708168457718	0.42029514821265695	0.1022711720792102	0.19256455531719827	1.092369629828719	1.9992519737035952	0.539328381667743	-0.9554214164213349	0.5249718100247113	-0.09827018673387916
0.21965741558446375	-0.10033064385422988	0.8685563542698406	0.4327750468084233	0.05704048759083399	0.2375358680036679	0.987863091647427	1.9885847183471532	0.47912471032822	-1.00195767605641	0.42989263832080926	-0.15564933384751853
0.19072288012263955	-0.06592444035076635	0.8733913512651813	0.44324519026983744	0.14049929497653146	0.18933846408226374	1.0326357193154183	1.8960057708523974	0.45415928441260045	-1.0572318449243665	0.42972820289786107	-0.14019438705350523
0.1977428643524706	-0.1506030104684452	0.8586615032963536	0.4482375660209304	0.10066610097032809	0.2968841776122318	1.054153734986936	2.030464207041846	0.6210440505754948	-0.9725288729041981	0.33354307211034295	-0.14450442302758446
0.2006768172711186	-0.07219246400324071	0.8631713633999171	0.4576595465598892	0.13090776773142296	0.25299238178840117	1.0773767982560198	1.908471790522662	0.48680766339442266	-1.0895122894540137	0.4045680403881393	-0.11790584129910686
0.20653170288724731	-0.1118946872774581	0.8612977545270342	0.4505445734977426	0.13163041143091223	0.2501019033259131	1.0294444274547363	1.997403872806614	0.5469178154062989	-1.021370897141916	0.41554106278939074	-0.1746626398138246
0.2410771388005433	-0.1425558012638593	0.8649068607668587	0.4165282449872763	0.04852027005172644	0.2839289349322675	0.9428844725986504	2.0914613975318916	0.5184455275419598	-0.9064572061671844	0.33316445748957096	-0.13810337109541745
0.20979131728059872	-0.08973133024564317	0.8693160511612896	0.4384352800121821	0.17203629302937007	0.24868139587029217	0.9652450283712417	2.02481573648405	0.49818278098214536	-1.0352472190898119	0.22696682780267227	-0.23347257179335132
0.19446885829526728	-0.13261639457463384	0.8727287374312919	0.42771404688757114	0.12436637186023754	0.23211089199802834	1.0374169379772356	2.032551305642463	0.540922987504905	-0.9451985513146427	0.4370678097650726	-0.22869443850285176
0.1977896479791961	-0.10561713907213635	0.8761602916269216	0.4266935884949649	0.1822683763172156	0.3140909391992181	1.067331561326895	1.9788505992229823	0.4837021678990355	-0.9981570823224057	0.36583046160644717	-0.2296334120680017
0.21403529454684533	-0.10507162007248118	0.8590233711854619	0.4530206342990939	0.12010708511565604	0.3213489884063805	1.027355398656486	1.9594181790865686	0.5184021203023916	-1.0139286714879039	0.4174134699385466	-0.23379817144929907
0.2233711030553665	-0.12258987454071785	0.8619092831167751	0.4383941841049522	0.11599990783941316	0.22076036640878893	0.9964840739194383	2.011297365967798	0.55436998586643	-1.035227447272348	0.40970053153855707	-0.16206818675587434
0.1954284905257065	-0.12430353246559873	0.8732019793148795	0.4288060636558146	0.13332906753722293	0.27559625092508294	1.0256747802313235	2.0396396206509944	0.5184245455234684	-0.9318921475523588	0.30547610785303186	-0.2512970005085156
0.21820247101364398	-0.09808169981952083	0.8690771801496132	0.4329809658024819	0.08992275966019654	0.28593850903009255	0.9882877498056356	1.9554964231024685	0.4834329445945476	-1.0254237281955116	0.4048918928207863	-0.17499810416180536
0.18298861540533023	-0.10430567974083754	0.8707975562964683	0.44423767034543726	0.06330489432685178	0.2636523422189995	1.081442972214305	1.91825198493587	0.4872396355873675	-0.9501541339220899	0.36216712216770014	-0.23015733307483502
0.23621002334370073	-0.11041925771509377	0.866971598323429	0.4247030257699313	0.09482880035745894	0.212718966059258	0.9701950556944862	2.009211522543541	0.4711886822895191	-0.979087342465459	0.45718135913805796	-0.20784305830572172
0.22365232351280434	-0.0880171159509717	0.8843474617645005	0.40020268909351725	0.16873108594915562	0.23398888292908146	0.9571820378565333	1.9953890114323123	0.3918281505103382	-0.9619121551343275	0.46899453163536603	-0.09564743019046212
0.2074342659881169	-0.11623647483181819	0.8743012184667662	0.4231518481587565	0.10602880291995902	0.30174996621720357	1.0232029681952874	2.0013089533574067	0.499308215858271	-0.9834957408387565	0.42493283976289903	-0.17718764811668297
0.21117089318888357	-0.10388697047996351	0.8739470501614047	0.4252421718838378	0.01860135698335152	0.28769766590073026	0.9788438888035431	1.998956286265011	0.4747769918091181	-0.9734871196602317	0.46898068418665423	-0.19871323253594797
0.4108411321115717	0.3508805553283578	0.1990359893343202	-0.8176044734512243	-0.15562383417298808	-0.0032877949567014244	0.7373004543211827	1.1578021285456292	2.0219240041929765	1.3595806870102822	0.6401431743514288	0.13378463281871336
0.22114367804750296	-0.13252395708839426	0.8617080552224653	0.4370264317200649	0.17461391147672725	0.2866734621504828	0.9670848808532103	2.0460094579241024	0.5646464335158479	-0.9822742673830835	0.41030537545931733	-0.33035966683042833
0.2462385639821802	-0.0685149462592611	0.8520098439151612	0.45689331098052555	0.07910043215606831	0.23071471001742605	0.8385471164233437	1.9366694852335136	0.49277527466541055	-1.0804299495440102	0.36975440890219025	-0.09982641750413318
0.23190442916963352	-0.0802148164055644	0.8797740040650697	0.40716534814721506	0.06050278031496679	0.311250454523513	0.9485359631294797	1.9777307129342958	0.38559160631648026	-0.9837768815160692	0.42269477993520405	-0.15029162332234638
0.2157178460965039	-0.11932545950278806	0.8708729239719578	0.42521476442201056	0.1303114302644426	0.1569219261501151	0.9772728544535916	2.0029855489430544	0.510664007566532	-0.9795790656731471	0.49366672515329313	-0.06573101159173356
0.2047275483568193	-0.10431369674230537	0.8808738756237445	0.41384356810196343	0.09521360395434013	0.31464479496617104	1.0419858851656514	2.0148570904051835	0.4540303220286617	-0.9740141074308889	0.370227706442539	-0.28924296585219017
0.19614913678699988	-0.12537856558188715	0.8833432748531035	0.4068296820564321	0.2386416539521984	0.2217498568428958	1.0197351945561877	2.0341138647954202	0.45921281311503576	-0.8618556246546103	0.2891049313049507	-0.09986533764541418
0.2318996959201666	-0.08606869955678045	0.8602421064672688	0.44586794934094	0.0497196594871163	0.33840052323799746	0.9347735917458267	1.9843400603060921	0.4833499040876523	-1.0356924814775055	0.4932862586791777	-0.1270169867760743
0.23035188938872167	-0.0896225595375579	0.8562473385284879	0.4535926577226133	0.12618847345139003	0.20727575743780383	0.9489848729670328	1.9764595154167386	0.4992838911355396	-1.033913562897681	0.491714415900971	-0.13505254175450024
0.20826736241737398	-0.13679633346074435	0.8494966621835051	0.4650450406600322	0.1563958440762912	0.28584333684523927	1.0088372916734252	2.077907751032295	0.6675596989677395	-1.059999383319772	0.19495089396500578	-0.15788652773911035
0.2106729291772691	-0.11469411286779983	0.8782825462219687	0.41362053429102535	0.14747515364024144	0.2877209695706949	1.005919510857327	2.0404894156964577	0.47828795728336587	-0.962137559615381	0.32599878402406457	-0.13065486095182163
0.20990457736820622	-0.0795676641303054	0.8622674032620214	0.45398676246834785	0.10791173898006436	0.31858400964878925	1.0108193692664458	1.9626852846347498	0.48892649796228405	-1.0520014023479156	0.33081843362730307	-0.10662618306812337
0.19355548219370805	-0.0977833172004076	0.8551346178301993	0.47087098400564537	0.13981576704905266	0.31179375218325456	1.0405523814809525	1.9353163547084387	0.5471688773323148	-1.0195277051731817	0.4256428286943084	-0.277583304136102
0.2288349926432386	-0.09926830379998754	0.8612529790475529	0.44274558844144074	0.12482141775655296	0.258278041626581	0.970364638412575	1.9780029771419188	0.4966792359348088	-1.0242154136790238	0.4564860984406019	-0.18067345976949012
0.20212930974417745	-0.12127445423500477	0.8709205436280301	0.431200249975578	0.06440050899507449	0.20247376276533588	1.0751744685426692	2.012919263403691	0.5303888090798806	-1.009125338066016	0.5398083531919997	-0.12047655353335619
0.18608777748261932	-0.09098008745721167	0.8645128894804961	0.45794260194913167	0.15576446248784157	0.2142112363577533	1.0450713715752056	2.034775719852194	0.5384236385692196	-1.0368659946077725	0.3386616285274718	-0.15716335830301634
0.20381704479582902	-0.10010462314413815	0.8754819975679239	0.42657818581163165	0.1238139874710988	0.23770358488946464	0.978071459501418	1.9590212320577696	0.45366980330829454	-0.9386797338990628	0.34204788646322454	-0.14189860109378566
0.2151586926402381	-0.14160279510390897	0.8742173902159954	0.4115815108141253	0.0398270536582984	0.29337335546087306	0.9935018389865947	2.0704403037105905	0.5180205186067837	-0.9073365998071574	0.5216060883595741	-0.17588131171611457
0.20798964677547535	-0.10184334494674788	0.871019420380511	0.4332359740883363	0.048693368642283935	0.26250033400185474	1.0044768647278914	1.9646300149590967	0.47886340595342375	-0.9831492483373931	0.43717478594612635	-0.1818803004594329
0.21673982905042447	-0.0938667586916947	0.874920875225469	0.42276038155272705	0.08003086771770926	0.24050415383609944	0.9932192210478361	2.003900473816011	0.45399422891529584	-1.003829991147355	0.4925921035800945	-0.11141990683285526
0.22585157444192738	-0.1228604280378399	0.8738394033958944	0.41267551250003753	0.1003144441257509	0.3023696769168118	1.0090976156721447	2.040887172236171	0.47029136373139724	-0.9404995611716273	0.3324526482312032	-0.16543899591441344
0.24462831612911856	-0.10327674459585774	0.8677410329520584	0.42013854941531936	0.1080293208393524	0.33414372281130494	0.9577218097749959	2.017281644051654	0.45816954898851586	-1.0080486801570927	0.19732062203984715	-0.15765508930922878
0.23807564432914513	-0.09542712400600019	0.8660066803599288	0.4292389557731008	0.05028225595007583	0.31845990732899515	0.8891530135269747	1.9904054505832767	0.4944154371357726	-1.0481669341262874	0.45345218777478036	-0.20117353515450173
0.21578141647826957	-0.098742646910113	0.8677017865860126	0.4367858508917823	0.09083732967409865	0.3352875434368716	0.96997174560706	1.995926066763697	0.49674174933594256	-1.0147823167979153	0.37743555220236596	-0.194004099485986
0.25161557736957557	-0.13745451419669058	0.8596315167948292	0.4228823868227998	0.12522172303678844	0.20548583689247849	0.9687658841622352	2.045458716144385	0.5394560142465048	-1.0081584341129748	0.3448468441181849	-0.24690873028646218
0.2292914958927012	-0.07193620103803058	0.8673783960589326	0.4357812650192029	0.08607346818895252	0.22339394845055693	0.9625445099505907	1.946335754467933	0.4412746295820365	-1.0634769965085824	0.39657022924011054	-0.23449838170755236
0.21573195060458947	-0.08795317733795999	0.8660571686554872	0.44234482556591237	0.17223823711372696	0.2614452427574641	1.0543909867305998	2.037739773493038	0.4626973193074221	-1.0149603679214159	0.3352325919960168	-0.19089210447445037
0.21855159859355844	-0.13003938410751212	0.8607638744578286	0.44092007185144855	0.14118444472818378	0.22075037976996567	1.0480884285325038	2.0808166063266564	0.5446353781822061	-0.9690548858267052	0.6048328628244817	-0.09944740589322991
0.21484264556251867	-0.109901778180843	0.8626680950038882	0.4444862142550083	0.11431596275698232	0.30760591686419864	0.9802035564284097	2.0170503466093246	0.5541566046225905	-1.0505732527756353	0.2689418929822636	-0.19915713125057968
0.2067187337723472	-0.12230918714519551	0.8626681513336717	0.4450971675061348	0.15519216092757057	0.23142416173987845	1.0599878203874682	2.0257335500540052	0.5506891609694181	-1.0029619355229369	0.5478300135841957	-0.13850030906221153
0.209403993217556	-0.11124090969193326	0.8590428799825971	0.45367472707509077	0.08489939659591862	0.3028749502515981	0.9843092371434193	2.0213800591564124	0.5597407618597104	-1.0185699505368273	0.36672930176501706	-0.12905153799120708
0.2077588932397836	-0.11101736383416434	0.8820398596213195	0.40806503555964735	0.08695006082135824	0.23536122138488177	1.0384644829523133	1.9997673627182408	0.4586517379513243	-0.9760464891774852	0.44088437883863585	-0.22918619146587083
0.22611313793225138	-0.0998308581161334	0.8730533469527956	0.4203385564003716	0.22153385864893008	0.30707699140632666	1.0178177321768616	1.9861001980106197	0.4447363549424407	-0.9995429422074499	0.25008144584334907	-0.21449509672585662
0.19733554189986094	-0.08483639208893413	0.8887287649015572	0.4049971023562679	0.11789737088641898	0.22834541651664966	0.9930511026075465	1.9634945187669384	0.40329381580264356	-0.9575557433946839	0.5360978390506314	-0.1318556881288073
0.2245242630644793	-0.11294826555431679	0.8668372149471806	0.4306097855207654	0.1290886501982628	0.20857108659997278	1.0142155202348913	1.9797146958838494	0.5070684226042811	-1.0302980685360774	0.275848233962818	-0.097327094261026
0.2501108790022274	-0.13138680013728274	0.8650103858706039	0.41465538618280084	0.06799289315114852	0.2887977050367262	0.9487444405390718	2.0549048306122866	0.5067253408167419	-0.978225851628979	0.4703942057167259	-0.19932937892905045
0.2393833476297847	-0.1182616300578817	0.8524642114660671	0.44946030737223813	0.14769881289242917	0.17864335311036925	0.9677263496662615	2.0337023601179394	0.567209544675511	-1.0560987176499854	0.3069006557879672	-0.21100676020813736
0.21150541661126052	-0.0975917239704697	0.8662194217676591	0.44204663499349406	0.07873781160686864	0.280403508377669	0.9425353851932502	1.9896619726455032	0.5435429923821251	-1.0768191773732354	0.4749463508828858	-0.15964229528322454
0.22821017850973777	-0.1134039085867037	0.8537967124940022	0.45397229174944853	0.2025798319160075	0.2954614173827352	0.9594153837095464	2.04055163022608	0.5653107601944884	-1.035751085645081	0.3405934407457883	-0.2629886504292195
0.21386101365614923	-0.11380309409645176	0.8741091622557584	0.4210053385321552	0.08867787156628643	0.25185559314766204	1.0507400690978346	1.9834278295333791	0.4720313666207524	-0.9776575665734866	0.534580244453152	-0.1548941012600901
0.21378031570770253	-0.1063895826354261	0.866400322939055	0.43855411722349164	0.15698565775213255	0.2772164291096876	0.9802091229563081	2.007886408030728	0.5161480546163467	-1.010415915930357	0.4252926421374687	-0.18626780974441826
0.19017676781922552	-0.09747471793881321	0.8773233914773285	0.4296919165068147	0.09280002093615242	0.26998679189595526	1.0861130930429668	1.9798930625313451	0.48353759699340526	-1.0188295087368866	0.3093188985476803	-0.19823640865474446
0.20046796669330222	-0.10838516898675622	0.8781938561091808	0.4205244351588301	0.08519223377667746	0.27677614162332637	0.9845196610007214	2.0089988947843964	0.4919114052769421	-0.9788076728853123	0.4298806794438585	-0.21273167023647263
0.21045635608652652	-0.13242147202083007	0.8670004711765098	0.43183661135935186	0.0857657073523534	0.25790161039485376	0.9992493976691903	2.0472649824520612	0.567136696885115	-0.9978411198776798	0.517371103660145	-0.13558570890995697
0.2134704566820281	-0.06306833388521203	0.878761238247746	0.4221746505158711	0.15062412350147628	0.22281259297635725	1.0092786335616188	1.9635000860872551	0.38039728058892686	-1.0088120558844604	0.4209135554818586	-0.14266535084913856
0.20858045380558357	-0.1080222307776908	0.874575456767034	0.42419707963257103	0.09764726457137379	0.21926759352970004	0.9988088441937097	2.009935624346952	0.4762312326115204	-0.9611438632876633	0.41025959910233434	-0.16691765986028917
0.20731135039771395	-0.11641585433029455	0.8619116133440898	0.4478590443871956	0.14997284950426007	0.2993312402757949	1.0033906836664834	2.053579024465722	0.5544884077321734	-0.9977807185738795	0.3992484720071585	-0.2938058032770731
0.22957666477838823	-0.13311861881294457	0.8564115579694853	0.4428693167186505	0.07966377835580461	0.24317300148523205	0.9519674281090914	2.04588186625836	0.5798669016951428	-0.9998643816843379	0.47640041835030084	-0.18118275511941173
0.21862844560907624	-0.12243793539077091	0.8668869626605756	0.4309495895309875	0.08966841576540606	0.2606332529856625	0.9292152787430383	1.9871452126402125	0.5331592588620845	-0.9793250896447196	0.49956424577383735	-0.18079700527999967
0.227378742478395	-0.10624524372782829	0.8650467274747232	0.4344019048524422	0.10401261136009371	0.3130407997059696	0.9229192994952244	1.9983733638954002	0.49932285568178286	-0.9886516658547848	0.2647804997349285	-0.226654205764948
0.19929328809387442	-0.10644399820746837	0.8743155618645443	0.429562753096479	0.1836557799553129	0.3227068723483492	1.0055798796936588	2.0156168053635	0.4946943737776343	-0.9739531544411892	0.1264294434345403	-0.15969855524874213
0.2215727740392281	-0.1223392752364519	0.8769793169684472	0.4084677284054847	0.1426493783557228	0.18602985482177226	0.983804759133285	2.0030969754427774	0.45410056770672597	-0.9086733107202395	0.5182520905212172	-0.28850596265725736
0.2392867054138112	-0.09090113466234968	0.8649147770868026	0.43174215071751754	0.07112590396341013	0.21321119464908186	0.9503884163745934	1.982903416657658	0.45372649317881575	-1.0182047096704534	0.49538768611842543	-0.11021207793379705
0.21452473158472235	-0.12927289363951738	0.8694613444870569	0.4257988127641131	0.07775583130494389	0.3121066565493022	0.9609383075373822	2.0807699370091446	0.5311734525700474	-0.937045041004067	0.3702700860354648	-0.21789982161256824
0.2108700128848116	-0.13926815580524962	0.8693646613755274	0.42466846362307004	0.049526037032903224	0.2186896836424255	1.0152940379130209	2.072341945741887	0.5451622049351831	-0.9405656783546675	0.40437735271172043	-0.07636730163962382
0.21114803299213686	-0.0999723290148908	0.8746517700706651	0.42474265468297656	0.04917167118159262	0.29818888377343616	1.020481530198646	1.9952394801161057	0.45741759181257813	-0.9796167909895398	0.34858509057259185	-0.1609914936502189
0.22113524375687257	-0.13437257599726324	0.861134358287589	0.4375966541977563	0.19535961542602384	0.2285486906499107	0.9959845752897587	2.064554675827976	0.5560712115419938	-0.9636266265405228	0.410356171025692	-0.13939322007766428
0.21415727692923794	-0.12445605690391193	0.8685510337969364	0.42926268452831645	0.08568076003771145	0.20090382255383019	1.0252114301927102	2.0336705425771964	0.5105940975357073	-0.9549651470676913	0.4207643981279814	-0.17592353064514446
0.2106431230648996	-0.12073601872085454	0.8576198778000411	0.4533656732607196	0.14939116982757658	0.26442407969458476	1.0050370692521298	1.969721915516599	0.5933548920483463	-1.0648373784786045	0.33643940160793545	-0.09807039279919298
0.2069515942653328	-0.08673713028265573	0.8611709502433395	0.4561055824240157	0.09806056623616544	0.2989471911666577	1.0357527908867523	1.972609778389681	0.49362939617948115	-1.0268488135588847	0.30479596772376516	-0.23815450139535832
0.18450410792257058	-0.11635762633568503	0.8710071248695365	0.4401882840100644	0.09747360862258346	0.23984215770279252	1.0843939707535817	1.9998182929826565	0.5245585512697212	-0.9638495242045768	0.4237832867210726	-0.1810778038322218
0.204260904234423	-0.11987585330148617	0.8457278071723318	0.478175426984758	0.2604717904876955	0.3487957950322711	1.0720877168575098	2.0554990796105406	0.6208370431146207	-1.0407060324238386	0.3041908816643371	-0.27076086682362704
0.2232680215899287	-0.08888114881782187	0.8566939501635371	0.4564285351216973	0.13811234084539123	0.253507953374102	1.0343070766912978	1.9847069222289695	0.5234365296404309	-1.1019240318057404	0.33134060687750505	-0.2357412056446236
0.22234951463196415	-0.08134952615644987	0.8628211264656912	0.4466348079376784	0.11903258421057082	0.20670098737877549	0.9678181047947717	1.924916744238547	0.4590342174834008	-1.01798434280897	0.46872814693283277	-0.20998205594743338
0.2163143118146147	-0.10147352219625441	0.8544754569902103	0.4612840081756869	0.11401750679341606	0.23579237378162943	1.0086957392388562	1.9769813615940046	0.5523142601284715	-1.0612183247972913	0.4794083014741844	-0.2247589413232918
0.19880544390246802	-0.09732387655141676	0.8723804882725681	0.435840271440195	0.1514178196162532	0.24308038905789164	1.0113540545042898	1.993332023872351	0.4788263948757885	-0.9746292940916755	0.35261448262125605	-0.22657394927074137
0.23457103418269545	-0.08884774350549236	0.8631245728437619	0.43829040618032766	0.09766873579834782	0.3146966091747088	0.9970058739671613	1.9943075475542182	0.4487607055627502	-1.0130620235428227	0.5220890741520082	-0.21637387262721838
0.21874977365852047	-0.10373293376300695	0.8742250224296536	0.42085463658505373	0.21073228777574063	0.2188423311261037	0.9839829455928778	1.9924998429348988	0.4658571289882395	-0.9880422247814289	0.35059033966409014	-0.10606927052027677
0.20295160707892612	-0.10861084097574425	0.8728296510381951	0.43032863101955615	0.2179560686536456	0.20563123380580026	1.0377070318357298	1.9760493061209201	0.5149834109863374	-1.0352012197911467	0.2271200188111904	-0.1392285234892093
0.24118804551071463	-0.0807399142964086	0.8777399233533343	0.40605667079092894	0.07036500379290583	0.3210513221699745	0.9458744702434311	1.9254299966460926	0.3660903051100186	-0.9703242590344955	0.2924318478981492	-0.20897930437971168
0.21674116822651102	-0.11979946087007805	0.8621246803897814	0.44205473714672855	0.0670277684267653	0.23015280388931778	1.0139353642466495	2.038256642047739	0.5465225186654556	-1.0106215423335785	0.44635864065521863	-0.20555902490160752
0.2202556961701528	-0.0890044187232677	0.8708295981894368	0.43037361985786105	0.11980331751448715	0.28005379702450417	0.9682473950770722	1.9907049503709746	0.4338645445662577	-0.9617284494814392	0.45115897043601905	-0.21014799160486763
0.22413502500145266	-0.1263680211854507	0.8551463207559897	0.450021537136575	0.15812375903825518	0.2848546757532513	0.9742715545871714	2.025495714384912	0.5727630149685391	-1.0048556380033518	0.2305546998228305	-0.18755015813930384
0.2076739582017198	-0.11325837286394021	0.8691117998808862	0.43438318034754725	0.054104665484495655	0.2507725241450264	1.007150248992983	2.0114840619452234	0.5090312573409087	-0.9755132294457319	0.29265934188305703	-0.1272158022721668
0.2213321615275093	-0.10504580614969027	0.8773044089797615	0.41269168500055037	0.09936509909838463	0.17620939180895326	0.9775959884487816	1.9697957719440373	0.4238443385621463	-0.9239225533488793	0.5385262072653523	-0.12796901279231748
0.2133513107505971	-0.12428902860345557	0.87590742776116	0.4145113189801211	0.1134631584162669	0.21096799571506944	1.03072459133871	2.0274088301828863	0.48556301158251786	-0.9486592982749215	0.5034265284461695	-0.18781809128960147
0.21800042151756602	-0.11004954775944925	0.8657497298598583	0.4368550314505794	0.08364510321581463	0.24082171830324062	0.9978926865570167	1.9871130899495082	0.5098025094220583	-1.0077061783062635	0.3732114932002441	-0.16414621427215173
0.21417519731511003	-0.10305425575145703	0.8678240362092892	0.4363373092046625	0.22499814596526532	0.32451949176666356	1.0193304046199858	1.9747871463974096	0.4952634230278888	-1.0189515411105905	0.2998504607613401	-0.26992394836310823
0.234621726335608	-0.11206961367214385	0.8728613351924208	0.4129238873555026	0.09979769594798109	0.2427607435284129	0.9576233514668743	2.0143967675712497	0.4463457511975535	-0.9409107504347115	0.43636286847637545	-0.1893546021537826
0.17532662910715952	-0.07742486611812098	0.8789520341443127	0.4367027420409525	0.11839797721432732	0.2103972520871097	1.0934754024545636	1.9277019928880557	0.45837687411164807	-1.019811717766456	0.5108738253267054	-0.17583021210757707
0.22332363682652226	-0.07736712550974846	0.8607091001902617	0.45091099562397474	0.06718812733754584	0.2123211755440716	1.003053478559535	1.8938108777899523	0.4790454039695804	-1.0862577986434958	0.6064269894176069	-0.150028592425171
0.2154620826388896	-0.11508538454847257	0.8761754532076177	0.41550935056225635	0.06797413195260107	0.2189991168839008	1.002825646621198	1.9568028702298705	0.49245711062897907	-1.0164640652680412	0.5968831105510796	-0.12047342741659293
0.24007244026311922	-0.11484474836125638	0.858389400117347	0.4385698860684939	0.10451982301585268	0.29629334695140436	0.9753771580694406	2.048112814217164	0.5254182455785937	-1.0259701832629868	0.3005338972469634	-0.28309260719704554
0.23170165556620384	-0.08961480421578805	0.8684372691373823	0.42906903785574185	0.1854597632740129	0.3279603870631185	0.9624452398125797	1.9658257892324298	0.44576161136946174	-1.0113735096445	0.2779506279496869	-0.33768686181525154
0.21186669680277687	-0.12867949373852525	0.8744405040147217	0.4170226559979163	0.10534902198971115	0.24080324109570825	1.0671542136119152	2.0374738799823833	0.49836943084919527	-0.9584796926112749	0.5395728072788227	-0.19537064982358984
0.22650969372577232	-0.1338292320995264	0.8726891263397955	0.4113353668871574	0.22509921667874014	0.29033600569712065	0.9828428811556817	2.0195044363089982	0.5117561496685425	-0.9699111025408476	0.31605984651289715	-0.28422856376151423
0.1929325602041718	-0.09209844703266408	0.8817339262739418	0.4205237050687798	0.07684147102776055	0.2678522240775315	1.034657361326151	1.9858504788796778	0.46293280862340264	-1.0104279647918917	0.3685217165800605	-0.19202472989577704
0.21627233794027195	-0.08572406839680835	0.8627581485977055	0.44891651447413633	0.17391523356921632	0.23141477885283598	1.0066016608683424	1.9421792295672302	0.49631859094466835	-1.0679301888813448	0.3125741655488595	-0.25845494961016596
0.20717019255545072	-0.12719032915902656	0.8756938228820035	0.4172091322721234	0.09749515226820644	0.21153579748191545	1.0459329559107913	2.05928815771875	0.48617029141100504	-0.9120148263479944	0.4858473905638463	-0.24174530843036188
0.2173171186043825	-0.08816557019980947	0.85598409218152	0.4607508395271897	0.052597688633248124	0.2614016075102217	1.019953940224351	1.9604303317699796	0.5166678994182268	-1.0658048864501433	0.42776237145793683	-0.18145669995689698
0.2264405519124642	-0.0871547806579647	0.8814013586967048	0.40529047058331336	0.13715895805696793	0.2793470786490487	1.0117919091647312	1.988922321765095	0.39797059816792335	-1.0030792359714251	0.3018060507380213	-0.25650485522663186
0.18501299999112306	-0.0905265450526906	0.8814658787442348	0.4249623972597597	0.09254939112878824	0.23066359264280611	1.067369905512149	1.962553872189515	0.46029633262136666	-1.0013817713068633	0.49280180033724513	-0.2155778841675091
0.21090683857150286	-0.10110453145242597	0.8644509434203894	0.44499521973068196	0.08637776673820373	0.27086824797539716	0.9666224560044094	1.9655115689484655	0.5198269837809704	-1.0213819529683181	0.3768479131887994	-0.09325510522963698
0.20765571867295587	-0.08234140108973764	0.8723069969202947	0.43494769719231074	0.1580826864891941	0.1940616333518327	1.0094793580400083	1.9561767953437579	0.45289896908321053	-1.0199312836104137	0.356433047835316	-0.11901891006287842
0.19599482497418544	-0.09535080829821524	0.8648380464504921	0.45227138462643396	0.08285480503356223	0.32314395122148903	1.0265459349181498	2.0040806731170004	0.5427565866382332	-1.060211946082137	0.25853899238636235	-0.28626363952503997
0.2162086506347277	-0.12083863011760851	0.855664426674257	0.45441196483612223	0.15885483555886537	0.2660630929029147	0.9872199980003573	2.0140146364446307	0.5686903853360158	-1.0049974512244513	0.3318307298276552	-0.19041054509855318
0.2265832754224602	-0.1308354485530001	0.8578206105895952	0.44236399576418817	0.20064631810878875	0.2945877853525642	0.9624134292645135	2.039902320271512	0.5888249819818395	-1.031461561020863	0.42396764858010044	-0.20624098773211974
0.20558805522512172	-0.10467838828103347	0.8687812670829095	0.43817245068745686	0.12747992668641403	0.17842820713958527	0.9859757457954621	1.9726832608852933	0.537891421753233	-1.0578426871779871	0.4637761613033386	-0.08520443431704601
0.18458239939825147	-0.11832917640099767	0.872607000961397	0.43644537541117606	0.13488588467974585	0.2438571633155878	1.113265582184	2.014619186570723	0.5311112906176417	-0.9864978711148581	0.31184416442360413	-0.12385148717193377
0.19737451111655885	-0.13213123104650523	0.873725209629249	0.4244866290025627	0.11640074576202658	0.23985590873329668	1.0582678383846826	2.0137967415957547	0.5347059947852345	-0.9658154911360857	0.4118871777336724	-0.17370337431059005
0.22306847634876875	-0.1114102262846557	0.8671670934123316	0.43110259618964164	0.18882131758471563	0.2711531939589041	0.9895351330928415	2.007789469042958	0.48329454665973365	-0.9652990873208805	0.3135966138153648	-0.23806438494664886
0.24158291104384266	-0.0958307845699743	0.8641659766686941	0.430895953321133	0.13054657697382246	0.2980623395374627	0.9425474926440564	1.9642001246406935	0.4675589042609676	-1.0292995833580003	0.22009794133735736	-0.2632047507673003
0.19053241480747365	-0.11755679673660041	0.8688686775472028	0.44152578591293795	0.04004219488437163	0.2238894246782356	1.0693567895749994	2.0044264815839816	0.5559156703524825	-1.021754340652143	0.5532916112658938	-0.12707547135165162
0.2197431889246153	-0.10332783160997831	0.876232390900076	0.41623681633603354	0.08345303989658444	0.32507636735063733	0.9630587121787942	1.98826262753707	0.45748814550962946	-0.9779256474539402	0.3442335364405975	-0.1962700069046841
0.18590736611915404	-0.12997246334868573	0.8822733786192106	0.41247944842568385	0.0971216873519478	0.2643537216191087	1.0633247958188947	2.122797986744002	0.521394310692129	-0.9255902327630632	0.4390138992766644	-0.1743910177830278
0.27061863077385606	-0.08832726946599308	0.8500839661045173	0.4430813703133759	0.1669786097909769	0.2714149631975759	0.8567187688074266	1.9537769824732787	0.4810675175854204	-1.0567360508691008	0.3831447179661403	-0.20943612429552497
0.22023253337079404	-0.14048906494690866	0.86919734917032	0.41982903909891006	0.11181464169350769	0.25403770595862846	0.9825712668422841	1.9996150034461175	0.5300507618686929	-0.9436908776448609	0.5301560594273759	-0.18917627148585392
0.20421104393005254	-0.10743037758561032	0.8828991075645168	0.4089568795980709	0.1623210127868973	0.25316167062050215	1.019517674487919	2.0110306547659884	0.42017793528889286	-0.8879315356580391	0.4734889273039738	-0.17201703026862902
0.21889473720931132	-0.12950849522546687	0.8567283429442442	0.4486972142575782	0.06920445222584394	0.2226547665278349	1.029290294314967	2.054882536532035	0.5819299905277966	-1.020147630215699	0.5496638369961021	-0.13079317514687358
0.20759070609783473	-0.11782606316288669	0.8684230194538473	0.4345855230722724	0.11369845551235207	0.2677074477567487	1.057055205823118	2.0261316081681473	0.5241999866062271	-1.003096140445116	0.39091251792812587	-0.15542238694035948
0.21393963959692783	-0.11238106408831931	0.8660129656057894	0.4377463540067234	0.11318655783577176	0.16900321450983316	1.042466969522229	2.0074615132491918	0.48620785218490786	-0.956002595834394	0.5313588575244779	-0.26174612973953687
0.22234040240753306	-0.1115406133240408	0.8640650725557264	0.43762425369924407	0.216378846475098	0.30034182932869863	0.964076014646635	2.003073776294166	0.5047191712807152	-0.9758124127033608	0.22605439033732863	-0.18719273784579837
0.21510405037211777	-0.08748246109818217	0.8738686766081855	0.4271189559792132	0.1797446666915847	0.2190236488253298	0.9857770945247941	1.9825567847535677	0.4333263645581301	-0.9769550845112976	0.3184800449782483	-0.2178820066343825
0.2200561522313723	-0.10638745804074348	0.8719629351111731	0.42419056852912246	0.13695535953022858	0.3421416810831992	1.0113171116978414	1.945360526548324	0.46466089607897215	-0.9918930331927341	0.3240441501627415	-0.2200713012093599
0.20483116302928595	-0.10806519022018073	0.8625631418660888	0.44983434240712217	0.09200101064849403	0.23609857543358914	1.0273233268952777	2.0646867337588826	0.5448446025041415	-1.0165296338740608	0.45139719197227385	-0.14132392904452606
0.21240200493597144	-0.13928053005067825	0.857896325034206	0.44665447242895234	0.2003519811578132	0.22736572824956414	1.0259293210277978	2.071229504830021	0.5848156504145006	-0.9652622448580624	0.3575627444957216	-0.09481824022448428
0.22719484941348647	-0.11569365965599193	0.8757742955965706	0.40989859805532064	0.08830209618658687	0.2419501844512799	0.977858003099635	2.0407803303382313	0.45890951272887603	-0.946478260439274	0.3954445505125969	-0.30088740312850387
0.21669562739640033	-0.09265472091692219	0.8651837483754675	0.44262307814444485	0.14911855140902658	0.26606892736543314	0.9863584699118851	2.0127585580687066	0.48478152461076696	-1.009150005198006	0.3021332911681262	-0.16140654538208551
0.22509996363548665	-0.11777611441468214	0.8627688240698954	0.43713699163732656	0.16330141544146953	0.2555526866076301	1.0004477081055219	1.9592823634985643	0.5212356997614214	-1.0160430234524411	0.3382681845683604	-0.03652641050623951
0.20247848817310848	-0.11983091369218489	0.8705092285980693	0.4322692411870438	0.2086259433357579	0.3038589670462663	1.0415135063338676	1.9959030839680825	0.5099102814770926	-0.9614257878330733	0.2649982672643034	-0.19419093607327534
0.21192973107824425	-0.1199488707848288	0.8645487366315192	0.4396061185554535	0.0588734950375857	0.24188336938669244	1.0457961221166332	2.064382307325319	0.5423731792008448	-1.0075451465674645	0.46114298260499603	-0.17607162838992055
0.22817606758417566	-0.11447464913341285	0.8648860549169956	0.43220752989474787	0.12178456086926374	0.3099546633187564	0.9829376013623663	2.004686406239684	0.5031219973981615	-0.9947542171674592	0.25074878541026197	-0.21687555572080994
0.2284278028449265	-0.1252053116006803	0.8680076294753041	0.42273765387895	0.15438209940587444	0.3122170171004533	1.0037678924255595	2.0342532883042637	0.5195962402149411	-1.0067773103347242	0.2909083605191589	-0.22525432301707995
0.2297494751070502	-0.0910180419893351	0.866144969496087	0.4344235105712916	0.10929664905014012	0.23270803602174206	0.9780280484876422	1.9717251344447135	0.473129186571331	-1.0474509861904715	0.3481388296669183	-0.22568827612983067
0.20000751940967154	-0.1450460534002303	0.8894060793222367	0.3845977907337151	0.20912143716667275	0.3266556959319993	1.0136556213388426	2.1240078809973957	0.5050870333924485	-0.8941477881607716	0.2445529585631255	-0.18301308417475384
0.2173131851566881	-0.11546378333768632	0.8586355422972577	0.44965331067200764	0.184594834238391	0.2258249555939409	0.9843033692465951	2.0217643509189434	0.5513754190728766	-1.009426730660004	0.36332318616993015	-0.08281577029841904
0.23026160928082784	-0.1001938337210147	0.8667378358645059	0.43093655084780347	0.14386858354282017	0.2500041551561431	0.9755373410128155	2.0270129025399837	0.49287768409039445	-1.0412909759437123	0.462819801433092	-0.20781390195123162
0.23449720822675965	-0.10667058733138471	0.8532970674518537	0.45333934288819405	0.061181471648522535	0.2559928130157089	0.9535557122285628	2.005037792618489	0.5420802152081449	-1.0417870383760142	0.46219430445498316	-0.14339171055741892
0.21314348682202305	-0.10641736793551967	0.8590311130783329	0.45311228695592326	0.05762203162772129	0.2782884221595593	1.0023906291086482	1.9979530144316866	0.5328479103794578	-1.0124842771933877	0.2872952293425583	-0.2658992560152328
0.19310830558427639	-0.1448109719545614	0.8720882418849245	0.4256771817727684	0.2018606230236036	0.25927830218763975	1.1261723424129506	2.054717352763263	0.5265821301988862	-0.890707127988014	0.3238631010889827	-0.3338123505416481
0.21699621963576893	-0.12720685172433197	0.8578049422176143	0.44822063612154717	0.03631834614932179	0.2590438763491849	1.0045994808866414	1.973372626053772	0.5420882904327619	-0.9637525593434713	0.49287901878981805	-0.12735502729491638
0.23692381071581778	-0.07543109643370964	0.8658464244702305	0.43415115667106213	0.16081921486047218	0.284212461383776	0.9049533987213634	1.9232747865753501	0.45119457788855505	-1.0595284310258972	0.30518277554107703	-0.1345240596718921
