0.19641685459632396	-0.09101099525957919	0.8716389406539418	0.4397533116509999	-0.099153528492386	0.10109152194574815	1.0638290242301833	1.9140122082936133	0.4673366841939961	-1.005351489978615	0.5636896410301615	-0.3639359375144508
0.21698800751919972	-0.11832616479328566	0.858194414554895	0.4499082908159629	0.06448075512689967	0.1469181334043632	0.9964842796978919	2.0179010738619407	0.5553535163949148	-1.009218853076847	0.3136361065849758	-0.31993439343714286
0.23142160255807043	-0.12089742674631473	0.8550806606682717	0.4479563793793832	0.05692588400002587	0.12413989004940124	0.9761173073257368	2.0297212535351066	0.5455021599031963	-0.9977643423373393	0.33707068451607736	-0.33549867431042135
0.23226745143716612	-0.1170595170802531	0.8654721519096219	0.42814349782841504	0.05303240074436933	0.12202683279575621	0.9667298114795435	1.9985655394752928	0.5031920998630294	-0.9951978817616213	0.36465714880848393	-0.34223960029347716
0.18483694386731522	-0.11043235226351596	0.8779063599633067	0.4276919719743575	-0.0785776818799542	0.06103616269462314	1.0586839837107969	1.9778449528539293	0.4897712656614296	-0.9521786174421328	0.5174495228760337	-0.3186822448412833
0.23812834605618832	-0.10225432863772338	0.8690012500298229	0.4215160382784956	-0.02082454079212401	0.1432489432002507	0.91247114171103	1.975668155159506	0.44778187759116156	-0.9593647634425874	0.30996739672222334	-0.28096709730307956
0.21907404411395578	-0.13689737929345341	0.8647227129312596	0.4307206757040383	4.370610453791173e-5	0.15486829542834793	0.9929857251677933	2.066996769459916	0.5445244533968763	-0.9412912898803696	0.38085867935835654	-0.36982890615786573
0.23401641311118945	-0.12509230255773876	0.8458089056394457	0.4628126287995816	-0.0777694907161935	0.17593717621003022	0.9507952617732793	2.0181976521446856	0.5930513652525748	-1.019092397922445	0.4294556202307361	-0.25353392586464174
0.18536519248267055	-0.15182545371647876	0.8701745660311105	0.4305635860732025	0.09583492418261381	0.1325913928462052	1.0378650476141125	2.061790525044819	0.6050445739369217	-0.9425928830748783	0.3393666039704164	-0.36626766700599256
0.2453647469759857	-0.09907025691180367	0.8647596618570292	0.42681606385158055	-0.03021067980487548	0.10601586300759676	0.9089303317592158	1.9845670388266339	0.48171273889943683	-1.0378560630571432	0.35881805123735405	-0.33594293033062983
0.2008098972701103	-0.10506232036924881	0.8658355573891906	0.4460561417103757	-0.06468540595609444	0.09159509140039573	1.0108437376644974	2.00139434117043	0.5395544701027207	-1.0309951954906895	0.4716178617420788	-0.3060327797624802
0.19442829154177035	-0.14043117078621054	0.8481839669683995	0.4722930064033465	-0.03891013322516193	0.06943368357700301	1.0426493439874078	2.023317485470487	0.6818544985486201	-1.0521471501985886	0.34207425582886497	-0.24170130117767688
0.22259658085550812	-0.11347562320267092	0.866750761645138	0.4316447176993779	0.05943731183389325	0.1344812658025383	0.960319050474599	2.052961504101604	0.5019898877457794	-0.9635303099168285	0.34950043610008247	-0.31287693473209705
0.2449094072918069	-0.10120791621716409	0.8434995082153761	0.4672097168888656	0.03143005054589682	0.10693842270894503	0.9366048401424836	2.0178420876744	0.5415779648735627	-1.031619148586539	0.39676212707117037	-0.29815578001254545
0.2061624363886812	-0.10148060634009567	0.8575612925344841	0.46020361352961403	-0.048220940593561946	0.11060881296646598	1.034557948139669	1.9742211942260812	0.5438006756183185	-1.0414612565134664	0.4339178182520352	-0.3370146242613357
0.2290582671741721	-0.10399660961011228	0.877898514334286	0.4074447373060806	-0.06403771377428542	0.06440042633765396	0.9656318080525506	2.010516138652649	0.43273201577960974	-0.9620786441961499	0.513820021172982	-0.32396269186652127
0.220172323331681	-0.10913005660560775	0.8605040543609866	0.44625951106087447	-0.07611782831197977	0.10536749301080826	0.9941362645409949	1.9996330028727514	0.5123448761324989	-0.9894154869030627	0.6088900016283111	-0.3391567914782481
0.23661540376631734	-0.15180607793403839	0.8621160378031385	0.42157324721263406	0.03935646842370763	0.1547182923927497	0.9814077270947852	2.095744996859507	0.5433963377348892	-0.9074106515458839	0.40043052860505773	-0.3780893556287355
0.22190070119891864	-0.0950244847754298	0.8723550342809034	0.4251201245123032	0.002413869444948994	0.15128147011997845	0.9723295263972451	1.9421889818050784	0.47360154872805293	-1.0452428996564875	0.30970865155409183	-0.41396052108396764
0.21029561235829516	-0.1053191958223028	0.8737594012830783	0.4257089746336456	0.035284397454045005	0.08942643884853048	1.0401926727438489	1.9762517620654787	0.48961480120325424	-1.0298496636067245	0.39549328395013084	-0.30697703600445025
0.2119148603535357	-0.09154165091750371	0.8683552444835109	0.43894349008342903	-0.07384345722813959	0.16486143624789043	1.001422215922455	1.953000417030182	0.48370470419027717	-1.0330780465690537	0.4069617479990466	-0.4011455490365334
0.20906765393860666	-0.10435741474181012	0.8695920591713082	0.43498263952854144	0.009611563798675499	0.17784766172624947	1.0102258033570306	1.999021518242057	0.5039933077834415	-1.0135149297013364	0.28786385483387034	-0.45086233834568096
0.22664923116684166	-0.12328182897152162	0.8538525102525907	0.4520703566838526	-0.019289285375238118	0.12744287418217323	1.0272533097717425	2.00363059693902	0.587546255010745	-1.0783559811482344	0.5437859210814758	-0.29903190867900264
0.25099169129576016	-0.11722397019517437	0.8646778370026906	0.4190393178551665	-0.030043362418286104	0.16695740963467395	0.9355899815474954	2.0584328664161347	0.4946416505146805	-1.005235769905748	0.35729503811217206	-0.3471403317092074
0.23532911662515665	-0.1322295658701935	0.8623902495840949	0.42827398496813474	-0.06066224017603256	0.15781844291159242	0.9758108134473237	1.9977363877376515	0.5197483418010025	-0.9659769170561772	0.4523837330506851	-0.3320144738639472
0.20610946708998443	-0.12504119461952679	0.8660303451472603	0.43803541923926825	0.0430924648098302	0.13563646733731133	1.011618108353236	2.059783438017466	0.5769121228042409	-1.0286147478172856	0.3470737986178938	-0.32412020578378686
0.22171746916009138	-0.10125603247463165	0.8833544527946025	0.4003417171426037	0.014556601200488068	0.09817213459083134	0.951990719166788	1.970179355605484	0.42163566246499495	-0.9592659259743802	0.4185999678547753	-0.2890061905839673
0.23345755999717344	-0.09622120697222605	0.8730126765277896	0.41723843738414035	-0.03612440234445827	0.10862339658780196	1.0134113590002731	1.9968613360191214	0.4265287470075735	-0.9989806809075664	0.3939964554083248	-0.3178116321531432
0.2085385666167454	-0.10046972318186975	0.8622240060309999	0.4505410795710486	0.00597573779983238	0.13919147989315594	0.9903117596688094	1.9897555876709376	0.5048917654675551	-0.9809045666300229	0.29352471436698885	-0.2712550420553244
0.21736609487931854	-0.10488068611542561	0.8504735114213263	0.4673829573781566	0.04205023686969559	0.11659750350772381	0.9412888309647701	2.0316096851627563	0.5717156181981274	-1.0221952714432059	0.32040750809098556	-0.38054500032703736
0.19363410578607299	-0.1055613335264048	0.8790969445588278	0.4225531919272272	0.04036533224265817	0.13858051588103668	1.0536736504416107	1.992239275444025	0.49140039457854434	-1.0074762515966889	0.514292678155048	-0.39767054927358214
0.24245493096734008	-0.09804736092912188	0.8648738895148862	0.4284804274407985	0.0076309859901616635	0.05034843543071171	0.9756257379541181	2.024147728761373	0.4602182025865229	-1.01781460010028	0.5251926244642884	-0.33008360861530955
0.20691060391723745	-0.13997671115265956	0.8565492546597042	0.4515726925572382	0.0035858390054732945	0.12176084646100073	1.0675581196319082	2.0278098554399375	0.5847258529162884	-0.9696986588323405	0.44468950086533177	-0.3359293412950885
0.2072825231950458	-0.09109675689814689	0.8647582773035368	0.4482504414895254	-0.025893921301746683	0.1399562003050664	1.0288393162546565	1.9890059243137044	0.5020511978543276	-1.0400912215608633	0.3282949431605979	-0.39554616674567805
0.21351700596055925	-0.10802511373591447	0.8626626541120709	0.44559421918186826	0.037362584829732794	0.13840764122114377	1.0418926887646853	1.9920727400489244	0.5024747762184497	-0.9890930542353481	0.3297703850940064	-0.2802672575976994
0.19982793320089048	-0.10378035961566803	0.8667172699583083	0.4450838213491027	-0.021779424308395048	0.13304410438785105	1.064410074512472	1.950620008531411	0.5042111634477572	-1.0049148518122608	0.3720412455373219	-0.296705137681027
0.23591880673389928	-0.1047056089428533	0.8608594743189996	0.43852025900792235	0.01576794911132781	0.1383101231783654	0.9522261389820497	2.0117786425272137	0.500071189155922	-1.0136237916347868	0.44358687757093634	-0.34222341038894083
0.215076186609404	-0.06849818429137387	0.877627554779187	0.4228712662201665	-0.08158040247762775	0.06539101240911724	0.9876188784291324	1.8809944859589864	0.39033848302452817	-1.0077308100117706	0.5841635938429439	-0.26773455236667315
0.24118549392858016	-0.11095683313931243	0.8682286455351924	0.4191624479485809	-0.09075631599278111	0.1393133294370059	0.9299819613267556	1.9823535286271956	0.44843957572181187	-0.9392314992631883	0.4447769753653859	-0.38124938933522107
0.19188162311511187	-0.07175028371206155	0.8868369577050133	0.4141902340066282	0.009050333896613838	0.1245910416062449	1.0454395123559759	1.917176031894388	0.40345718402691805	-1.0160631839645888	0.25148770042600815	-0.342534577373061
0.22621024263867698	-0.09409051042832738	0.8692000690632916	0.42949638172289256	0.008585394343529605	0.12622259755342566	0.9453911963047907	2.029719401394626	0.4850093831730626	-1.0348166961699865	0.3465986292525942	-0.34338663465958635
0.22859984146051973	-0.09405426954796933	0.8761884415116584	0.41375079676708054	0.04133374182923625	0.10925105233096848	0.958330044034163	1.9523668453342968	0.44705859928515573	-1.032392539942302	0.3787549210214393	-0.26412420248265917
0.19161672797908874	-0.08451860655447738	0.8846329077513007	0.41661043341250603	-0.10959363570642534	0.14931539533396693	0.9990797191095268	1.9460364842605695	0.44342850904946013	-1.0063011209738466	0.5190590914320744	-0.22954826690879035
0.23736624737407191	-0.10613258614378594	0.8586327518330096	0.44174985709749365	0.008887792704708115	0.20905871761296047	1.017637512128626	2.0311974445141208	0.4880522934068976	-1.0074349459592091	0.2833421473892264	-0.33244236426241597
0.22317820978447814	-0.12496314414635833	0.8530946542156007	0.4547584086426732	-0.009318582045295542	0.2324729070765437	1.012877102021134	2.034409084839924	0.5753010012077344	-1.017270142877014	0.14051460100015883	-0.3399719591692394
0.19744760566459563	-0.12335681613454147	0.8603133156693983	0.4534959071616782	0.02908013771115899	0.141472055988802	1.0651225613212858	2.0597480041097125	0.577607914978367	-0.9992278143673566	0.35132632474921194	-0.30309973973291143
0.23882131953828178	-0.09407519391271216	0.8604302445368064	0.4401977163850478	-0.038499196149753584	0.1234627758956911	0.9721852141682483	1.994644128798627	0.486049917728116	-1.051218702013467	0.4750025201516605	-0.34649407873878246
0.23138068070033713	-0.11758043499886499	0.8726697205760934	0.413624685788662	0.012127680809962599	0.09145435153434318	0.9546925770081784	2.026177759882862	0.4772701453653601	-0.9650240279297669	0.4980408573998301	-0.3468698836012128
0.23684715894697522	-0.07742064401502875	0.8624592729455908	0.44053770518447927	-0.057396857779481836	0.08358833597317934	0.9847341107142402	1.9906263196144396	0.4564050938054935	-1.0731129358319298	0.44658274535219694	-0.3530713116665202
0.17728812275438705	-0.12195072925654757	0.8713599725261039	0.4409407436870956	-0.03379581266772503	0.16429463594041338	1.0663612737024442	1.9859346033222212	0.5530016047523831	-0.9723086027402666	0.3636179263128438	-0.3336672670733458
0.2231916514941305	-0.11330802039832114	0.8644066847185783	0.4360594714377531	-0.036242219518889514	0.1540970548308779	0.9831028670309261	1.992722097967479	0.5034060932508176	-0.9832983264344506	0.48389412890981603	-0.32796569993083613
0.2180824005479469	-0.1015402389493416	0.8740870256801331	0.42202075539363443	0.005100548655939498	0.09016725801120251	0.9953042688820875	1.9546101312989559	0.4428564121981224	-0.9612840207628232	0.39980348290821954	-0.3941119417470383
0.2197556148992175	-0.10395683948309602	0.8715490994970726	0.4257964448076035	-0.03449494978165401	0.025818948427132938	1.024820064750945	2.0117525830041627	0.4487143990825383	-0.9562107869995493	0.47616849702293096	-0.2809427731646344
0.20513835350586748	-0.10434635190506285	0.8625598744388006	0.450578026287487	0.09735897162501729	0.13784191422648345	1.0063294374384837	1.961237867111626	0.5243169990909582	-1.0076912890593994	0.24759865416924218	-0.1598835341009171
0.22906491990907488	-0.09077301360247098	0.8660457316755319	0.4350336919310588	-0.05009106813235947	0.10889765788794416	0.9569450780572486	1.9938054380949208	0.4893112295629311	-1.0619515911121464	0.5518105882237274	-0.28865311337770555
0.2405599161525658	-0.08482544281036092	0.8482299827726382	0.4641567271065095	0.009977371122071756	0.18705415939374356	0.9935342034100918	2.007724480932318	0.5393823770164756	-1.1337090688649036	0.35760775766146374	-0.33143103027145937
0.22101010394576534	-0.10739819836124129	0.8587607307385989	0.44961113007125286	-0.005303272621955686	0.10116762758232732	0.9689941786796484	2.0242459121775913	0.5299925059056385	-1.005077191329188	0.4796573839345246	-0.39429476370611694
0.23858576892058972	-0.08885865521811226	0.8673698057497006	0.4276103253373639	-0.0026664304288965077	0.09792178685362041	0.9960459571953536	1.9390156338834263	0.4502624192204938	-1.0661297657859827	0.4378761678266751	-0.2813990776142258
0.21243528106200832	-0.10622615797742942	0.8715387751485215	0.42896085851051086	-0.005605601868012893	0.16369150219468612	1.0298775011352141	1.988162273992834	0.4736056919989088	-0.9799337001955557	0.31640071924161123	-0.32580550178949014
0.21402820520396162	-0.14007322827796403	0.8802581906858931	0.39964601315083587	-0.04929164915955394	0.12491678543352482	1.0085438038014567	2.012240706158493	0.488643829612025	-0.9111275723396955	0.4040286049767668	-0.3053842689229405
0.22507606128932264	-0.15992284661027517	0.8581965528829566	0.432740252791859	-0.08832343669229999	0.11486509599830354	1.0396326107117155	2.077429353614542	0.6081926115032465	-0.9791481085766189	0.5249904582594498	-0.337420274429533
0.20559099729818772	-0.09544159142463837	0.8866772561405968	0.40302194468695046	-0.21309616288244304	0.2357522296987605	0.9947517234384046	1.9829275762807064	0.41610820890147293	-0.9533275428724761	0.5510121060082165	-0.44631016147376795
0.2400183114025117	-0.10522400037107318	0.8659545470386322	0.4259599070341157	-0.02222040171398441	0.12286485160937033	0.9635653116624144	1.9955582946717276	0.4897533991923032	-1.0456309805108974	0.2970813904685094	-0.3792129886113349
0.21547989853793278	-0.12413480367733733	0.8633586324947032	0.4390567566260049	0.015915195925813853	0.1856352860870021	1.0244400232825333	2.0182553342356107	0.5323138635421719	-0.9788900077009478	0.4371393235603283	-0.4276042996150666
0.22951806257162372	-0.13169974152704247	0.8382026414775448	0.47685738838267444	0.006536365997891758	0.10880943277448785	1.0111565438712087	2.0541834433293316	0.5978675614930824	-0.9702637369986199	0.4417366652828399	-0.30908991290339527
0.20094379070837565	-0.10724098684170084	0.8737625063965948	0.4297208932929691	0.09590891828865371	0.07844046954930187	1.043035228660802	1.999058378992137	0.4968963507337624	-0.9992063846798078	0.31580305035302675	-0.39257012263503865
-0.4121497388549873	-0.09629983051902645	0.9006256000457077	0.09865325106696546	-0.06787967016718383	0.6065486404746921	1.9031955217089704	1.8892093425158931	1.1076241805707514	-0.3164884598572376	-0.022756423047957535	-0.6006689323039041
0.1991571735166958	-0.11020499590241992	0.8594546826803304	0.4577432987317681	0.00963310732269207	0.11979515620965837	1.018186243059082	1.9522241747597704	0.5350274918049291	-0.9775481618965062	0.6121074107324732	-0.33105885315530886
0.23616874729848245	-0.10638934381842763	0.8678287876665901	0.42400333208417884	-0.1454482767760347	0.1444959836872539	1.016968306930548	1.9810914528183678	0.4613026342479431	-1.0135316981940214	0.5114934400412282	-0.45600115128766666
0.23399961306315845	-0.13403922069476995	0.868137568607805	0.4166711297577018	0.026958108032452705	0.1761073848394332	0.9647301975748708	2.0553757075444086	0.530732217333044	-0.9863753023757253	0.24661044038273064	-0.33404971708565623
0.22177965563102456	-0.10022548074223983	0.8705302760290019	0.4277214933517381	-0.028375572989560713	0.12370824161269132	1.0148945891487493	1.9496346621306564	0.4784338333179223	-1.043134481465898	0.4200125667221643	-0.35046723775092253
0.22991965446203608	-0.10515958799722712	0.8799943537796028	0.4021049003187237	-0.05268092283561198	0.16251414776454157	0.9954078336481764	1.9819015019051738	0.4198596392811333	-0.9697021633111907	0.3605841762489706	-0.3343378099039785
0.24254923463028835	-0.12483467242422065	0.8747500275142649	0.40049789350855713	0.04646504443600513	0.12835975481317796	0.963828877340781	2.0101313602732405	0.46653903637609323	-0.9761522042120975	0.36473400449502	-0.3066263863603742
0.2069721372751374	-0.09241788548952885	0.8556238101310972	0.4653271584274341	-0.05954817562780946	0.17896672191715224	0.9857964041255618	2.006982713000283	0.5384667908064088	-1.0299770572795275	0.35679389214007545	-0.3698448858067061
0.20221259638863345	-0.11288428704246878	0.8746396187493105	0.4258787866456157	-0.026864718292912593	0.11205238198097388	0.9906243084628266	1.9878224624646312	0.5065932544021614	-0.9838699086404251	0.2819196873320505	-0.3016750572869234
0.22120466272345637	-0.10198448317410835	0.8616267090917403	0.44527191306082803	0.01738912838476983	0.1414019523202921	0.9680900057423963	2.0009564464982046	0.5005265971506286	-0.9911844558937362	0.3212997938627465	-0.37946258295752794
0.21975068208815324	-0.12081033262155852	0.8597419155155652	0.44492509477358816	-0.004841931023133819	0.12101656898204688	1.0166675448796894	2.0548931846364393	0.5580478089314268	-1.022505034781133	0.44524404025844205	-0.3121655680071144
0.21096598755508644	-0.10710513843379911	0.8787711286312577	0.4144673025705756	0.03916967139622717	0.1454857668922355	1.05387291545156	2.012288628277456	0.4501095199794222	-0.9707596634281143	0.43534887806034633	-0.3498076304093802
0.21768866626189795	-0.09557162788534317	0.8685252519282152	0.43490412194815087	-0.03555027555055254	0.1870463598577959	0.9991605323600609	1.9859054474989315	0.4922056898308443	-1.046673864457533	0.4553309628796967	-0.3656342832908064
0.2031424099366696	-0.12747858809449242	0.873957730482228	0.4227058743297876	-0.036584450695888136	0.07620308491595464	1.0380945295377546	2.071515620201739	0.5277646227305914	-0.9653310603993429	0.4628564589047725	-0.2711080376614581
0.20473886603475752	-0.10763847366412861	0.8780714943321384	0.4189109768953107	0.08356021012235698	0.07268951836089954	0.993326937094439	2.0109089695921196	0.4856615107948721	-0.9867657088504856	0.421541065965297	-0.26960795320990927
0.243217977758916	-0.12234251068244054	0.8544244356970156	0.4425338507488625	0.036574879177408544	0.15371837583200187	0.9542650701496668	2.025355053463742	0.5313022314606438	-0.9903536348741151	0.5058474795367768	-0.41910752146487745
0.19991579949568086	-0.09533470015928976	0.8657222077780071	0.44885412665755237	0.011285626725484327	0.09984937786499026	1.0001327958065531	1.9411182850958557	0.5134379147864424	-1.0234528227664565	0.389178467720912	-0.3074135586780841
0.21030434725650773	-0.08529015547101691	0.868109791830678	0.4414556152462454	-0.06321222781515246	0.13611004649180541	0.9719170059303758	1.9297853611418931	0.4699047727944882	-1.014225659545229	0.4554495273845019	-0.3654426518411196
0.20983652502182937	-0.11734604997882733	0.8659331240371876	0.4385867782050966	0.054370836601516086	0.11235897070099626	1.0092254386731607	1.9624697835103038	0.5131679201071377	-0.97096721354415	0.34399222573945315	-0.36231704511793855
0.20613437545307764	-0.07856540536269319	0.8649814109120388	0.4507141612079476	-0.04367635747513715	0.13734344218133007	1.0474027206131342	1.9597084370507558	0.4677545118421858	-1.035111420229677	0.46572193420431374	-0.3310202374845304
0.22711283535416796	-0.07272267665723516	0.86627620171308	0.43897233929116425	0.016881667848719393	0.09301048913422579	0.993090733949624	1.9315056856580746	0.4063043081106199	-0.99562341988789	0.36541382365047576	-0.30433657172485973
0.20887223331587165	-0.10656378261272498	0.8702523040305853	0.4332175870326201	0.005900923833251174	0.09727910531409417	1.029392212505482	1.9798142262921792	0.5011553711729414	-1.016040408274603	0.360435069193723	-0.3621474534402416
0.22266232473717618	-0.12142343403474885	0.8699488626378464	0.4229264891266126	-0.041746602442993476	0.12574125368841851	1.0067656824240052	2.0433280087649224	0.49172398126125944	-0.9548600341739426	0.3789415442320896	-0.3902241277167613
0.22015160599789496	-0.09432090417300383	0.8617335201745714	0.4472719280483365	-0.08931502582430668	0.11133072340447751	0.9674013634892036	1.9932405978320997	0.4833310265501191	-0.9870354646217658	0.4655792389041282	-0.2608049606334047
0.41632261543847815	0.07262933539863727	0.7375712805717941	0.5266773828347874	0.1376912219636335	0.13272525257766374	0.5334731850752917	1.6864002750450329	0.48478190961317863	-1.3331506527993935	0.10873879290330675	-0.36157616864433306
0.2322658416300137	-0.09286520746899034	0.8643051043251665	0.43635457908804615	-0.06641115639408991	0.10230220152805641	0.9279228947831447	1.9531882274480963	0.46208338555149264	-0.9935098923876385	0.44820144831463155	-0.3328052751447184
0.5121560999355521	0.8202158061027028	0.24692210122291147	-0.06302092228585865	0.28702372760746886	0.2637027589045748	0.014699265111471693	-0.4802653084369341	1.5671239657987	0.008959940285906971	-0.15736183859120714	-0.47480426870873477
0.21730776625449985	-0.09732549368086851	0.8659079208700732	0.4398960736125318	-0.027370961612721654	0.17207640891408624	0.9791555929293493	1.9590842705485336	0.4835346757273223	-1.002067995354324	0.5146929125043199	-0.43417877350128914
0.2005982289662425	-0.13156601565343112	0.8606673364635483	0.4491129813370233	-0.015664378761978803	0.16850581710378434	1.0766355709225244	2.04203462820832	0.5852210180116748	-1.0041781521910107	0.34929209972462405	-0.33913306540339794
0.2177697222191814	-0.09168782274512874	0.8719657865545448	0.42877191876702053	0.12140069251121056	0.21234367194958204	1.0098541358180608	1.909511707881833	0.43495542443612767	-0.9891107926123991	0.19482736955365132	-0.4021998997395861
0.20858530598001393	-0.07708205395400834	0.8618223858238326	0.4558647851944391	-0.14141602504176506	0.1284810977918487	1.0445497941615636	1.9257392619764058	0.4792923390758129	-1.0584337364359797	0.5294502616971376	-0.3627932365228596
0.203468668208638	-0.07808682842221373	0.873689961842704	0.43493539619081073	0.039818865975090954	0.17739129388019736	1.0141320359941062	1.9331968030320925	0.45219687229671	-1.0357095783286734	0.299630791575448	-0.4055562498696336
-0.3908764130920306	-0.008967523279668757	-0.6600326584552381	0.6414765022875334	-0.7031820001709299	-0.1381618238219167	0.5881782125413582	1.7675905664286053	0.8443491002114254	1.2518835498159784	-0.6229203608451863	-0.35739804716948975
0.18756493891936984	-0.13157026466947574	0.8626648690850975	0.45090795378809706	-0.09447045150482115	0.0916910234858992	1.046432240105744	2.0153966521323143	0.6016075826170213	-0.9981936467993742	0.43250445935498366	-0.35825049685291616
0.18384815754818504	-0.1040944109178423	0.872904024424059	0.4397758209884749	-0.00516317302350308	0.13179733439160318	1.0425056742499301	1.988544415022144	0.5121970878590189	-0.9817849610254471	0.3555932103498407	-0.2586658444738421
0.2242992296025419	-0.14473045958824282	0.8683492556783549	0.4179862675135745	-0.020786140836146858	0.14619408492942568	0.975969812633667	2.0653859259960616	0.5437191930359592	-0.9381245505886076	0.28539993922232737	-0.32577330639684104
0.23186273834066212	-0.1129890969564834	0.8652593802759176	0.42988293683590534	0.05432692212482435	0.16719751320697	0.942047828604977	1.987081808820104	0.49179137160347597	-0.9756942448956958	0.26312607689806383	-0.39493680174971324
0.21338349512451477	-0.1311529321326656	0.8583204515334599	0.4478307658935997	-0.07801192286424993	0.18205731016519158	0.9815288476697511	2.010161693138993	0.5926262982797398	-1.0148180127566593	0.3137269627982204	-0.36925698216003244
0.22988244509931302	-0.11926757136209333	0.8557742946029935	0.4478612112622595	0.05050878170183672	0.17096735055994708	0.9854803061001535	2.0056532800745956	0.5340111526350106	-0.9921114687710174	0.3768135799844317	-0.3679883697934132
0.21447337139093797	-0.10198991516234329	0.8608849399107089	0.44997372190419976	-0.09051714867999104	0.1845494487882745	1.050415841073135	1.9945854770501759	0.5166256386491309	-1.0369802332438107	0.443006694872021	-0.30531005248535265
0.19955594563595483	-0.09031890275854583	0.8754051425797928	0.4309127019602515	-0.06249402913633519	0.14426215835425674	1.0614891727755396	1.9686404935160544	0.43990487281926993	-0.9726239499565671	0.4521192613129146	-0.3133481824423794
0.19040420508230338	-0.12092086296767625	0.8728618451278549	0.4327084271263101	-0.026521015452751002	0.13151881067100332	1.0328780940547815	1.9996029807076714	0.5417444968387042	-0.9885148721615937	0.5074396310553745	-0.3661008136360582
0.20978906376389933	-0.09107296450679521	0.8800746339750074	0.4161284687386424	-0.1061724436771892	0.09716767251635387	0.9740706315947556	2.0095963145421885	0.44296847771335457	-0.9880958016337499	0.5495372924398388	-0.3046458981230365
0.23743113336554345	-0.09213794264195455	0.8580576400711356	0.44595307236301746	-0.028627306623140267	0.08866995673186136	0.8974598207212423	1.9999753661081545	0.4974486895945228	-1.0217463758050533	0.5471848308503332	-0.3291142804694491
0.22022070010552522	-0.11504128830251392	0.865791021506523	0.43436649538082656	0.025532799154245927	0.1712630851618648	0.9377941806034017	1.9910511913734168	0.5113908704098008	-0.96744621287675	0.39066783662066246	-0.3581984993387406
0.19862350018951308	-0.11761500492980173	0.8698429385855659	0.43599160310796886	-0.024840159797827097	0.17763457671848273	1.0382561645559314	2.028743648555392	0.5426793765172833	-1.0084075007793023	0.3032251581353177	-0.3538099081359318
0.21742986177167306	-0.10272307520244323	0.8711336210561306	0.4281336698935724	-0.001085789953948318	0.23280540515191617	0.9199338178161961	1.97943828489902	0.5023027420508168	-1.014309156543768	0.24185020777882685	-0.43044240236900316
0.22378357364604548	-0.11675140467906933	0.8556320389517682	0.4518670552174708	0.09181525706968746	0.1570319570811328	1.0296409910751971	1.985853776123631	0.5425241734241806	-1.0241211038729825	0.45165501040166395	-0.33579330552881953
0.25089282163841636	-0.10022129478318575	0.8741568898028799	0.40355695525223145	-0.0365642936079928	0.10356802454426346	0.9430615896276676	2.009415157843588	0.4263637390830455	-1.0108362378516045	0.42562381273719935	-0.278591172415887
0.23223710121582636	-0.12245771743230938	0.876693778663414	0.40308566671739066	0.03269430802541092	0.15931825322256127	0.9540826197743272	1.9985343053500846	0.45975061832595004	-0.9424744437336298	0.2939990386523394	-0.4108634853455353
0.2450452029256605	-0.11822526125122726	0.8673318084001435	0.4167867203529134	-0.010906149727636141	0.13066351088631392	1.0022303553988705	2.010167574065413	0.45597736203251726	-0.9679358878659491	0.44794809128357077	-0.29713533156046473
0.2372014814533363	-0.10234409607166663	0.8551788807413616	0.4493664708559907	0.0930286788069948	0.15026746348732267	0.9928886460274864	2.0066858344234557	0.48091160200457445	-0.9822888090181888	0.3695501977630271	-0.34050293782676705
0.22913321290375294	-0.09796841391000634	0.8684094993828687	0.42867831995793354	0.04286580269331317	0.16435015981022041	0.9903824597675277	1.939041338925581	0.4538864500618855	-1.005705199756305	0.3184864563658221	-0.3553461168390069
0.2518025587192416	-0.09347796788980464	0.8509404922663918	0.4513951922241376	0.04414146386313483	0.09470085495398568	0.9618175132399187	1.9656735172410855	0.5076201359694633	-1.086399416214812	0.4559599806198227	-0.2836555170539302
0.22306616846182872	-0.1065112874251688	0.8802852012490464	0.40496270766666653	0.03026763150985308	0.08465796541884235	0.9797592111036499	1.9599254216303519	0.4246876179537407	-0.9473543397854828	0.3850805960433856	-0.2916497850522013
0.217138045506048	-0.08372432156298412	0.8539436978144056	0.46542611458285266	-0.006462095170184964	0.18551478708277824	1.0130446272881335	2.0028874470282476	0.5093409973044395	-1.0468442941445384	0.33642788305181465	-0.29221368514886087
0.23700406256820641	-0.12787551382179682	0.8628238437455691	0.427798950390366	0.0707250544210523	0.19506222063659528	0.9852985739073561	2.0336941248691134	0.5022852091196729	-0.95101621474909	0.16156632008922858	-0.3849330858979223
0.19027762819959082	-0.1174908955257432	0.8908845806780576	0.39536688984458307	-0.02884687089036944	0.15491483212177168	1.0731233955425563	1.9973821873855724	0.44226114772511627	-0.9194517776903767	0.4946795611601315	-0.3656375615672148
0.2065957087556963	-0.10832313140222033	0.8672230096737356	0.4398960829779876	0.0578015213994568	0.14402894683986397	1.016286195103335	2.055059847422319	0.5108332534266763	-0.9783133267496997	0.45662643040269796	-0.3761074310350902
0.2212275917355475	-0.137836794114606	0.8663105751783711	0.42610486758216887	0.02238993226253311	0.14377467617265027	0.9832141038325769	2.001775192086169	0.536469739732522	-0.9536272712282787	0.3842155448067642	-0.25624368376372403
0.1810514044469677	-0.1334492065197507	0.8795889172611364	0.4192076273857754	-0.007229710353899754	0.12130404422278322	1.0511264020246442	1.9941456603225403	0.5355463040485555	-0.9428534291446592	0.3657829529016099	-0.4401163584073231
0.21888271189868952	-0.09579124552529761	0.8711230691451812	0.4290209716501828	0.036967861250260005	0.08167719564951378	1.0061489953635185	1.9608039133543205	0.4593530590111083	-1.008234670933296	0.4114252451250428	-0.344430882209307
0.21053363943071474	-0.09790291671419728	0.8695806574020738	0.43579821688378656	0.06355571777936177	0.11427501315268297	1.0320607772265922	1.9629153204595713	0.4728041608330568	-1.0010360586748581	0.38729918905133326	-0.3890856859780958
0.21297817670212305	-0.1386910901667693	0.864744526932409	0.4331535303993683	-0.04913450417410529	0.11016662723682179	0.9812453762229568	2.1132810794616597	0.5824133903236023	-0.9685466160086159	0.34679083960551704	-0.27002520171771355
0.2106811137403982	-0.1118497243007507	0.874198812517772	0.4229415369521763	0.003140320210577408	0.1526056683916163	0.9892345682876081	1.9103987003969831	0.4783215374250977	-0.9762190671728767	0.3911271632383342	-0.2881054402795441
0.24627462000194217	-0.11781398575008897	0.8616682099108773	0.42778098640958884	0.011285079192552531	0.09642449735396576	0.9443045230158121	2.0073293640152636	0.491953700348113	-0.98173514523595	0.49058726666515945	-0.3939076543883355
0.2458646772284246	-0.10967711383152916	0.8695040348412579	0.41410653772636946	0.11128839548179024	0.19432912523137646	0.9341869756371595	1.92737471078847	0.4639916638327518	-1.0184270691201451	0.2970072153668015	-0.30118711751854904
0.21741548377535222	-0.09583656614425823	0.8723351709130375	0.4272905447029323	0.013194613793310285	0.10131055313195386	1.018766498042019	2.003032974859518	0.4652544276441346	-1.0189544676242828	0.42939927310547316	-0.31213241204026904
0.22765136532574487	-0.1140206846035463	0.8641467465568987	0.4340789556785606	-0.0691390452429604	0.18453867574514368	0.9556716292762872	1.9551142278094042	0.5103349309281141	-1.0035979698894442	0.3571871602766466	-0.4105970182933558
0.24185434883236476	-0.1050949259055128	0.875031132967237	0.40593354978107116	-0.03611144893238882	0.09477429845926248	0.9454419657295713	2.0077906502847123	0.43823934772804823	-0.9881511752957975	0.5513923320000317	-0.24213801500892496
0.22131166862012797	-0.0879795003766482	0.8706897232801052	0.43032564253186667	-0.035027098422389186	0.13908482756080867	0.9723157920918879	1.9021746423591417	0.44389622949893676	-1.009301556797231	0.44744799833858934	-0.3313221676349335
0.22925873392514223	-0.13566929308960968	0.875145074518891	0.4039249613194647	-0.09665324328115031	0.1433437974374959	0.9537587973284263	2.0591409518560906	0.5072193770964132	-0.9486560953055427	0.2959592505993767	-0.4008869661676604
0.19541966517426648	-0.10716211453813809	0.8688066337937902	0.44215661110832183	-0.12435754495359212	0.12768987512688304	1.0292785570941834	1.9972401243374922	0.5429269077181876	-1.0376669342896852	0.5699341613336505	-0.30170230910606316
0.21283231387043458	-0.13059005190452777	0.868109123580931	0.4289932331304044	-0.09058281404573505	0.10964271357846356	0.9850117660070234	2.0686903907723364	0.5566022003193477	-0.9852915232755699	0.532568844317023	-0.37303634550456916
0.21127875477286184	-0.09355143475788653	0.8708524105353436	0.4338496236037914	0.00919685069983711	0.13471007694909273	1.0588466347825798	1.9849989931086094	0.45052901496708064	-0.9919487075255443	0.2612050139605738	-0.29579993516536734
0.21245828599965	-0.09311097528357098	0.8594030249673615	0.4556514717070291	-0.08307638567823651	0.13116536538413323	0.9879513930614396	1.9970750330681108	0.5140849310149286	-1.0221738089352483	0.37222802111908915	-0.37646027479439986
0.22358222456332777	-0.1201846830698107	0.87923314686061	0.40313236570177763	0.05974525387623988	0.13173495729650517	1.0149724133398297	2.006559354102859	0.4546214863383941	-0.9562377096763247	0.25666311578851897	-0.3460686891630162
0.20702342585075492	-0.10488233610021624	0.8653759276609322	0.44414581000855946	0.0028109636254186384	0.1648252315337143	1.0364738620476996	1.9557136692851307	0.4846517978638805	-0.9655850417880938	0.33068847674008944	-0.3737250730460593
0.22200145416591824	-0.09743877269789485	0.870933225117824	0.42742994432913956	-0.022667799800734457	0.11943086048526645	1.011609107689723	1.9428313692053398	0.45299632940645806	-1.0055475724597436	0.46965294848168865	-0.22609148869126927
0.21530234402227896	-0.13625265871376027	0.8549646525528035	0.4517914967517736	0.052358064151120286	0.1175029022738426	1.025001917304517	2.0246866792756033	0.5796575074325429	-0.9747926973335993	0.3540926307107606	-0.3366453863948562
0.19897973008060263	-0.16287631871954888	0.8592213209830707	0.442286212068074	-0.013113215003974643	0.1036404328402133	1.0011032349415114	2.079750142193226	0.627670654024928	-0.903860898305974	0.4775961586589668	-0.2848679639742127
0.18978896436160458	-0.099252822201428	0.8732819104167585	0.4376159631805698	-0.14342287134973578	0.15256213803792176	1.0563265437263676	1.995216796429504	0.48212026808079517	-0.9676866641121179	0.48078717002130356	-0.4237725769168264
0.2191150539769818	-0.13762989903595507	0.8804995935698946	0.39719903038057297	0.009144702334332887	0.1374628354083751	0.9515005607852979	1.9832222390983592	0.5127917669167829	-0.9744494144106987	0.2916064418131383	-0.31152352932596244
0.24815456262404398	-0.11615059437295196	0.8682340330366045	0.4136399598112736	-0.05845367809624543	0.1400679089394572	0.9156966437156159	2.0050456037692617	0.5079456319738173	-1.0525161696308836	0.4248705584868349	-0.2710364872610587
0.2353097163162143	-0.11902251789505665	0.8704433112602631	0.4156818729790515	0.013054281818268789	0.1715806420684324	0.9409033121533822	2.02905812999746	0.472386071685146	-0.9408285656146994	0.27805739816464753	-0.3686043531683377
0.18952124449940674	-0.11143332185083074	0.8611424947732557	0.45836439255288863	0.032591730539574794	0.13639469335915036	1.0713412902539745	2.009290554017429	0.5625742147763564	-1.0114149003600879	0.3739290341314443	-0.43395309744450444
0.22646244991903314	-0.11333778605177054	0.8690079131792029	0.42508181784390564	0.06492935973174384	0.0940481655890937	0.9600388455031786	2.0048180106520554	0.47776649754373895	-0.953637545072205	0.2799986503751503	-0.22389713188223284
0.19257802434566454	-0.11474145004309079	0.8567213306922894	0.46451766997387994	-0.028155456166799864	0.23531791310419845	1.0703650251741665	1.9969281018378908	0.5680765135604549	-0.998200181488649	0.3506316711628071	-0.40316729293528036
0.22745502259020742	-0.09836590471518501	0.868626382049761	0.4290414547513959	-0.01815438656717188	0.13772532284803216	0.9962213778821805	1.9923684231404315	0.459046169436558	-1.0007285826101067	0.34757386894437214	-0.3728726557359205
0.2117010411223602	-0.09985372593329193	0.8803000407864304	0.41265450536296916	0.029086428171096777	0.11435170113188363	1.0065542797753222	1.9828844210991228	0.45663473546532685	-1.0106899652544832	0.30504798522452	-0.3715919259654503
0.2100550611569482	-0.1170701798610809	0.8638462929274542	0.4426522635942801	0.03474232923938973	0.2035164864889162	1.0050510106217347	2.0192635308879328	0.5407827517335381	-0.9982410990744662	0.2184577434800159	-0.3840521814809165
0.2496770182107204	-0.12223492225523448	0.857269430927662	0.4333695111052728	0.07601898056189	0.16310696842327582	0.9078584414094574	2.021307729414756	0.5154306107196687	-0.9725185805274528	0.2854623681309885	-0.3653670706661243
0.22479458713135905	-0.0978883865428677	0.8809635728469641	0.4047078460978831	0.09306191097216958	0.11360785034961007	1.0335797113112553	1.919391603225145	0.3986758173038359	-0.9776826753487204	0.3307812448566831	-0.34299363017633205
0.21793499747494632	-0.12069134724292656	0.8798199374001173	0.4047898384711948	-0.04393259520451461	0.1181441293448935	0.9926066217826229	2.037339728667391	0.47543849321426357	-0.9603371264776634	0.38932608931326157	-0.2290057810133391
0.23718306627988936	-0.11923205801689939	0.8640184697841269	0.42778498487326605	0.05356378739974712	0.1433328548502772	0.9668898161515984	1.999384815216755	0.5063850669720199	-1.0015900298072316	0.331576185108967	-0.37691446862432204
0.21366247083579268	-0.09994100363843968	0.8550381163248646	0.46181161091911993	-0.009439788265332648	0.1592297910090737	1.015995913422677	1.9893225576872824	0.576932843504388	-1.107734980900331	0.3685201259154582	-0.38936348384610825
0.16674113316368444	-0.12156659146788332	0.8808801652177674	0.4259918929699136	0.06961802974858187	0.12945143793632816	1.126423397116532	2.0746833994988245	0.5369321448096915	-0.9591304613507587	0.40430467280702836	-0.3228430324318077
0.24128278267435935	-0.1267530294990776	0.8602867439338476	0.43083988500302745	0.03682128054447521	0.12824903877461918	0.9683033584396408	2.0979685502770833	0.5365549943526466	-0.9964309787286805	0.30095711097343497	-0.3033389473981225
0.2197823640006802	-0.1034013347416193	0.8609867809170276	0.4468843693105171	0.04647244205110169	0.1748188963906084	0.9970010850485855	1.9578673960005926	0.5130354227715196	-1.0257549872360932	0.21964110413542892	-0.36840008452275036
0.1961720807602395	-0.07293911361045181	0.8738181704200348	0.4389056908718575	-0.07384068552903696	0.11245348052528377	1.0673454210246678	1.9057402116597386	0.4210526523630131	-0.9986287208756761	0.5745660011266247	-0.2975071689754422
0.212576789401851	-0.1387482490003552	0.8642461353649448	0.43432551100953565	0.08744606601256578	0.13545981850899594	0.9830054946137792	2.053290599086331	0.5720020114730997	-0.9633885045372621	0.34253154050804396	-0.3607317870492012
0.22535952884850063	-0.12006931302345024	0.8693908432660472	0.4230319189758736	-0.04287626985503006	0.15501690595893086	0.9720185648807628	2.0659160931985716	0.5051192641555837	-0.969540510669177	0.42998567962395423	-0.4248462338025123
0.2355445323893522	-0.11618915605770189	0.8662534044575393	0.42499869710600685	-0.014777690170404844	0.05519614719092083	0.9743988726076254	2.0071470537414515	0.48788132197323814	-0.9857311646704211	0.4993021651841756	-0.3556879748276458
0.2510129640127717	-0.11541231349958966	0.8613666512927656	0.4262862674669245	0.06938680373507407	0.13442516941659974	0.9981655847996853	2.04028423864996	0.47307123833207965	-0.9912737014325288	0.3671764010021266	-0.33180034152099486
0.2185045254457786	-0.10254158560852088	0.8775917159401605	0.4142146492988993	0.02651223365157517	0.17166700183919312	0.9726045571286277	1.9812170944146013	0.43781357536780097	-0.9501907342990339	0.32353805693894827	-0.44746065754824915
0.21131661514380204	-0.10046423713213538	0.861970304634681	0.4497326085015622	-0.002746681308079308	0.06148555606788586	0.9759122211247725	1.9444989143995912	0.5260299315443613	-1.0323824396308516	0.38930343381827764	-0.28604468146552675
0.17470646094872835	-0.10101548504079971	0.8814541359399829	0.42698024605248514	-0.022169603835231103	0.09004933800357212	1.1200224236119314	2.0068902387910255	0.4694406091049224	-0.9525933181954703	0.4481327844899734	-0.3209085381332568
0.21698972315400608	-0.10629956046799423	0.8786762834591715	0.4117570307550762	0.052911718136429975	0.11867179660770387	0.9874695486019144	2.0351709103476043	0.4518676944706901	-0.9592511302002674	0.4389578428927388	-0.3095843810484992
0.2548176381903618	-0.1055281041269541	0.8707720539872935	0.40704768823960497	0.002361737771977526	0.12343910288459357	0.9239680919951255	2.021710031930552	0.4360937000323069	-0.9871923087127135	0.4517437876664141	-0.4085947301719459
0.20858281466760667	-0.04350441515239189	0.8797156427877898	0.4250893589847355	0.02953966787662497	0.10364059304650065	0.9926950644402102	1.8777350798749628	0.3561018983119676	-1.031871923601142	0.3170934242770784	-0.34873957218773216
0.1839675200128784	-0.09781730983152961	0.872621584728252	0.44172309804218707	-0.022754716001944893	0.13495168477487482	1.0591835301292367	1.9642772486058007	0.501265902392486	-0.9963945718962538	0.3427650260557665	-0.3163726335525402
0.2239117730525398	-0.11907424333386879	0.8718868718092352	0.41892496372219296	-0.01904816176262313	0.1641523384802915	1.0116131000152602	2.014712008132842	0.4699133119626685	-0.9460477576480328	0.2781410181809291	-0.26804010412018103
0.23540821946720486	-0.08681066454318767	0.8606300333113286	0.4431284514578047	-0.10350237372159793	0.12887042135493706	0.976537558539553	1.9535556028588419	0.47005003164719333	-1.0489840601696983	0.34097880202775016	-0.22377873807326043
0.23939340616350893	-0.11228931552695666	0.8594739310381199	0.4374773920670666	0.025591510738399183	0.09273108250245023	0.9786673000717233	2.0412419557413117	0.5013516009844546	-0.9965668527470878	0.4392955132722171	-0.28324275627230283
0.23315712962584167	-0.07628329589419591	0.8560258954843862	0.45501459090045865	-0.047949544521906785	0.13320606739564858	0.9836572651939677	1.9959277302815788	0.4798709220182589	-1.0722132967820768	0.310782102460676	-0.4404303970867362
0.19853702125445852	-0.1192052161605382	0.8579963519562235	0.45849256009376876	-0.061725298201755006	0.11680019517455353	1.0070775886441998	2.0247287893930035	0.5815029802911346	-0.9978600029265067	0.47743307803003	-0.4097976957382019
0.23170944685995426	-0.11320159585439249	0.8638885581973933	0.432657705290801	-0.060831480190020604	0.10195244855045658	0.9696665932599924	2.0309946539364288	0.5102552703241999	-1.0067375628170996	0.41054130276221473	-0.3107773584811893
0.20978435298457243	-0.1129260426526038	0.868537070235484	0.4346050986360243	0.11828657599663511	0.07033648279187875	1.0064042907807556	2.0471216327193367	0.5230078188753968	-0.9990821742538647	0.3277144364849383	-0.2916774796158193
0.1949933596695592	-0.10499429545247732	0.8651566183715019	0.4499531234419909	-0.05447142149359103	0.12803666975112993	1.0478912541358352	2.0092661160727143	0.525894688522291	-0.9964407467392253	0.34937758624303616	-0.344491901521273
0.20863442744467534	-0.07543178671057278	0.8651082698441179	0.4498548684695984	0.09825225514824133	0.12897020221872468	0.9790715118838448	1.948343400665062	0.47661958966774504	-1.0439556887764871	0.330635839949485	-0.2706088939883509
0.2366890444108165	-0.13246675819793177	0.8608679676622715	0.43050806784711426	-0.06713363454868648	0.09273088747786928	0.9534133844377776	2.0237303352697493	0.5385617477254281	-0.9784161891378975	0.5200233182754984	-0.34358330971818446
0.1880942978033486	-0.08084170492652226	0.8760868111515137	0.4365284105356836	-0.08486347762946363	0.08689633631020022	1.039722057287132	2.0104507427708715	0.4827771213775648	-1.044587665587894	0.5106144913144284	-0.27246754419334523
0.20062166596626452	-0.11933219252822153	0.8702867747877733	0.4337184623702612	-0.06134359321023236	0.14114772508564408	1.0245986402014675	2.0011128784916554	0.5225316330672072	-0.9718559505634452	0.5464503206575534	-0.42180866621612406
0.213751148814689	-0.10524545902549273	0.8670832964872458	0.4374933104491142	-0.0442166251938148	0.15945885435094345	0.9614505013391307	1.9698209333777086	0.5125883973209234	-1.0117943922252564	0.45780255604570863	-0.3604526803538093
0.18906538140043452	-0.13127512798523264	0.8548214080852033	0.4650822320919165	0.048201278972749916	0.09883206540670438	1.0307654253743268	2.026534005800111	0.6273841266532655	-1.000145560858714	0.42424791666196704	-0.2505853101684879
0.2301246039123297	-0.07429077676763718	0.8711311101111849	0.4273805519182047	0.11486391231044187	0.13400456657156776	0.9381822188966569	1.9691186819602056	0.41895746214221424	-1.0168416232921598	0.29050345239684444	-0.3466110998889777
0.20650438131617305	-0.125260912145946	0.8555869992648768	0.4578608206371383	0.003445889631627249	0.1235021805210989	1.0183593449305077	2.0686002825031626	0.5689506621350469	-0.956552031176513	0.3740538928494606	-0.35355159628806915
0.20796447523017192	-0.12235152584624788	0.8777758553669285	0.4138724790321184	0.06675117607396283	0.09172791034449962	0.9706891793181077	1.9896279023973957	0.5059647261177179	-0.9726630706608034	0.2709809985129575	-0.3169570836963691
0.2500133471424604	-0.12832802528765147	0.8710380987986198	0.4028869253496338	-0.05600740157949367	0.02809545117889251	0.9555889692438844	2.026664855912201	0.4865248371416993	-0.9993219974234681	0.6644876371858736	-0.30882360017790966
0.207132378618446	-0.09791303568749597	0.8627491946486833	0.4507472044321209	0.09135941395845475	0.17840755168965705	1.0311939915055837	1.975905404993492	0.48269825839269886	-0.968556870097516	0.33443524380525974	-0.379556944082114
0.17127447463996537	-0.07349246383914153	0.87185001427755	0.45292545159208286	-0.010485815942295168	0.0921065033025454	1.0911821071476824	1.9145455136438425	0.4699889642722928	-1.0066708744601902	0.510836891587914	-0.4051291470684672
0.20853881966864943	-0.1149535620699371	0.8652507782552705	0.4411783426090725	0.05057287658919581	0.1335879689111849	1.0751146199730166	2.008177946551601	0.5204186025570088	-1.0055990597556863	0.34850035724104717	-0.271114348911434
0.2171481905234167	-0.11899048238292823	0.8659417499284322	0.4345489778903736	-0.055444345348443454	0.16671644472783198	0.9695205840087807	2.0089062591471305	0.5279863746846291	-0.9865271412412299	0.43106798346267966	-0.3866575105221632
0.22226343429891302	-0.06438121412553618	0.8625401962857205	0.4499760380651013	0.026435049026836074	0.09559298513727728	0.9750269342812632	1.9089688041652346	0.4606055984252053	-1.0913957796399165	0.22108338425822316	-0.363845971413807
