0.21228636044084015	-0.0934376858267476	0.869905885138313	0.4352788198842805	0.11299684786715898	-0.04913483469159111	0.9987573412099537	2.0100808004798654	0.46333849048225767	-0.9815918504893576	0.6703298120351343	-0.4372954580080433
0.23688741061324053	-0.10642892941211364	0.8593846123995936	0.44047170811295655	0.10741853116457482	0.07770255240234743	0.9664175981906655	2.029534807520082	0.5012529372409048	-1.0073291851666892	0.7817368025884143	-0.48920199143874105
0.2305050360374961	-0.11765184450341432	0.8615433209227805	0.43677062403468025	0.10499274799062908	0.017020017258003253	0.9956627333507477	2.004480739464883	0.5291098799606179	-1.029202689788099	0.601941334798598	-0.462412851972594
0.21742567086664685	-0.07544272042000304	0.8696637099514014	0.4367144435181673	0.13079038963726727	-0.042353614147307005	0.9868655765212685	1.9754489651550233	0.44580520271621543	-1.037834400224339	0.7470745167007092	-0.4714199178331459
0.22620583738431632	-0.09605548202547862	0.8567299304113767	0.45345130923113536	0.1150551731951725	-0.03639501493596984	0.9705037617979274	1.9075972089792632	0.5066106046785473	-1.037215915403496	0.5920385686381114	-0.5257437955758287
0.18935911275980616	-0.12744189917333604	0.8715010982288678	0.4340363170701153	0.2757435326215805	-0.04038929568030439	1.0557295511840856	2.0754231017633353	0.5675564336570661	-0.9907977461229683	0.49549694748179607	-0.4348184778036786
0.21869334491253298	-0.10119229155590631	0.8580385820612879	0.4535450724182623	0.2000849231759222	0.01352645692442501	0.9952784409602412	1.9824984128259062	0.5307309366394208	-1.0416491392670022	0.46589637337433015	-0.42830630943365344
0.2237595103549164	-0.11695154290783163	0.8756851405104614	0.41161821245710084	0.13926725124964387	9.264807151551867e-5	0.9676027392239014	2.0502766320750703	0.4691286218419133	-0.9414944505480741	0.5680980720369442	-0.5205991519410472
0.25331542004993457	-0.09915701875116649	0.875738485995071	0.3988499564301932	0.2553613217699257	0.03454114731769676	0.938449944550428	2.0225446613763958	0.41917240815405693	-1.0135634881157478	0.41067703785792853	-0.5240831366153774
0.22195359454382005	-0.10989126702253103	0.8775124171467061	0.410648839100521	0.21680307130055332	0.0014066579157642047	1.014342366515099	2.0095268797552817	0.4546328970805337	-0.9819910674258798	0.5391143371916064	-0.5024612664251272
0.20249594473389157	-0.09785265254037548	0.8687011490971456	0.4413372455554147	0.11475723026166025	-0.0691657690089049	1.028085340196201	1.979181250338895	0.504483206475088	-1.0258824124884087	0.5998029455311505	-0.47802740707929536
0.5455056699063768	-0.18713435678732532	-0.4740174798004534	-0.6653658583466814	-0.20176895870277256	0.4713386435281699	1.643683327293609	1.705744903209514	1.9282713534727907	-0.5058859330671106	4.99886099626831	-1.3061382701436435
0.2074778323004981	-0.08072921034191595	0.8711362983425276	0.43767258700030115	0.10142187367645437	0.02352342615880053	1.0028306353785104	1.9681313764693085	0.4482484711920401	-1.0045521732732539	0.634455152156247	-0.5306418526284101
0.23264202148575477	-0.11670980138839224	0.8736995970256363	0.410981175062976	0.07791086802599932	0.04462561034449299	0.9360757959184351	2.01559801592377	0.4688745900569665	-0.9542677024982644	0.6709933287182702	-0.4346932302977721
0.2014494513151786	-0.09306411344576396	0.8583079230894883	0.4626712639825131	0.17242630105345882	0.006748425264231826	1.0392680841186182	1.9179933947946182	0.5126453883892446	-1.0177230912729731	0.5294325304917162	-0.5160244227765792
0.2429902816177774	-0.1026610695463656	0.8495593807314711	0.4567989562707743	0.17959432427217048	0.03784164899584744	0.9864590101030762	1.9418983306153528	0.508872599530834	-1.0347223371204892	0.5070820490444332	-0.4748629886658419
0.20901706703530834	-0.11284778688330578	0.8649298766305561	0.44212390932333484	0.20220092238128154	0.041695699045997923	1.002984504937633	1.9785420764741608	0.5215990498645692	-0.9895718768928405	0.5026672008981179	-0.5197787410514443
0.2323447069508969	-0.10629223248516698	0.8718158498816062	0.4179174827169039	0.11298944359425965	0.011472302165540765	0.9361449088542017	2.0497676261945346	0.4777432435803007	-0.9957421897478057	0.6018031690893624	-0.5125202488732297
0.23213744654577365	-0.09554944573049402	0.8576912793842925	0.44871837337013387	0.15022694955531415	0.07540170128797023	0.9560002835469279	1.9613454784382625	0.501970405705105	-1.0364042536486207	0.48479777802745616	-0.5928215122076248
0.1991780351675138	-0.09360772191460832	0.8847625493489373	0.41080522875729714	0.13351394745204426	0.07282055702131121	1.0162955578223447	2.0064909316896236	0.43226828886747287	-0.9665298118549724	0.528638623857213	-0.49390485138120416
0.2404507206981916	-0.12199765967497428	0.8513661397680615	0.44997301919779503	0.22623040728387192	0.011516650369524565	1.0036276854381583	1.9972486294837482	0.5482739978981735	-1.0321624608603701	0.5797501543049489	-0.40230947528647015
0.34326718908412207	-0.2102265414493658	-0.7902662963048224	0.46200824569825844	0.09368345282174244	0.07052084431175884	1.9317678091001098	1.4306555229334679	0.8087543908389968	0.5990815022122216	-10.44549411760265	-9.739890894928276
0.21183196654446795	-0.12651404374947256	0.8565537033737283	0.4532517710068115	0.10991513068942417	-0.02866706204186988	1.047489530480142	2.0696437299719697	0.5963222172436928	-1.0387930141234836	0.705229830915003	-0.4967569125894961
0.24647283358898553	-0.10068190232543006	0.8687032336930359	0.41769485107912363	0.2368982493314369	-0.0528697211559987	0.9819563584505898	1.9793265963037676	0.4245672932417471	-0.9853273953101687	0.5133961820862486	-0.3913237599550259
0.22452281712518773	-0.08803164294550293	0.8625275812406898	0.4448439119843837	0.26437555174228394	0.04147955942410533	0.9670142391026504	1.9921075273590352	0.4873056736694331	-1.0387078123194804	0.32629460570081686	-0.5049917115689992
0.2250882398550027	-0.11672249313238854	0.864184828547264	0.4346213593286371	0.041598619595694775	-0.055838257408805825	0.9686350157314276	1.9998786403601971	0.5239281299717415	-1.0063202409890308	0.7583662073594364	-0.47243538754345954
0.2453122467753531	-0.10539086757161259	0.8710061783390625	0.4123868377018261	0.1702560873510921	0.0304027251627746	0.9514553095259091	2.0346309569192873	0.43980738866718744	-0.9749270199727942	0.4905509777021925	-0.47398335057614144
0.8271822655818027	-0.5060519665407963	-0.17350122805596538	0.17198322746774125	-0.09983114804263155	-0.054112852387236184	1.558200221466812	1.7785231796966054	2.0085244629007817	-0.23495881837066315	0.7376412303962132	-0.2438793687221429
0.1956725830400205	-0.10464190645805709	0.8849318272338085	0.40946058761241294	0.18250056290394576	0.024445678897645293	0.9958184883984921	1.983429815902401	0.46542397279093295	-0.9748752318509072	0.5126211177123057	-0.5026029789360158
0.2170858744202315	-0.1062129672980227	0.8828634657606605	0.4026718633453644	0.08403425446989232	0.058269359662996345	0.9750516120137446	1.9674789122661758	0.4489449221009031	-0.9910184063448545	0.6043578686902311	-0.44991752788273415
0.25505407962446985	-0.05697154997976769	-0.1465345208145134	0.9540593761236658	-0.6591154772256577	0.11658142512497231	1.4536302778526993	1.7972692611418655	2.108644659605079	0.04258447501941237	0.4172390091030623	-0.034211397647311494
0.17335900434205956	-0.009064163586674898	0.8744601545283796	0.4529723332546992	0.17161193172749387	0.08060173298275225	1.015670661761366	1.8763483335332183	0.3838317080607714	-1.092149839728083	0.5654395794626302	-0.4395265642730259
0.13624320535795217	-0.12844713395139443	0.8961126410861541	0.4023944051040733	0.044685864704277434	-0.030988068858427753	1.1125787062218617	2.006973916242929	0.5353918092312946	-0.9283494132618305	0.66291099763271	-0.5013363144453536
0.21289111556846727	-0.0957954137664114	0.8701343998073905	0.4340123706591412	0.0024015071480719074	-0.03943757900489877	0.981125534523454	1.9409547988253206	0.4535546008751467	-0.9621656665689206	0.7413342435350305	-0.5182299080793515
0.20149203977367813	-0.11719272125581662	0.8651087395468129	0.4441325171074774	0.09471977146727911	-0.024832849843788866	1.0314222473464068	1.9885539770551697	0.5424688216774567	-0.9998678817925257	0.6503373713093064	-0.48912190055814037
0.20840703372776223	-0.116982468229383	0.8756111821152548	0.4197459567101067	0.12688270950508015	-0.04216056051921135	1.002208509919096	1.979984480667494	0.49253799698886747	-0.9732448934269112	0.6647295469635224	-0.5295727352929562
0.2061259942073892	-0.11246330613504779	0.8758090708284595	0.4216901122148591	0.1415490883514761	-0.07627043161429864	1.0259203684214526	1.9700538577341424	0.4993945886405358	-1.0132663396430683	0.7257701194072267	-0.47515061283888277
0.22269283634549508	-0.0825522897658031	0.8742298857211499	0.4234561689322835	-0.029619879778306043	-0.12020082571311279	0.9699020426774118	2.006067092801115	0.43095170229984503	-1.0086891955228448	1.3297290536191906	-0.7928599322154389
0.2305708844013279	-0.10322605348959162	0.863320009637712	0.43687527980705687	0.06723890559392415	0.0361719149631376	0.9873404360873185	1.9561217827932218	0.5049468363609112	-1.0567316457195757	0.6863497721935202	-0.5300615054561398
0.21712180547814416	-0.09890769917119059	0.8734007080604202	0.42455458046066225	0.061472263123135105	-0.05149294700879262	0.9991256025567149	1.9893756387946095	0.46319884490216934	-1.000402789567448	0.6987717501407381	-0.4904722983097898
0.2210906188895444	-0.12588962258757105	0.8613646829020041	0.43968355008224624	0.14849612422005948	0.000994198988138022	0.9800275090848523	2.0248879687645918	0.5753395943995889	-1.040156525182444	0.5379613208875614	-0.6185341544420158
0.19956171757476165	-0.12281996496405577	0.8671907065788146	0.4393980604283268	0.10822739441709588	-0.018110191528021877	1.0527329773552587	2.0201419780392307	0.550724622993974	-1.0003565073988436	0.6145087233262924	-0.5138319957577032
0.23464194477754965	-0.11291982992324258	0.8534948520722666	0.4513743537766132	0.1443974628141912	0.07312068591676997	0.9950802912961493	2.0166203157520735	0.5317114580837102	-1.0181884285228902	0.5471736346792976	-0.5478311369652965
0.22159194761228737	-0.10580608261301776	0.8657630848604284	0.4360692175887162	0.10797791048712825	0.038888681912960854	0.9617458017390047	2.0374899895489	0.5103269349304514	-1.0075430571781843	0.5530630569615227	-0.4859722619793066
0.1997348852093941	-0.08135964363959086	0.8753550413050913	0.4327125323803216	0.09433566862084969	0.01997382247806846	1.0174218987389452	2.023998928316858	0.4860449205397473	-1.0723162640150874	0.5521757414447662	-0.553669062146746
0.24478664039845005	-0.11065639957671962	0.8699842778492198	0.41347553520169555	0.13943353924138974	-0.09729402368424285	0.9725703030953159	2.0132777653853213	0.44602163339510986	-0.9754433393942719	0.5872725246310341	-0.40938123069986454
0.19223114348485715	-0.10137714537799958	0.8787430506332922	0.42494765893367104	0.17573114059472641	-0.05318782308620745	1.055231550678598	2.0169430224154654	0.4861415786518028	-1.0014644546054254	0.6856163789662366	-0.42202076203034444
0.21240700238880858	-0.11373962446715301	0.8674157149845543	0.4353579453278719	0.10202278891047845	-0.028519036466438927	1.0509418219359024	1.9241513380066722	0.516608419352496	-1.0393503042157675	0.5850216116634622	-0.5722410061560234
0.21786916847353363	-0.09636308974687656	0.8654613253776012	0.4407083782261603	0.04250585146030223	-0.07981908039666892	0.9361300566056017	1.927471855522887	0.477473127254875	-0.9789949101947781	0.8703656711663034	-0.40359117145657336
0.21566741661479885	-0.11514464182829236	0.8715029493679316	0.4251022066655614	0.15307588874848208	-0.025705544481573098	0.9876626683627563	2.0202106485669087	0.47940270065049145	-0.9366949546108985	0.5383442890345683	-0.5156553295172506
0.24712928224826575	-0.11394790476500226	0.8625969254914354	0.42646164773382134	0.12862257618421072	-0.06958451557944709	0.9494211892261689	1.9929482917205068	0.502290212842966	-1.0336486071922986	0.6788245884719961	-0.4907121737838905
0.19222869403340334	-0.1117593932533339	0.8711739168540797	0.4377373342576344	0.11694626546536369	-0.019294638177886986	0.9940222480360184	1.9864686808740901	0.5305706845058581	-0.9852767212767607	0.7118273885772038	-0.4788271125813252
0.19516877345256992	-0.10517604077565564	0.8731544644740674	0.4341064748247618	0.25623093828400484	-0.00046947957346472934	0.96980962745148	2.0093972351014893	0.5004911038537297	-0.9558534040885152	0.4783379533394903	-0.5352175680219418
0.1994514111619011	-0.09148281871727548	0.8766290093578503	0.4282191126250004	0.21949640488443367	-0.0768817879937807	1.0579954277615096	1.8905151523485444	0.4558523152764315	-1.0220991468049117	0.60650859710217	-0.47988658307050014
0.07288938630200104	-0.22092262154619222	-0.9384211936430191	0.25543295788775305	0.05973510196540407	-0.001092907984607855	1.5393837834305488	1.2717221138986121	-0.08404280747790165	0.3518727303475664	11.493135450283878	-1.808543038517943
0.23279106519526055	-0.07670774833030827	0.8657424455966207	0.43636482351781347	0.18695641445132563	-0.03715892406268908	0.9861382382801351	1.9575624250112276	0.4209013323942894	-1.0170299942249423	0.4295293377743616	-0.4685708788517431
0.1250359551962737	-0.19979604857327946	0.8887027484549532	0.39326196583355416	-0.0030124470736358714	-0.0008093200570994614	1.1056517230527212	2.0631029263274083	0.684479950085022	-0.8501854966327846	0.7775133229352079	-0.44116123555394077
0.24196282463802918	-0.08916261373966441	0.8655759118460346	0.4292812139334814	0.12298339882334158	0.03873307754340274	0.9864246363010503	1.9615985489811973	0.4322047059216833	-1.0200372291553523	0.6370003070729379	-0.5635593031197448
0.18420909912044475	-0.11081698414271386	0.8564571167191478	0.4693269766888234	0.1557000204751163	0.05254405240995494	1.025002273584141	1.9447392254379359	0.601780035267031	-1.041285559287688	0.6348454624439291	-0.5034061574738641
0.18146838383155964	-0.09865213690394554	0.8905578689944278	0.4052698650602467	0.1409770319564014	-0.09650382064322695	1.1050883295579068	1.9798956301115815	0.4169865494054158	-0.9291791561668346	0.6631210837960291	-0.3772537337238931
0.2082104845326516	-0.10866358895376475	0.8756497331511663	0.4219930845389023	0.0857671011322686	-0.0043910786309941845	0.9996612788794641	2.004369728514454	0.49006170180558195	-0.9939981595322936	0.671419556370496	-0.5178268959445265
0.8229689891560606	0.45726602122404447	-0.3226189822457722	-0.09770783497798703	0.339882709748041	-0.117014424597061	0.30056303898652276	1.203157859749221	2.4972503304979106	-0.08334124111554672	0.12157902258919086	-0.37330671856769615
0.2022643988498032	-0.09049359572961811	0.8685566639898289	0.44329374406674343	0.0865375949402808	0.04427592279828002	1.0057265847378651	1.9834381682362552	0.5108535436814559	-1.054920100417981	0.65453893220888	-0.4712949942953661
0.22139489217442096	-0.1264984487146195	0.8633237549244095	0.4354934424019371	0.09224168547903183	-0.03872801572783518	0.9977808287254293	2.0399439146960003	0.5360046523605625	-0.9772808175962548	0.7425718131763328	-0.46244754608085614
0.18889947442347152	-0.09695220404091943	0.8801340478293151	0.42459547400523345	0.10635080867409126	0.015707017103253215	1.0228491210879038	2.015518596951591	0.44392010768236767	-0.9150259863830185	0.5994078682036367	-0.5460008812246497
0.22323560347485658	-0.11808008292235603	0.8506218391379163	0.46115663948369495	0.07263580879162666	-0.0518089802156785	1.010732602021999	2.002369945312925	0.5650307147933604	-1.018783898445553	0.555618309484185	-0.4995293237014184
0.2061037213343015	-0.12138647191686819	0.8661225381156372	0.43888304758312824	0.18747896028739838	-0.02000183052741891	1.0038568567441717	2.038278194157084	0.5606005758546486	-1.0140014091843887	0.5684317669210459	-0.49940178680558
0.2049823174152922	-0.1086803460934976	0.8846126379272181	0.40451367435415875	0.024309384449667317	-0.023053116099701176	1.0153119317693828	2.0275353979247623	0.44892272384695675	-0.9514893643396463	0.6685441193264802	-0.4462367634360301
0.23090714036501594	-0.10611187847978061	0.8658567845619182	0.43094569310069586	0.027382791553610588	0.009581295172846583	1.0227236622645552	2.0462607316251313	0.4401276160906848	-0.928444384097103	0.8354955388748836	-0.45796439368610464
0.21637422164799427	-0.126535831516127	0.8653307694693229	0.4340202057028873	0.2083046428809239	0.05294387535359202	1.0166750897797763	1.983264309606376	0.5404536105883683	-1.0061730206624453	0.6150105471443338	-0.4913641880041995
0.2058038677272754	-0.11435173608321077	0.8682733068203162	0.4366576612708893	0.03792516925698277	0.07261585471986559	1.0338362140430926	2.0363357481280593	0.5112472193533723	-0.9705801929983062	0.5539946709995336	-0.5721605476729161
0.2282145379033699	-0.12829929688874392	0.8623027150243757	0.4334644654051767	0.1925920832615328	0.01467074683342484	1.0103105660744696	2.0850774626697617	0.5332460416180933	-0.9755657724433929	0.6120623293381215	-0.5447222120733273
0.2010588247741106	-0.07311053803245646	0.8811489146098149	0.4216714224262812	0.06490261712226515	-0.03221713591352656	1.0479310188793536	1.9395781610433036	0.40619865768615626	-1.0121949457010662	0.6224763527837843	-0.4292953635082472
0.4926000648587784	-0.06384980865700268	-0.8666804118576593	0.046189195033355994	0.4292271923082367	0.11080698766356395	2.0145391440718865	1.7564509278269316	1.009457094115733	-0.11553280563736922	0.4228454704922002	0.19983160889422547
0.2047831263538037	-0.09548943722918639	0.8727436234648088	0.4327403450568612	0.08577018017130873	-0.003960253606083121	0.9599941885701772	1.990426122934585	0.4950137246154485	-1.0134160532678378	0.6828716072877324	-0.5129534548200257
0.2160383789077835	-0.1204514435418879	0.8636248793024343	0.43928457341161936	0.094936054187502	0.01223331099106118	1.0220769111156316	1.9937243504667672	0.5245192744837672	-0.9871704683552972	0.6222578010885017	-0.5053169632672134
0.2369918565442652	-0.08729363980039583	0.8558689991476428	0.451334617196724	0.1980525445253836	0.04259739801401231	0.9336274398199264	1.9741001115767844	0.4764610843080647	-1.0119409639127228	0.5253332611618365	-0.5184396860811157
0.20037481711010996	-0.13894737874594662	0.875236784129117	0.4177369151930937	0.07881203169902527	-0.0058408628189922365	1.018478162489659	2.0293717176200445	0.5346495452219903	-0.9337131320820363	0.6596770569537718	-0.5045978567164694
0.2193966208666485	-0.1134835270297666	0.879302852198479	0.40720155446756334	-0.006728298707690592	-0.08999227715161372	0.9960544831529156	1.9898205140634333	0.4757423881495889	-1.0094283089361724	0.7681239175070882	-0.44969278053616346
0.20097032286127273	-0.12709971635166914	0.87843003995486	0.4145084514666308	0.1514690533372238	-0.023962268840240775	1.0464585395681785	2.058545618161299	0.5081563197233688	-0.9530476911455602	0.537065464028814	-0.5126950539816907
-0.256642581303967	-0.5832222098200093	-0.6966772474236277	0.3295864869143443	-0.5564849331289126	-0.001646024273463325	0.6419900764693687	0.09654852299343758	0.050485291051178445	0.7774687285745154	-0.5523982077477149	0.21738248443008057
0.21630811963737298	-0.1000627262082889	0.8740497593540051	0.42336186221235683	0.06418670201659697	-0.0021981418757645106	0.9810233457532718	2.0052718159901524	0.48918169819237534	-1.0372202489717943	0.7552247395175504	-0.43958253887134374
0.21789164414986317	-0.11072481224457464	0.862039815061205	0.4440164463308952	0.14143861606848782	0.02857332571821172	1.0247202523407672	1.966177906707818	0.5009682740838489	-0.9851614798820437	0.6073872081270338	-0.5450357772302363
0.2091633650438864	-0.10861938873985763	0.8706743912077938	0.43171590150032146	0.1556481496891042	0.0013441887284919567	1.0303130506458253	1.9890638684180117	0.5008047553131814	-1.00874375278382	0.5631076560429631	-0.4661057516371611
0.21421428877086474	-0.11164745727233956	0.8696339168053278	0.4305623468359001	0.08831818909000642	0.007720180298085584	0.9699287764650936	2.004033846138835	0.5264213152683814	-1.0261490660603512	0.6073794634914634	-0.4558659584877149
0.18944001696672824	-0.08630193137426263	0.8671441215525415	0.45246605294716746	0.06637305179127663	0.01820023532935619	1.0854545168727174	1.9824346135672173	0.4822338371843577	-1.0005321289814872	0.6044141171412903	-0.5774328710235253
0.23346745610308445	-0.12096320713018072	0.8850082641889996	0.3842150722950744	0.06462036646649102	0.029081144485208366	1.0334813695541278	2.0321805563458923	0.43753616302475273	-0.9960262792113724	0.527673607648059	-0.37375243784289913
0.21515050945053965	-0.11066287131084339	0.86460044871784	0.4403748985504542	0.13373418441213156	-0.062282933389374316	1.044874073632689	2.009377998636868	0.5018259726494161	-0.9907935555430034	0.6851036022149009	-0.4321999154221538
0.19417333818421906	-0.10393400673045983	0.8791982158320298	0.4224984429097048	0.08674848131442899	-0.04272337173627422	1.0186987409814818	1.985898175008912	0.47673021679358607	-0.9717009465498286	0.5533859500463864	-0.5270097002660922
0.2097193070795677	-0.11284521186495544	0.8768876509267273	0.4175545689480903	0.15902482864855247	-0.08331688644754646	0.9980654673048494	2.028430591275371	0.5029076908795236	-1.0092296754106667	0.7261351685106474	-0.42522722104241034
0.0701278324989324	0.4500608330624895	0.41709634896859155	-0.7864845639484418	-0.31210958680612405	-0.0714802403118231	1.287264737000462	0.9276614809280386	1.2210329607090815	1.2931793213342053	0.5718407388359675	-0.6926746860968159
0.22217680771691672	-0.10874482821190973	0.8697269528453762	0.42706797578860833	0.16735496806069272	-0.0027690924628846207	0.9876099869569499	2.0306023980747163	0.47465996930338533	-0.9633854966678156	0.5839302846183476	-0.43842225841137616
0.19500611820901426	-0.09310763749047468	0.8680772050520017	0.4469290187167301	0.0816898072452081	0.03739829701236232	0.9960445430435422	1.9812223801442599	0.5087147362431624	-1.0099400402472447	0.6827927329208908	-0.46993817065084936
0.45520325297374237	-0.5700808378422212	0.5004797812184523	0.466173600066289	-0.10030287122197405	0.0901914302528617	1.1950720846064082	2.098057570832051	1.7637753997423182	-0.4948204033401295	0.6230039110098708	-0.8188811789988754
0.21533393759958774	-0.09689810408176829	0.8648752205531349	0.4429818344090216	0.1696270200400277	0.07387733692789901	1.0018478796233403	2.012472534630712	0.5077485227568617	-1.0381152353371725	0.5166216797286017	-0.4969651207166059
0.9174340537943992	-0.0029879418307006125	-0.36169937509136135	-0.16576909000326395	-0.0026221286462362815	-0.005160242121572337	0.9179811503830523	1.8170660625164026	2.3388239143689726	-0.05545827554689112	0.5908746502260266	-0.1648291017520958
0.22154238888662328	-0.13152483205813348	0.8663736291028389	0.42780477238299297	0.210934145815899	-0.03323447822935296	0.97777964738152	2.012993655838065	0.5221980022906444	-0.945009478202591	0.5374749014946981	-0.4585587180562885
0.20324898037678163	-0.12611223092610205	0.8581318809343655	0.45430742026813503	0.08879225660026296	-0.0070963178522041835	0.9643467655537015	2.009526478908359	0.586991234898529	-0.9823579850408026	0.5408819382049469	-0.4467978375733695
0.2642386533462943	-0.12376391174695844	0.8629913399511588	0.4124395415041231	0.05663515054668112	-0.09361237362915759	0.919047898725884	2.038578340573681	0.4938445674872326	-1.0104005372319242	0.7382761209952697	-0.3925927696556049
0.1700941336754467	-0.12212921272334025	0.8860940353131199	0.4135091313033946	-0.03089298998852222	0.04305035074290122	1.0677011357529542	2.009176001779521	0.5366932539482806	-0.9958457415646652	0.7977138980356298	-0.42522283208314904
0.18180319677508774	-0.10207976951910627	0.8786019489653872	0.4296346512695501	0.18854382571933695	0.023221043920893646	1.0876225095717347	1.9980990651679187	0.4914207117172089	-0.9904483981803518	0.6386395195069995	-0.49302860891846784
0.2145461365411991	-0.07703056804179853	0.8794399902285267	0.4178774347452274	-0.41627609125514997	0.48191166912837563	0.9880036828319896	1.9545601774656673	0.3981176115071628	-0.9848151789353933	0.6074804142820089	-0.668578966048622
0.19990254771739738	-0.08529134677489168	0.8649588366430152	0.4523389973179191	0.19175946537765257	0.0013779685196869923	1.0758898103514238	1.9982386774273668	0.4893058986249111	-1.0343351110302614	0.5921376697198354	-0.5438619874650242
0.18619879915801732	-0.10107267784387657	0.8878700288852662	0.4084129439585099	0.08971422751283419	-0.053934299613366765	1.0497105429718392	1.964716138063761	0.4582959662180964	-0.9886635084042913	0.6480314492713656	-0.5279690740228227
0.21640611479765598	-0.1069566461960433	0.8692000344641317	0.4315321186194957	0.18088113201291636	-0.027003955941360056	1.0167385083067213	1.984205253854497	0.5048494380922807	-1.0349626846983133	0.6092173931399127	-0.5117701606261741
0.22786083702368218	-0.1144647275680876	0.8662329805426328	0.42967160543123767	0.19787828369651503	-0.05373929980288086	1.0207330044043177	1.9761867648088791	0.4901767413806576	-1.0030652510771336	0.5884735708889746	-0.5295963763807012
0.20396687084863258	-0.07426983054916872	0.8906399789052636	0.3995521691119279	0.15590442037914445	0.05617626812326185	0.98959229505148	1.9282690557351523	0.35378503056992516	-0.935364512747807	0.4111372484398436	-0.49917875585708393
0.21305015064357652	-0.09671767076065853	0.8564505928094791	0.4601605236758953	0.18921387050887803	-0.009506484170400578	0.9671332013356091	1.9818061921654873	0.5417679560194807	-1.039571318957065	0.6404998915551162	-0.5414676085585899
0.22563001207816216	-0.11596942271810524	0.86837856837221	0.4260995806567624	0.12085547090194466	0.09394120241780994	0.9997517118787635	1.9973989836837385	0.47440129161222033	-0.9525864765446607	0.5118896984102648	-0.4691863303569994
0.21328711324702032	-0.10399791585575131	0.8586145791621422	0.4543941518886769	0.12350583214553217	0.025467222912855567	1.0686126485144107	1.9787604544404571	0.5547499649442058	-1.0969567926001913	0.6468566896592277	-0.5132025082402141
0.20195810523117624	-0.08448589109956052	0.8953258829663533	0.38790027226990464	0.28828781384985047	0.0376696122066104	1.021551869780629	1.8962380798622136	0.34699506296541066	-0.9197698551456645	0.3838730530650962	-0.4604340358832295
0.2029305120423859	-0.15147549262890742	0.8699906387910206	0.4230728906831976	0.18114111471777897	-0.0477614262900845	1.0663561914488189	2.07452766883047	0.5617857114301295	-0.923964701830455	0.5550959078941339	-0.5071363863017333
0.20425207403223133	-0.091251590885174	0.8611547394405832	0.45647207160293823	-0.07618591051403041	0.0825990804213274	0.9766951891969178	2.010590982549825	0.4913652107473963	-0.9620826763900331	0.6831458546405301	-0.37233075568314566
0.21718379428230186	-0.0729573719525461	0.8857969647808133	0.40357422931106396	0.28393980711157346	0.06670615191081046	0.9824426460328801	2.003846338650763	0.39170555398926415	-1.026197461577108	0.46106424055560713	-0.5314324991769767
0.22184432800344575	-0.1080152922315789	0.8649846034476751	0.43694327615297424	0.07089156917583198	-0.10093297925876638	1.0434247844291504	2.0612004544554887	0.5009526953868069	-1.0119232710159731	0.8124141842392708	-0.42624857494989454
0.21001362935324655	-0.12251279461792058	0.872790488071146	0.42322766281673385	0.05048451789275383	0.008665618192904215	0.9679590465525092	2.0487464509990567	0.5092300990539891	-0.937410667605639	0.6871698972349091	-0.5530492833750174
0.4962659202042683	0.20796997016413135	-0.39015837417638144	-0.7471579960181006	0.7523729049059867	-0.10105306311410744	1.2375531935100252	1.7178451873689815	2.2892022312807287	0.10474928521460593	0.49680076082989055	-0.672323812526765
0.7831645155817748	0.03479357221639295	0.22335457088146637	0.579271511928856	-0.016631468583773377	-0.013145815979149019	0.20338657974683244	1.7237841034256614	1.743481563809183	-1.050761728966876	0.26752921402823177	-0.7748273608609976
0.20135799800876125	-0.1392170956342629	0.8581139854096915	0.45134681229112505	0.18086610091156094	-0.07366831314841531	1.0171255378303108	2.031832947064001	0.6001075458737424	-0.9679943366902075	0.6395308408694006	-0.48419628008068366
0.20884425349973704	-0.1129978676765123	0.8674969251183589	0.4371094194717058	0.14787974295886355	-0.06109164149595048	1.0134686982942573	1.9556101171406255	0.5136668113956309	-0.9981064248065511	0.8001953774672662	-0.46882355215617794
0.19414036923175385	0.6897608174728912	0.12695512369982884	0.6858731138337821	1.026356873174537	-0.2348895140135554	1.1044566153643334	0.6456192995286734	1.9381904605185065	-1.3206607786858524	0.10420047406699566	-0.08760158617724105
0.23248620537261694	-0.1261361125803104	0.8605535748240901	0.43530149353298553	0.11457841192000706	-0.031720568296124345	1.0156316891327155	2.016637105488992	0.5464495561902967	-1.0383578238226336	0.6682890506102837	-0.46508172857190894
0.23367209918564172	-0.10528830205960468	0.8653074522745514	0.43076064879432274	0.19058391123275678	-0.033416800424243304	0.9845075361948944	2.02407670089284	0.47724831997706363	-0.9980179773530433	0.5881610889638869	-0.4709419188855309
0.1919510282862332	-0.1202183496194507	0.8549178452676659	0.4667095767150322	0.173491960159461	0.08479359953992958	1.0320675595428763	2.014252648227713	0.5935737102553528	-0.9929366799571155	0.6226002174460286	-0.49496039423376703
0.2054232890009977	-0.09666247747399816	0.8766778321970036	0.4241386758113008	0.2603484700945744	0.0016841122436465868	0.9789533289338265	1.9475517165406375	0.4767181812399279	-1.0156416402084385	0.371085138415653	-0.4707848857446521
0.1974778745058913	-0.10679564351205172	0.8716396436609042	0.43570805731151485	0.13808988090320248	-0.021385047454640264	1.0294514685454865	1.9661730153312067	0.5253648710163487	-1.035656827730015	0.6392824397042299	-0.5586577247484265
0.23556269034239505	-0.11867613751927078	0.856923491265314	0.442841194357329	0.23409496602549673	0.04688591034346242	0.9752044065736353	2.0417964805795874	0.548072809444351	-1.0321210512734147	0.42517040538421397	-0.524669247183363
0.19816476254367713	-0.11530231626452297	0.8748119786996531	0.4267787537748822	0.10930702938527699	-0.040787238882182456	1.0556601816301252	1.9990695891314174	0.5030714363896455	-0.9812817770561613	0.6583664906639739	-0.5508109136152002
0.20208082174394415	-0.09247459763383913	0.8827284002336075	0.41400768313736386	0.18281996127578373	-0.020961165936387586	1.0359552375800154	1.967657113504176	0.4205259588023348	-0.9627806655595088	0.5791388774739215	-0.4738945219896136
0.1731875449964663	-0.12946525146863236	0.8931745958242966	0.3943145499399753	0.028347735236567227	-0.015235131601255744	1.1049276884871004	2.0430050982230505	0.5038144734206744	-0.9557238851568244	0.7225318544820875	-0.4956570828232882
0.22717515999741603	-0.09111521209561384	0.8648055351034779	0.43840717519140493	0.14722192446982407	0.07646225309444131	0.9848303296418295	2.005725656201852	0.4574241443611251	-0.9957861681417967	0.47793818648012004	-0.5568712304561123
0.221508216892291	-0.12758835907117846	0.8607447910361712	0.4401973707132059	0.08124424557360259	0.0006953511716828348	0.9732234882431874	1.9578266559155852	0.5428351872733593	-0.9837034425704709	0.6241424806020716	-0.5549936587450968
0.1954496710482447	-0.1511553673752732	0.8555142995734293	0.4550239161034988	0.21424532868202176	-0.019997602483014094	1.1120684258267135	2.050743904356116	0.6218709412723952	-0.965645819819279	0.47969969714118627	-0.46798853333542306
0.7374222569450188	-0.5817765484941239	-0.33581995301115275	-0.07049412559898878	0.09257172701705607	-0.04361280360122171	1.8968334857349316	1.4441601984453722	1.7348002459841387	-0.3403381843645572	-2.607398221519516	1.3950818967808842
0.22159108623757054	-0.12006929334364003	0.8661503143050551	0.4315835820849385	0.11677035919357452	-0.06331919178334686	0.9773724978812968	1.9746671948939074	0.5146813592242306	-0.9853747396716057	0.8123839630739402	-0.3981291011044284
0.23286578111009618	-0.10787619270034256	0.8766106328778207	0.407050430981236	0.13481143067410437	0.0231079197373779	0.9548640457289211	2.0106448849974905	0.4628584808835772	-1.0101969715782932	0.6055815269365875	-0.5214712139712597
-0.6161326059932762	-0.7407620815368536	0.03464383481306039	-0.2654278717440341	-0.34615542529885995	-0.15434878202403987	0.15983417191510632	0.2271925554940048	2.2643672928592493	-0.7095272531060738	-0.26848222433977825	-0.8972137913226699
0.20045122296907794	-0.1084188819611489	0.8706897992155583	0.43584851357606585	0.16284663415460351	-0.04532217266161139	1.027513239863134	1.9651287462304834	0.5082115263291787	-0.9989796964491838	0.6154928142029741	-0.5056778371169147
0.23445594316798224	-0.11857558803333906	0.8644911083427694	0.4285153022145765	0.057801191952949194	-0.05264907559244203	0.9924582491570588	2.0503473516434947	0.5259045604207675	-1.0366173763042617	0.6837787392540501	-0.5112272090423492
0.20104968460217398	-0.09694494863085672	0.8727218202796236	0.43420885028307216	0.15374309776189213	0.06286444195211842	1.0318360767744204	1.992521348127605	0.483543652439134	-1.0047803823285488	0.4148556553698494	-0.5547178770692399
0.2364129328529048	-0.11816992773140256	0.8611518378951819	0.4342376140428109	0.1506547917261523	0.048017088137424134	0.9368983096563657	2.044277085810277	0.5038909197537408	-0.9530482388876022	0.5101976021254045	-0.5246264617378006
0.3800004268905747	0.26385777161298335	0.8650661706575811	-0.19400843359565764	-0.04562377775270731	0.24377507113798802	0.34394888549163666	1.0444691748121038	-0.39110851919142203	0.35028004727302514	0.04761781271569055	-0.7143152370517414
0.1934479284994723	-0.08820024839607132	0.8857821343454388	0.41253924130508285	0.10625399197535913	-0.004681090981585778	1.0653662141182358	1.980448640276562	0.4463220172019396	-1.0344734548375711	0.6363529557340878	-0.4800497667148573
0.216644771396982	-0.10660780832717218	0.8714617193555736	0.4269125085165038	-0.01307225980649332	0.03158255388700606	1.0001749924590069	2.024127937030715	0.5066946668734038	-1.0364180861716459	0.765437755679654	-0.5343160203945215
0.20704099089933442	-0.12115768446954388	0.859525797903119	0.4512984005294136	0.10708089584365031	-0.11015573690866902	0.9843569848051904	2.0589340250549015	0.5615872016023036	-0.9684174675076286	0.802698323638355	-0.4467713771392065
0.24383110432562746	-0.07457573150660822	0.8511747306562645	0.45878800194189334	0.044394685964878305	-0.03418089150827537	0.9711521676156262	1.943153077596794	0.4386981183999779	-1.0141803929177053	0.2581650495695201	0.009257067710088116
0.2114819837931941	-0.11712756186666233	0.8607578313456877	0.44794247460933534	0.01908553783929143	0.00433191202523227	0.9633033172808187	1.9820365363970536	0.5711609833083313	-1.0340646513595382	0.5890746528857297	-0.49701213808602124
0.23454054224460075	-0.1233334863592616	0.8633368071790173	0.42945214233488094	0.01811442618838089	-0.015699249136719363	1.0006121244120216	2.027591108471807	0.5055421935512264	-0.9804757543011623	0.687529203758923	-0.5085238182423447
0.204982499004381	-0.12197303285396949	0.8797079434105605	0.41136199223881353	0.18338575340210228	0.013875132242608418	1.0254329425732192	2.0389448940605135	0.49125176926208	-0.9569615220679077	0.5814097173882324	-0.47047411376493553
0.19989344459750275	-0.09194509896158147	0.8631476866975275	0.45449398294432536	0.2304276301924112	-0.10037605385714933	1.0348473887839469	1.9779627123384453	0.5145956369349269	-1.0322848773797135	0.5475269382195295	-0.4134220948567106
0.20318643029606598	-0.11380349361430976	0.8658511977495869	0.44279311505524266	0.15914382477848008	-0.02119645116594555	0.9822736552874355	2.0043394322261627	0.541815397618785	-0.9950817748100848	0.5954426067766785	-0.43688431076011763
0.23120295365020346	-0.09249023334693142	0.8706628094978394	0.42418984324967157	0.17352915231203794	0.04586579261863072	0.9450828002866803	2.018321466262236	0.4480803286807085	-0.9947380778942272	0.5760753131889916	-0.5819088822178283
0.26626777637198656	-0.07657400583315287	0.8433525149147307	0.4604285270088953	0.1451269719555023	-0.06738461376632217	0.9796994219470465	1.981268652103878	0.4820114998394188	-1.1199443336597361	0.5222194418946083	-0.344062430679205
0.23350823967863923	-0.12248302768613642	0.8545796244416324	0.44739856439221964	0.17904981109247653	-0.04170556810965483	0.9592861795020201	2.0210602533684745	0.5428390262351995	-0.9842562188938474	0.5452823579864016	-0.5108245278444227
0.21248892715516554	-0.11551904660387424	0.87204296075303	0.4254936900933643	0.06380039684101016	-0.0515352295273926	0.9997485061100571	2.0162597281446466	0.4955774140291948	-0.9675440341060395	0.8280341553252649	-0.43398996218131974
0.15683011813566006	-0.11055783430806142	0.8862739078905454	0.42154458780903276	0.06225360177072514	-0.025438838508105636	1.0953128633995468	1.9929341422083313	0.5097579005050511	-0.9565505080631547	0.6512086152114399	-0.472463640667675
0.22783392605746192	-0.0998566234762625	0.8840403027326821	0.3957184605618884	0.1644160928257409	0.01156829230395679	0.9402395082440479	1.9901859714032253	0.43101424085994483	-1.0020234254735672	0.6420256657738044	-0.39631195081287846
0.2223254982448534	-0.12943953300201688	0.8704030699002918	0.4197800329155082	0.24795120806394133	0.015938180951779807	1.0012601866266069	1.9984159190228548	0.5019114913800327	-0.9547784983819518	0.5729665683974341	-0.5366189516520231
0.24016601922463693	-0.11593983923033378	0.85931798516984	0.4364067337389309	0.15099035694298044	0.025612571620079832	0.9599065007977193	2.0299387849919652	0.5114917704421518	-0.9961354643359285	0.5046659219664015	-0.5606148512802882
0.24994694099478343	-0.0955077486195873	0.8614737381104558	0.4315875289984244	0.16719319414337064	-0.02508205095626707	0.9230826560807472	1.9584201823216967	0.4540641018343238	-1.0075399626725192	0.6050596066690818	-0.4924001579524084
0.22242287246370337	-0.11213379479437713	0.8653491083257647	0.43488504065995615	0.12759192649480885	-0.0057047040307971085	1.0289382067213355	2.0274792436960314	0.51075648034315	-1.0197939074374078	0.5277191787732692	-0.49782699183060686
0.2281874856742547	-0.0862472733402432	0.8646562938223504	0.43915984877540015	0.11237107099616633	0.016779142845231684	0.9411361873053313	1.9493804003109496	0.4732594667130589	-1.037967231758725	0.6225386461721373	-0.5045207515130917
0.20814446633430764	-0.10447845691344414	0.8624248031646548	0.449425847122524	0.12885654151764028	-0.044608889509767456	1.0025424349910121	2.0269224987677887	0.5520346563825338	-1.0524368103290833	0.58565951478611	-0.43863837150577867
0.20910133558406951	-0.09612941647712	0.8697646085765917	0.4365149395064674	0.0919996597885875	-0.037825850205786264	1.057524094155354	1.9631865536875348	0.4487618795904852	-0.968413414859442	0.6751503185208225	-0.4060758387400491
0.20099687064501234	-0.08146587064935354	0.8574805220686103	0.46657338563531314	0.14179320584441477	-0.07490523639250936	0.9929800790264868	1.9390891611030958	0.5486290839294508	-1.0974802052495511	0.5682575810468206	-0.44674953286723884
0.2276554735582269	-0.09207743168288199	0.8610324903436597	0.44532884760170116	0.021625390613876846	0.016185699313693604	0.9317260870755989	2.0145789779907877	0.509404833149835	-1.0446873135427974	0.7042853134956544	-0.4936864030147452
0.21941142076580009	-0.07812024766411724	0.8780171265695123	0.418140862381384	0.19508016749952128	-0.003986555590889041	0.9970650133345896	1.9531583756956923	0.3906073347789154	-0.9784888338930148	0.47984453661567533	-0.44476976736430335
0.22234486318415814	-0.12225446035981029	0.8585066970496507	0.44562636800199434	0.10956571823203302	0.008959232268093443	0.9631389370728409	2.044844833557858	0.5656148179450998	-1.0092349443267428	0.5709508467071384	-0.497027642098603
0.21373423263820754	-0.11926512477195646	0.858378342236166	0.45086597719452887	0.13561678184712495	0.04218918449299527	0.9709988900121781	2.0093861109340616	0.5697103920576029	-1.0134121943419578	0.5915342746782632	-0.4824778928645404
0.22852589220814595	-0.0836820121617342	0.8670308956688687	0.4347765672005258	0.2148333783913687	-0.025718748134593492	0.9562077807135488	1.9215527157036145	0.436237581564348	-1.0026996219557123	0.5732597217746579	-0.4306700762833864
-0.47224017409027486	0.46272934629685447	0.648348802039681	0.377511060691714	-0.2897782960272273	0.26947937692620744	2.0696122814629305	1.1047373413980062	1.1415704957375807	-0.7257434697958188	1.0538307816158756	-0.8637862756148763
0.19351145328085775	-0.1031498294195785	0.8806306179539883	0.4200037438664313	0.12517360814238043	0.06016348059119228	1.0445939111304268	1.961408240422724	0.4785608294071338	-1.002984581663085	0.5768605551991782	-0.5740802413957996
0.24388836008624926	-0.08591447331241933	0.8619651215781705	0.4360657063707478	0.06173022738809028	0.07798257126411029	0.9559167417583307	2.0128699070014333	0.45184527864947327	-1.0312142702257783	0.5629830502500969	-0.5330377165498782
0.17147344894211608	-0.11720596803732414	0.8803044814463793	0.4265250723108205	0.035881950674282535	0.03781044674406285	1.0290361743926717	2.019551019704972	0.5395852469997876	-0.9723889347307868	0.4559077467615808	-0.4918737623316507
0.17772105621583084	-0.07207696200220327	0.8742959696440666	0.4458998712605824	0.2539162670238429	-0.07442292615181768	1.1415448561161279	1.9596764888878477	0.4520691113010501	-1.0246049868550329	0.5799815662255006	-0.49886980143747844
0.22570117545821541	-0.11376737244429279	0.8631554193470266	0.4371254813160178	0.10423743286828413	-0.05719344299147868	1.0467332590250684	2.0331278298179893	0.5127879479764049	-1.0238730783564634	0.6802498813116834	-0.4455152440602576
0.21466166998022418	-0.07720352553169561	0.8660273011994424	0.4449232480596947	0.16537161979138512	0.034130636003709726	0.9927267747751227	1.9985826454511346	0.45642334700179377	-1.0205756664787198	0.46524799558789137	-0.4947272923691437
0.2097116880665175	-0.12497349326558022	0.870644149943765	0.4270613516088626	0.19389010550381988	0.03334184405034907	0.9636234373404532	1.9984427879406241	0.5347716603463252	-0.9786100696459065	0.5578945557603162	-0.5119557595129224
0.20063070278785128	-0.08779546446037167	0.8883410130834403	0.4035957408012719	0.08200250521723194	0.08281630661414534	0.9895304564513115	1.9403507794034613	0.4377112550353509	-1.0332444339532842	0.5667243040750471	-0.4438756054317568
0.19815552420600072	-0.10722788545928333	0.8776645398831925	0.42301480380502055	0.07517104046254207	-0.007488133385346864	1.0265985725962254	1.998013268079373	0.4836800543930507	-0.9779616909729497	0.7265191226335962	-0.4424697923648995
0.20135235468841844	-0.08973658410765682	0.8816644177053753	0.4172198812213534	0.1902577143249943	-0.03256139164515454	1.0263865967910093	1.9626513321640027	0.43377585982310624	-0.9898580848985026	0.6090200633663473	-0.47010348344294445
0.22304442244307449	-0.11626706089422142	0.859967252422981	0.44406022218627444	0.10379700241559132	0.012821869690844881	1.0320324027922918	2.0127779928754923	0.5181547712107776	-0.9948322380963465	0.5924780678135085	-0.5380548394091024
0.20568122717680606	-0.0870145548674974	0.8779411461664406	0.4234891307887501	0.03725326179918249	0.013238982768404869	1.0744852265280898	2.0156490170741304	0.44026953487976916	-1.0204308603044365	0.6572676132896681	-0.4969882816773845
0.1895151716839923	-0.11790087709169826	0.8812851130423559	0.41655723785875715	0.21181854656771534	-0.07462223363785565	1.0533860812331473	2.018547088329927	0.5063168196931623	-0.97910589585353	0.5564481117637653	-0.4524763963569966
0.23530759888559355	-0.10947931838575564	0.8562732002114297	0.44658797493009567	0.055916597524327184	0.049444606043183785	0.9975109946768361	1.994450050789984	0.5030313036938813	-1.0011534887273574	0.6172009530865656	-0.5328061894701447
0.21950566619909764	-0.0904147314645405	0.8700908103316277	0.43195418810000785	0.11879729170446235	0.02786492384596855	1.0204308771661366	1.9354957165395397	0.4508139523617509	-1.0215021021115165	0.5997954691364664	-0.5173845567243471
0.23879937916365968	-0.07320694404844683	0.8602029683100956	0.4445969558652406	0.03143258163974335	-0.024902426859246252	0.9687925492281354	1.9628631498924614	0.44316037251275003	-1.0545724800691416	0.622146925595593	-0.4916260264798246
0.24263422793887732	-0.11558478594414005	0.8616943167342467	0.4304087513035159	0.1619119114478554	-0.01247556355416203	0.9337472173733311	2.0246582412831917	0.5134711377679242	-1.010654420136626	0.6354744602546613	-0.5149734854410906
0.18670604488894152	-0.09300798572442463	0.8670503668191206	0.4524533443265089	0.024293377056458315	0.026654945072012774	1.0720280368832462	1.9566137884824741	0.5039387821765944	-1.0058798749453046	0.6618815990920262	-0.5158697742440158
0.17111998479789417	-0.08160846106400971	0.8870686071760894	0.4209124565134716	0.3486906535786433	-0.02521863000527348	1.116863340049067	1.9780906279042203	0.4359525359144307	-0.9892995756405901	0.45796377419842704	-0.5029099450184303
0.20654548460305056	-0.1050010967368277	0.8726987375407623	0.4297797644944604	0.07379727259725442	0.023487418221959697	1.017221336337705	1.982201247446695	0.4888268383322684	-0.9971798791414713	0.5485133424950169	-0.5094600292389945
0.22509252612896896	-0.1443615632108522	0.8725143623875692	0.40891537165483555	0.09522311026966879	-0.016360731729660398	0.9775871860973857	2.046837728584505	0.5457124821010622	-0.9799212287821307	0.672168347658569	-0.4854760869332047
0.2393118483411516	-0.09301142082833785	0.8607689249037321	0.43949467887462385	0.08663524399663579	0.03371941591292204	0.950513216153638	1.9884954846741516	0.4709938325922879	-1.0192003697379872	0.6798314230532813	-0.5467189008777574
0.18079945417310953	-0.10953624952883241	0.869495897294673	0.446419367856721	0.04257757287401959	-0.03040853178572966	1.0341878578320964	2.0006713926051876	0.5527352415588412	-1.0045164176040422	0.6836873841812899	-0.438675291173577
0.18856930594914312	-0.14085146649469465	0.8572339181153799	0.45798743527820357	0.024014240938148152	0.014397795070824141	1.035729949333459	2.068917368057305	0.6331180789826472	-0.9751951460284286	0.7567046105212909	-0.5153807398374874
0.2197700620424738	-0.12102184092271372	0.8695935441566705	0.4252786166862441	0.0930189025867328	-0.056944518735189104	0.9876473136289248	1.9932969921838437	0.5028297306970783	-0.9713169468416682	0.774434705561838	-0.49814486513026274
0.2048553304739293	-0.07524264305120186	0.8713358980128513	0.43948446056399376	0.061903112190281	0.016981949118326598	1.0311172349904714	1.9464161530640114	0.4360288679817061	-1.0118764398835012	0.7066797214328052	-0.47752540795534043
0.22060656915636168	-0.10582469580416413	0.8668637855281106	0.4343743233006406	0.18816816914802117	0.07398792024859482	1.0149233282777856	2.003839422358672	0.48370740096901066	-0.9925805040970851	0.48373660020823506	-0.4714777558166952
0.03864594274456047	-0.21078492191707576	0.8467710372607145	0.4868829615607946	0.2718040437595753	0.07941704851998556	1.2134060765709191	2.0350405212052975	0.9266981603014584	-0.826971898002029	0.4453600623002676	-0.41955989520509945
0.17998839517058332	-0.12460018417080203	0.8677285395708119	0.44623553570152374	0.1049414325805671	0.024316299471352536	1.1223741610075788	2.0337635356033847	0.581718430900634	-1.0160120858566668	0.6285695138070252	-0.5064666616371359
